0.0,1.0,0.0,1.0,0.23999999999999999,0.28789999999999999,0.81000000000000005,0.0,4.0,0.0,6.0,0.0,16.0
0.0,1.0,1.0,1.0,0.22,0.2727,0.80000000000000004,0.0,4.0,0.0,6.0,0.0,40.0
0.0,1.0,2.0,1.0,0.22,0.2727,0.80000000000000004,0.0,4.0,0.0,6.0,0.0,32.0
0.0,1.0,3.0,1.0,0.23999999999999999,0.28789999999999999,0.75,0.0,4.0,0.0,6.0,0.0,13.0
0.0,1.0,4.0,1.0,0.23999999999999999,0.28789999999999999,0.75,0.0,4.0,0.0,6.0,0.0,1.0
0.0,1.0,5.0,2.0,0.23999999999999999,0.2576,0.75,0.089599999999999999,4.0,0.0,6.0,0.0,1.0
0.0,1.0,6.0,1.0,0.22,0.2727,0.80000000000000004,0.0,4.0,0.0,6.0,0.0,2.0
0.0,1.0,7.0,1.0,0.19999999999999998,0.2576,0.85999999999999999,0.0,4.0,0.0,6.0,0.0,3.0
0.0,1.0,8.0,1.0,0.23999999999999999,0.28789999999999999,0.75,0.0,4.0,0.0,6.0,0.0,8.0
0.0,1.0,9.0,1.0,0.32000000000000001,0.34850000000000003,0.76000000000000001,0.0,4.0,0.0,6.0,0.0,14.0
0.0,1.0,10.0,1.0,0.38,0.39390000000000003,0.76000000000000001,0.25370000000000004,4.0,0.0,6.0,0.0,36.0
0.0,1.0,11.0,1.0,0.35999999999999999,0.33329999999999999,0.81000000000000005,0.28360000000000002,4.0,0.0,6.0,0.0,56.0
0.0,1.0,12.0,1.0,0.41999999999999998,0.42420000000000002,0.77000000000000002,0.28360000000000002,4.0,0.0,6.0,0.0,84.0
0.0,1.0,13.0,2.0,0.45999999999999996,0.45450000000000002,0.71999999999999997,0.29850000000000004,4.0,0.0,6.0,0.0,94.0
0.0,1.0,14.0,2.0,0.45999999999999996,0.45450000000000002,0.71999999999999997,0.28360000000000002,4.0,0.0,6.0,0.0,106.0
0.0,1.0,15.0,2.0,0.44,0.43939999999999996,0.77000000000000002,0.29850000000000004,4.0,0.0,6.0,0.0,110.0
0.0,1.0,16.0,2.0,0.41999999999999998,0.42420000000000002,0.81999999999999995,0.29850000000000004,4.0,0.0,6.0,0.0,93.0
0.0,1.0,17.0,2.0,0.44,0.43939999999999996,0.81999999999999995,0.28360000000000002,4.0,0.0,6.0,0.0,67.0
0.0,1.0,18.0,3.0,0.41999999999999998,0.42420000000000002,0.88,0.25370000000000004,4.0,0.0,6.0,0.0,35.0
0.0,1.0,19.0,3.0,0.41999999999999998,0.42420000000000002,0.88,0.25370000000000004,4.0,0.0,6.0,0.0,37.0
0.0,1.0,20.0,2.0,0.39999999999999997,0.40909999999999996,0.87,0.25370000000000004,4.0,0.0,6.0,0.0,36.0
0.0,1.0,21.0,2.0,0.39999999999999997,0.40909999999999996,0.87,0.19399999999999998,4.0,0.0,6.0,0.0,34.0
0.0,1.0,22.0,2.0,0.39999999999999997,0.40909999999999996,0.93999999999999995,0.22390000000000002,4.0,0.0,6.0,0.0,28.0
0.0,1.0,23.0,2.0,0.45999999999999996,0.45450000000000002,0.88,0.29850000000000004,4.0,0.0,6.0,0.0,39.0
0.0,1.0,0.0,2.0,0.45999999999999996,0.45450000000000002,0.88,0.29850000000000004,4.0,0.0,7.0,0.0,17.0
0.0,1.0,1.0,2.0,0.44,0.43939999999999996,0.93999999999999995,0.25370000000000004,4.0,0.0,7.0,0.0,17.0
0.0,1.0,2.0,2.0,0.41999999999999998,0.42420000000000002,1.0,0.28360000000000002,4.0,0.0,7.0,0.0,9.0
0.0,1.0,3.0,2.0,0.45999999999999996,0.45450000000000002,0.93999999999999995,0.19399999999999998,4.0,0.0,7.0,0.0,6.0
0.0,1.0,4.0,2.0,0.45999999999999996,0.45450000000000002,0.93999999999999995,0.19399999999999998,4.0,0.0,7.0,0.0,3.0
0.0,1.0,6.0,3.0,0.41999999999999998,0.42420000000000002,0.77000000000000002,0.29850000000000004,4.0,0.0,7.0,0.0,2.0
0.0,1.0,7.0,2.0,0.39999999999999997,0.40909999999999996,0.76000000000000001,0.19399999999999998,4.0,0.0,7.0,0.0,1.0
0.0,1.0,8.0,3.0,0.39999999999999997,0.40909999999999996,0.70999999999999996,0.22390000000000002,4.0,0.0,7.0,0.0,8.0
0.0,1.0,9.0,2.0,0.38,0.39390000000000003,0.76000000000000001,0.22390000000000002,4.0,0.0,7.0,0.0,20.0
0.0,1.0,10.0,2.0,0.35999999999999999,0.34850000000000003,0.81000000000000005,0.22390000000000002,4.0,0.0,7.0,0.0,53.0
0.0,1.0,11.0,2.0,0.35999999999999999,0.33329999999999999,0.70999999999999996,0.25370000000000004,4.0,0.0,7.0,0.0,70.0
0.0,1.0,12.0,2.0,0.35999999999999999,0.33329999999999999,0.66000000000000003,0.29850000000000004,4.0,0.0,7.0,0.0,93.0
0.0,1.0,13.0,2.0,0.35999999999999999,0.34850000000000003,0.66000000000000003,0.1343,4.0,0.0,7.0,0.0,75.0
0.0,1.0,14.0,3.0,0.35999999999999999,0.34850000000000003,0.76000000000000001,0.19399999999999998,4.0,0.0,7.0,0.0,59.0
0.0,1.0,15.0,3.0,0.33999999999999997,0.33329999999999999,0.81000000000000005,0.16420000000000001,4.0,0.0,7.0,0.0,74.0
0.0,1.0,16.0,3.0,0.33999999999999997,0.33329999999999999,0.70999999999999996,0.16420000000000001,4.0,0.0,7.0,0.0,76.0
0.0,1.0,17.0,1.0,0.33999999999999997,0.33329999999999999,0.56999999999999995,0.19399999999999998,4.0,0.0,7.0,0.0,65.0
0.0,1.0,18.0,2.0,0.35999999999999999,0.33329999999999999,0.46000000000000002,0.32840000000000003,4.0,0.0,7.0,0.0,53.0
0.0,1.0,19.0,1.0,0.32000000000000001,0.28789999999999999,0.41999999999999998,0.44780000000000003,4.0,0.0,7.0,0.0,30.0
0.0,1.0,20.0,1.0,0.30000000000000004,0.2727,0.39000000000000001,0.35820000000000002,4.0,0.0,7.0,0.0,22.0
0.0,1.0,21.0,1.0,0.26000000000000001,0.2273,0.44,0.32840000000000003,4.0,0.0,7.0,0.0,31.0
0.0,1.0,22.0,1.0,0.23999999999999999,0.21210000000000001,0.44,0.29850000000000004,4.0,0.0,7.0,0.0,9.0
0.0,1.0,23.0,1.0,0.22,0.2273,0.46999999999999997,0.16420000000000001,4.0,0.0,7.0,0.0,8.0
0.0,1.0,0.0,1.0,0.22,0.19699999999999998,0.44,0.35820000000000002,4.0,0.0,1.0,1.0,5.0
0.0,1.0,1.0,1.0,0.19999999999999998,0.16670000000000001,0.44,0.41790000000000005,4.0,0.0,1.0,1.0,2.0
0.0,1.0,4.0,1.0,0.16,0.13639999999999999,0.46999999999999997,0.3881,4.0,0.0,1.0,1.0,1.0
0.0,1.0,5.0,1.0,0.16,0.13639999999999999,0.46999999999999997,0.28360000000000002,4.0,0.0,1.0,1.0,3.0
0.0,1.0,6.0,1.0,0.14000000000000001,0.1061,0.5,0.3881,4.0,0.0,1.0,1.0,30.0
0.0,1.0,7.0,1.0,0.14000000000000001,0.13639999999999999,0.5,0.19399999999999998,4.0,0.0,1.0,1.0,64.0
0.0,1.0,8.0,1.0,0.14000000000000001,0.12119999999999999,0.5,0.28360000000000002,4.0,0.0,1.0,1.0,154.0
0.0,1.0,9.0,1.0,0.16,0.13639999999999999,0.42999999999999999,0.3881,4.0,0.0,1.0,1.0,88.0
0.0,1.0,10.0,1.0,0.17999999999999999,0.16670000000000001,0.42999999999999999,0.25370000000000004,4.0,0.0,1.0,1.0,44.0
0.0,1.0,11.0,1.0,0.19999999999999998,0.18179999999999999,0.40000000000000002,0.32840000000000003,4.0,0.0,1.0,1.0,51.0
0.0,1.0,12.0,1.0,0.22,0.21210000000000001,0.34999999999999998,0.29850000000000004,4.0,0.0,1.0,1.0,61.0
0.0,1.0,13.0,1.0,0.23999999999999999,0.21210000000000001,0.34999999999999998,0.28360000000000002,4.0,0.0,1.0,1.0,61.0
0.0,1.0,14.0,1.0,0.26000000000000001,0.24239999999999998,0.29999999999999999,0.28360000000000002,4.0,0.0,1.0,1.0,77.0
0.0,1.0,15.0,1.0,0.26000000000000001,0.24239999999999998,0.29999999999999999,0.25370000000000004,4.0,0.0,1.0,1.0,72.0
0.0,1.0,16.0,1.0,0.26000000000000001,0.24239999999999998,0.29999999999999999,0.25370000000000004,4.0,0.0,1.0,1.0,76.0
0.0,1.0,17.0,1.0,0.23999999999999999,0.2273,0.29999999999999999,0.22390000000000002,4.0,0.0,1.0,1.0,157.0
0.0,1.0,18.0,1.0,0.23999999999999999,0.2576,0.32000000000000001,0.1045,4.0,0.0,1.0,1.0,157.0
0.0,1.0,19.0,1.0,0.19999999999999998,0.2576,0.46999999999999997,0.0,4.0,0.0,1.0,1.0,110.0
0.0,1.0,20.0,1.0,0.19999999999999998,0.2273,0.46999999999999997,0.1045,4.0,0.0,1.0,1.0,52.0
0.0,1.0,21.0,1.0,0.17999999999999999,0.19699999999999998,0.64000000000000001,0.1343,4.0,0.0,1.0,1.0,52.0
0.0,1.0,22.0,1.0,0.14000000000000001,0.1515,0.68999999999999995,0.1343,4.0,0.0,1.0,1.0,20.0
0.0,1.0,23.0,1.0,0.17999999999999999,0.21210000000000001,0.55000000000000004,0.1045,4.0,0.0,1.0,1.0,12.0
0.0,1.0,0.0,1.0,0.16,0.18179999999999999,0.55000000000000004,0.1045,4.0,0.0,2.0,1.0,5.0
0.0,1.0,1.0,1.0,0.16,0.18179999999999999,0.58999999999999997,0.1045,4.0,0.0,2.0,1.0,2.0
0.0,1.0,2.0,1.0,0.14000000000000001,0.1515,0.63,0.1343,4.0,0.0,2.0,1.0,1.0
0.0,1.0,4.0,1.0,0.14000000000000001,0.18179999999999999,0.63,0.089599999999999999,4.0,0.0,2.0,1.0,2.0
0.0,1.0,5.0,1.0,0.12,0.1515,0.68000000000000005,0.1045,4.0,0.0,2.0,1.0,4.0
0.0,1.0,6.0,1.0,0.12,0.1515,0.73999999999999999,0.1045,4.0,0.0,2.0,1.0,36.0
0.0,1.0,7.0,1.0,0.12,0.1515,0.73999999999999999,0.1343,4.0,0.0,2.0,1.0,94.0
0.0,1.0,8.0,1.0,0.14000000000000001,0.1515,0.68999999999999995,0.16420000000000001,4.0,0.0,2.0,1.0,179.0
0.0,1.0,9.0,1.0,0.16,0.1515,0.64000000000000001,0.22390000000000002,4.0,0.0,2.0,1.0,100.0
0.0,1.0,10.0,2.0,0.16,0.13639999999999999,0.68999999999999995,0.32840000000000003,4.0,0.0,2.0,1.0,42.0
0.0,1.0,11.0,1.0,0.22,0.21210000000000001,0.51000000000000001,0.29850000000000004,4.0,0.0,2.0,1.0,57.0
0.0,1.0,12.0,1.0,0.22,0.2273,0.51000000000000001,0.16420000000000001,4.0,0.0,2.0,1.0,78.0
0.0,1.0,13.0,1.0,0.23999999999999999,0.2273,0.56000000000000005,0.19399999999999998,4.0,0.0,2.0,1.0,97.0
0.0,1.0,14.0,1.0,0.26000000000000001,0.2576,0.52000000000000002,0.22390000000000002,4.0,0.0,2.0,1.0,63.0
0.0,1.0,15.0,1.0,0.28000000000000003,0.2727,0.52000000000000002,0.25370000000000004,4.0,0.0,2.0,1.0,65.0
0.0,1.0,16.0,1.0,0.30000000000000004,0.28789999999999999,0.48999999999999999,0.25370000000000004,4.0,0.0,2.0,1.0,83.0
0.0,1.0,17.0,1.0,0.28000000000000003,0.2727,0.47999999999999998,0.22390000000000002,4.0,0.0,2.0,1.0,212.0
0.0,1.0,18.0,1.0,0.26000000000000001,0.2576,0.47999999999999998,0.19399999999999998,4.0,0.0,2.0,1.0,182.0
0.0,1.0,19.0,1.0,0.23999999999999999,0.2576,0.47999999999999998,0.1045,4.0,0.0,2.0,1.0,112.0
0.0,1.0,20.0,1.0,0.23999999999999999,0.2576,0.47999999999999998,0.1045,4.0,0.0,2.0,1.0,54.0
0.0,1.0,21.0,1.0,0.22,0.2727,0.64000000000000001,0.0,4.0,0.0,2.0,1.0,48.0
0.0,1.0,22.0,1.0,0.22,0.2576,0.64000000000000001,0.089599999999999999,4.0,0.0,2.0,1.0,35.0
0.0,1.0,23.0,1.0,0.19999999999999998,0.2273,0.68999999999999995,0.089599999999999999,4.0,0.0,2.0,1.0,11.0
0.0,1.0,0.0,1.0,0.19999999999999998,0.2576,0.64000000000000001,0.0,4.0,0.0,3.0,1.0,6.0
0.0,1.0,1.0,1.0,0.16,0.19699999999999998,0.73999999999999999,0.089599999999999999,4.0,0.0,3.0,1.0,6.0
0.0,1.0,2.0,1.0,0.16,0.19699999999999998,0.73999999999999999,0.089599999999999999,4.0,0.0,3.0,1.0,2.0
0.0,1.0,4.0,1.0,0.23999999999999999,0.2273,0.47999999999999998,0.22390000000000002,4.0,0.0,3.0,1.0,2.0
0.0,1.0,5.0,1.0,0.22,0.2273,0.46999999999999997,0.16420000000000001,4.0,0.0,3.0,1.0,3.0
0.0,1.0,6.0,1.0,0.19999999999999998,0.19699999999999998,0.46999999999999997,0.22390000000000002,4.0,0.0,3.0,1.0,33.0
0.0,1.0,7.0,1.0,0.17999999999999999,0.18179999999999999,0.42999999999999999,0.19399999999999998,4.0,0.0,3.0,1.0,88.0
0.0,1.0,8.0,1.0,0.19999999999999998,0.18179999999999999,0.40000000000000002,0.29850000000000004,4.0,0.0,3.0,1.0,195.0
0.0,1.0,9.0,1.0,0.22,0.19699999999999998,0.37,0.32840000000000003,4.0,0.0,3.0,1.0,115.0
0.0,1.0,10.0,1.0,0.22,0.19699999999999998,0.37,0.32840000000000003,4.0,0.0,3.0,1.0,57.0
0.0,1.0,11.0,1.0,0.26000000000000001,0.2273,0.33000000000000002,0.32840000000000003,4.0,0.0,3.0,1.0,46.0
0.0,1.0,12.0,1.0,0.26000000000000001,0.2273,0.33000000000000002,0.32840000000000003,4.0,0.0,3.0,1.0,79.0
0.0,1.0,13.0,1.0,0.28000000000000003,0.2576,0.29999999999999999,0.29850000000000004,4.0,0.0,3.0,1.0,71.0
0.0,1.0,14.0,1.0,0.30000000000000004,0.28789999999999999,0.28000000000000003,0.19399999999999998,4.0,0.0,3.0,1.0,62.0
0.0,1.0,15.0,1.0,0.30000000000000004,0.28789999999999999,0.28000000000000003,0.19399999999999998,4.0,0.0,3.0,1.0,62.0
0.0,1.0,16.0,1.0,0.30000000000000004,0.31819999999999998,0.28000000000000003,0.089599999999999999,4.0,0.0,3.0,1.0,89.0
0.0,1.0,17.0,1.0,0.23999999999999999,0.2273,0.38,0.19399999999999998,4.0,0.0,3.0,1.0,190.0
0.0,1.0,18.0,1.0,0.23999999999999999,0.24239999999999998,0.38,0.1343,4.0,0.0,3.0,1.0,169.0
0.0,1.0,19.0,1.0,0.23999999999999999,0.2576,0.38,0.1045,4.0,0.0,3.0,1.0,132.0
0.0,1.0,20.0,1.0,0.22,0.2273,0.46999999999999997,0.16420000000000001,4.0,0.0,3.0,1.0,89.0
0.0,1.0,21.0,1.0,0.19999999999999998,0.19699999999999998,0.51000000000000001,0.19399999999999998,4.0,0.0,3.0,1.0,43.0
0.0,1.0,22.0,1.0,0.17999999999999999,0.19699999999999998,0.55000000000000004,0.1343,4.0,0.0,3.0,1.0,42.0
0.0,1.0,23.0,1.0,0.19999999999999998,0.2576,0.46999999999999997,0.0,4.0,0.0,3.0,1.0,19.0
0.0,1.0,0.0,1.0,0.17999999999999999,0.24239999999999998,0.55000000000000004,0.0,4.0,0.0,4.0,1.0,11.0
0.0,1.0,1.0,1.0,0.16,0.2273,0.64000000000000001,0.0,4.0,0.0,4.0,1.0,4.0
0.0,1.0,2.0,1.0,0.16,0.2273,0.64000000000000001,0.0,4.0,0.0,4.0,1.0,2.0
0.0,1.0,4.0,2.0,0.16,0.19699999999999998,0.64000000000000001,0.089599999999999999,4.0,0.0,4.0,1.0,1.0
0.0,1.0,5.0,2.0,0.14000000000000001,0.18179999999999999,0.68999999999999995,0.089599999999999999,4.0,0.0,4.0,1.0,4.0
0.0,1.0,6.0,2.0,0.14000000000000001,0.16670000000000001,0.63,0.1045,4.0,0.0,4.0,1.0,36.0
0.0,1.0,7.0,2.0,0.16,0.2273,0.58999999999999997,0.0,4.0,0.0,4.0,1.0,95.0
0.0,1.0,8.0,1.0,0.16,0.2273,0.58999999999999997,0.0,4.0,0.0,4.0,1.0,219.0
0.0,1.0,9.0,2.0,0.17999999999999999,0.24239999999999998,0.51000000000000001,0.0,4.0,0.0,4.0,1.0,122.0
0.0,1.0,10.0,1.0,0.19999999999999998,0.2576,0.46999999999999997,0.0,4.0,0.0,4.0,1.0,45.0
0.0,1.0,11.0,1.0,0.22,0.2576,0.44,0.089599999999999999,4.0,0.0,4.0,1.0,59.0
0.0,1.0,12.0,1.0,0.26000000000000001,0.28789999999999999,0.34999999999999998,0.0,4.0,0.0,4.0,1.0,84.0
0.0,1.0,13.0,1.0,0.26000000000000001,0.2727,0.34999999999999998,0.1045,4.0,0.0,4.0,1.0,67.0
0.0,1.0,14.0,1.0,0.28000000000000003,0.2727,0.35999999999999999,0.16420000000000001,4.0,0.0,4.0,1.0,70.0
0.0,1.0,15.0,1.0,0.28000000000000003,0.2727,0.35999999999999999,0.0,4.0,0.0,4.0,1.0,62.0
0.0,1.0,16.0,1.0,0.26000000000000001,0.2576,0.38,0.16420000000000001,4.0,0.0,4.0,1.0,86.0
0.0,1.0,17.0,1.0,0.22,0.2273,0.51000000000000001,0.16420000000000001,4.0,0.0,4.0,1.0,172.0
0.0,1.0,18.0,1.0,0.22,0.2273,0.51000000000000001,0.1343,4.0,0.0,4.0,1.0,163.0
0.0,1.0,19.0,1.0,0.22,0.2576,0.55000000000000004,0.089599999999999999,4.0,0.0,4.0,1.0,112.0
0.0,1.0,20.0,1.0,0.19999999999999998,0.21210000000000001,0.51000000000000001,0.16420000000000001,4.0,0.0,4.0,1.0,69.0
0.0,1.0,21.0,2.0,0.22,0.21210000000000001,0.55000000000000004,0.22390000000000002,4.0,0.0,4.0,1.0,48.0
0.0,1.0,22.0,2.0,0.22,0.21210000000000001,0.51000000000000001,0.28360000000000002,4.0,0.0,4.0,1.0,52.0
0.0,1.0,23.0,2.0,0.19999999999999998,0.19699999999999998,0.58999999999999997,0.19399999999999998,4.0,0.0,4.0,1.0,23.0
0.0,1.0,0.0,2.0,0.19999999999999998,0.19699999999999998,0.64000000000000001,0.19399999999999998,4.0,0.0,5.0,1.0,17.0
0.0,1.0,1.0,2.0,0.19999999999999998,0.19699999999999998,0.68999999999999995,0.22390000000000002,4.0,0.0,5.0,1.0,7.0
0.0,1.0,2.0,2.0,0.19999999999999998,0.19699999999999998,0.68999999999999995,0.22390000000000002,4.0,0.0,5.0,1.0,1.0
0.0,1.0,4.0,2.0,0.19999999999999998,0.21210000000000001,0.68999999999999995,0.1343,4.0,0.0,5.0,1.0,1.0
0.0,1.0,5.0,3.0,0.22,0.2727,0.55000000000000004,0.0,4.0,0.0,5.0,1.0,5.0
0.0,1.0,6.0,2.0,0.19999999999999998,0.2576,0.68999999999999995,0.0,4.0,0.0,5.0,1.0,34.0
0.0,1.0,7.0,1.0,0.19999999999999998,0.21210000000000001,0.68999999999999995,0.1343,4.0,0.0,5.0,1.0,84.0
0.0,1.0,8.0,1.0,0.19999999999999998,0.19699999999999998,0.51000000000000001,0.25370000000000004,4.0,0.0,5.0,1.0,210.0
0.0,1.0,9.0,1.0,0.19999999999999998,0.18179999999999999,0.46999999999999997,0.29850000000000004,4.0,0.0,5.0,1.0,134.0
0.0,1.0,10.0,1.0,0.22,0.19699999999999998,0.37,0.32840000000000003,4.0,0.0,5.0,1.0,63.0
0.0,1.0,11.0,2.0,0.19999999999999998,0.19699999999999998,0.40000000000000002,0.22390000000000002,4.0,0.0,5.0,1.0,67.0
0.0,1.0,12.0,2.0,0.19999999999999998,0.19699999999999998,0.37,0.25370000000000004,4.0,0.0,5.0,1.0,59.0
0.0,1.0,13.0,2.0,0.19999999999999998,0.18179999999999999,0.37,0.28360000000000002,4.0,0.0,5.0,1.0,73.0
0.0,1.0,14.0,2.0,0.19999999999999998,0.19699999999999998,0.40000000000000002,0.25370000000000004,4.0,0.0,5.0,1.0,50.0
0.0,1.0,15.0,2.0,0.19999999999999998,0.21210000000000001,0.37,0.16420000000000001,4.0,0.0,5.0,1.0,72.0
0.0,1.0,16.0,2.0,0.19999999999999998,0.21210000000000001,0.37,0.16420000000000001,4.0,0.0,5.0,1.0,87.0
0.0,1.0,17.0,2.0,0.19999999999999998,0.2576,0.37,0.0,4.0,0.0,5.0,1.0,187.0
0.0,1.0,18.0,1.0,0.19999999999999998,0.2273,0.40000000000000002,0.089599999999999999,4.0,0.0,5.0,1.0,123.0
0.0,1.0,19.0,1.0,0.16,0.19699999999999998,0.55000000000000004,0.089599999999999999,4.0,0.0,5.0,1.0,95.0
0.0,1.0,20.0,1.0,0.17999999999999999,0.21210000000000001,0.46999999999999997,0.1045,4.0,0.0,5.0,1.0,51.0
0.0,1.0,21.0,1.0,0.17999999999999999,0.19699999999999998,0.46999999999999997,0.1343,4.0,0.0,5.0,1.0,39.0
0.0,1.0,22.0,2.0,0.17999999999999999,0.19699999999999998,0.42999999999999999,0.16420000000000001,4.0,0.0,5.0,1.0,36.0
0.0,1.0,23.0,2.0,0.17999999999999999,0.19699999999999998,0.51000000000000001,0.16420000000000001,4.0,0.0,5.0,1.0,15.0
0.0,1.0,0.0,2.0,0.17999999999999999,0.19699999999999998,0.51000000000000001,0.16420000000000001,4.0,0.0,6.0,0.0,25.0
0.0,1.0,1.0,2.0,0.17999999999999999,0.21210000000000001,0.55000000000000004,0.089599999999999999,4.0,0.0,6.0,0.0,16.0
0.0,1.0,2.0,2.0,0.17999999999999999,0.24239999999999998,0.55000000000000004,0.0,4.0,0.0,6.0,0.0,16.0
0.0,1.0,3.0,3.0,0.17999999999999999,0.19699999999999998,0.55000000000000004,0.16420000000000001,4.0,0.0,6.0,0.0,7.0
0.0,1.0,4.0,3.0,0.17999999999999999,0.19699999999999998,0.55000000000000004,0.16420000000000001,4.0,0.0,6.0,0.0,1.0
0.0,1.0,5.0,2.0,0.16,0.16670000000000001,0.73999999999999999,0.16420000000000001,4.0,0.0,6.0,0.0,5.0
0.0,1.0,6.0,2.0,0.16,0.16670000000000001,0.73999999999999999,0.16420000000000001,4.0,0.0,6.0,0.0,2.0
0.0,1.0,7.0,2.0,0.16,0.18179999999999999,0.73999999999999999,0.1045,4.0,0.0,6.0,0.0,9.0
0.0,1.0,8.0,3.0,0.16,0.18179999999999999,0.93000000000000005,0.1045,4.0,0.0,6.0,0.0,15.0
0.0,1.0,9.0,3.0,0.16,0.18179999999999999,0.93000000000000005,0.1045,4.0,0.0,6.0,0.0,20.0
0.0,1.0,10.0,2.0,0.17999999999999999,0.19699999999999998,0.80000000000000004,0.16420000000000001,4.0,0.0,6.0,0.0,61.0
0.0,1.0,11.0,2.0,0.19999999999999998,0.18179999999999999,0.68999999999999995,0.3881,4.0,0.0,6.0,0.0,62.0
0.0,1.0,12.0,2.0,0.19999999999999998,0.18179999999999999,0.58999999999999997,0.35820000000000002,4.0,0.0,6.0,0.0,98.0
0.0,1.0,13.0,1.0,0.19999999999999998,0.18179999999999999,0.44,0.32840000000000003,4.0,0.0,6.0,0.0,102.0
0.0,1.0,14.0,1.0,0.19999999999999998,0.16670000000000001,0.32000000000000001,0.49250000000000005,4.0,0.0,6.0,0.0,95.0
0.0,1.0,15.0,1.0,0.19999999999999998,0.16670000000000001,0.32000000000000001,0.44780000000000003,4.0,0.0,6.0,0.0,74.0
0.0,1.0,16.0,1.0,0.17999999999999999,0.13639999999999999,0.28999999999999998,0.44780000000000003,4.0,0.0,6.0,0.0,76.0
0.0,1.0,17.0,1.0,0.16,0.12119999999999999,0.37,0.55220000000000002,4.0,0.0,6.0,0.0,69.0
0.0,1.0,18.0,1.0,0.14000000000000001,0.12119999999999999,0.39000000000000001,0.29850000000000004,4.0,0.0,6.0,0.0,55.0
0.0,1.0,19.0,1.0,0.14000000000000001,0.12119999999999999,0.35999999999999999,0.25370000000000004,4.0,0.0,6.0,0.0,30.0
0.0,1.0,20.0,1.0,0.12,0.12119999999999999,0.35999999999999999,0.25370000000000004,4.0,0.0,6.0,0.0,28.0
0.0,1.0,21.0,1.0,0.12,0.1061,0.39000000000000001,0.35820000000000002,4.0,0.0,6.0,0.0,37.0
0.0,1.0,22.0,1.0,0.12,0.1061,0.35999999999999999,0.3881,4.0,0.0,6.0,0.0,34.0
0.0,1.0,23.0,1.0,0.099999999999999992,0.060599999999999994,0.39000000000000001,0.44780000000000003,4.0,0.0,6.0,0.0,22.0
0.0,1.0,0.0,1.0,0.099999999999999992,0.075800000000000006,0.41999999999999998,0.3881,4.0,0.0,7.0,0.0,25.0
0.0,1.0,1.0,1.0,0.099999999999999992,0.060599999999999994,0.41999999999999998,0.4627,4.0,0.0,7.0,0.0,12.0
0.0,1.0,2.0,1.0,0.099999999999999992,0.060599999999999994,0.46000000000000002,0.4627,4.0,0.0,7.0,0.0,11.0
0.0,1.0,3.0,1.0,0.099999999999999992,0.075800000000000006,0.46000000000000002,0.41790000000000005,4.0,0.0,7.0,0.0,4.0
0.0,1.0,4.0,1.0,0.080000000000000002,0.090899999999999995,0.53000000000000003,0.19399999999999998,4.0,0.0,7.0,0.0,1.0
0.0,1.0,5.0,1.0,0.080000000000000002,0.090899999999999995,0.53000000000000003,0.19399999999999998,4.0,0.0,7.0,0.0,1.0
0.0,1.0,6.0,1.0,0.099999999999999992,0.090899999999999995,0.48999999999999999,0.28360000000000002,4.0,0.0,7.0,0.0,1.0
0.0,1.0,7.0,1.0,0.080000000000000002,0.090899999999999995,0.53000000000000003,0.19399999999999998,4.0,0.0,7.0,0.0,6.0
0.0,1.0,8.0,1.0,0.099999999999999992,0.090899999999999995,0.48999999999999999,0.28360000000000002,4.0,0.0,7.0,0.0,10.0
0.0,1.0,9.0,1.0,0.12,0.075800000000000006,0.46000000000000002,0.52239999999999998,4.0,0.0,7.0,0.0,19.0
0.0,1.0,10.0,1.0,0.14000000000000001,0.1061,0.42999999999999999,0.3881,4.0,0.0,7.0,0.0,49.0
0.0,1.0,11.0,1.0,0.16,0.12119999999999999,0.40000000000000002,0.52239999999999998,4.0,0.0,7.0,0.0,49.0
0.0,1.0,12.0,1.0,0.17999999999999999,0.13639999999999999,0.37,0.44780000000000003,4.0,0.0,7.0,0.0,83.0
0.0,1.0,13.0,1.0,0.19999999999999998,0.16670000000000001,0.34000000000000002,0.44780000000000003,4.0,0.0,7.0,0.0,75.0
0.0,1.0,14.0,1.0,0.22,0.18179999999999999,0.32000000000000001,0.4627,4.0,0.0,7.0,0.0,72.0
0.0,1.0,15.0,1.0,0.22,0.19699999999999998,0.34999999999999998,0.35820000000000002,4.0,0.0,7.0,0.0,82.0
0.0,1.0,16.0,1.0,0.19999999999999998,0.16670000000000001,0.34000000000000002,0.44780000000000003,4.0,0.0,7.0,0.0,92.0
0.0,1.0,17.0,1.0,0.17999999999999999,0.1515,0.37,0.3881,4.0,0.0,7.0,0.0,62.0
0.0,1.0,18.0,1.0,0.16,0.13639999999999999,0.40000000000000002,0.32840000000000003,4.0,0.0,7.0,0.0,48.0
0.0,1.0,19.0,1.0,0.16,0.13639999999999999,0.42999999999999999,0.32840000000000003,4.0,0.0,7.0,0.0,41.0
0.0,1.0,20.0,1.0,0.14000000000000001,0.12119999999999999,0.46000000000000002,0.25370000000000004,4.0,0.0,7.0,0.0,38.0
0.0,1.0,21.0,1.0,0.14000000000000001,0.1061,0.46000000000000002,0.41790000000000005,4.0,0.0,7.0,0.0,20.0
0.0,1.0,22.0,1.0,0.14000000000000001,0.12119999999999999,0.46000000000000002,0.29850000000000004,4.0,0.0,7.0,0.0,15.0
0.0,1.0,23.0,1.0,0.12,0.13639999999999999,0.5,0.19399999999999998,4.0,0.0,7.0,0.0,6.0
0.0,1.0,0.0,1.0,0.12,0.12119999999999999,0.5,0.28360000000000002,4.0,0.0,1.0,1.0,5.0
0.0,1.0,1.0,1.0,0.12,0.12119999999999999,0.5,0.28360000000000002,4.0,0.0,1.0,1.0,1.0
0.0,1.0,2.0,1.0,0.12,0.12119999999999999,0.5,0.22390000000000002,4.0,0.0,1.0,1.0,3.0
0.0,1.0,3.0,1.0,0.12,0.12119999999999999,0.5,0.22390000000000002,4.0,0.0,1.0,1.0,1.0
0.0,1.0,4.0,1.0,0.099999999999999992,0.12119999999999999,0.54000000000000004,0.1343,4.0,0.0,1.0,1.0,3.0
0.0,1.0,5.0,1.0,0.099999999999999992,0.1061,0.54000000000000004,0.25370000000000004,4.0,0.0,1.0,1.0,3.0
0.0,1.0,6.0,1.0,0.12,0.12119999999999999,0.5,0.28360000000000002,4.0,0.0,1.0,1.0,31.0
0.0,1.0,7.0,1.0,0.12,0.12119999999999999,0.5,0.22390000000000002,4.0,0.0,1.0,1.0,77.0
0.0,1.0,8.0,2.0,0.12,0.12119999999999999,0.5,0.28360000000000002,4.0,0.0,1.0,1.0,188.0
0.0,1.0,9.0,2.0,0.19749636098981158,0.12119999999999999,0.5,0.25370000000000004,4.0,0.0,1.0,1.0,94.0
0.0,1.0,10.0,2.0,0.14000000000000001,0.12119999999999999,0.5,0.29850000000000004,4.0,0.0,1.0,1.0,31.0
0.0,1.0,11.0,2.0,0.16,0.13639999999999999,0.46999999999999997,0.28360000000000002,4.0,0.0,1.0,1.0,30.0
0.0,1.0,12.0,2.0,0.19999999999999998,0.18179999999999999,0.40000000000000002,0.28360000000000002,4.0,0.0,1.0,1.0,52.0
0.0,1.0,13.0,2.0,0.19999999999999998,0.18179999999999999,0.40000000000000002,0.28360000000000002,4.0,0.0,1.0,1.0,54.0
0.0,1.0,14.0,2.0,0.19999999999999998,0.19699999999999998,0.40000000000000002,0.22390000000000002,4.0,0.0,1.0,1.0,47.0
0.0,1.0,15.0,2.0,0.19999999999999998,0.19699999999999998,0.40000000000000002,0.22390000000000002,4.0,0.0,1.0,1.0,45.0
0.0,1.0,16.0,1.0,0.19999999999999998,0.21210000000000001,0.40000000000000002,0.1343,4.0,0.0,1.0,1.0,74.0
0.0,1.0,17.0,1.0,0.19999999999999998,0.2273,0.40000000000000002,0.1045,4.0,0.0,1.0,1.0,178.0
0.0,1.0,18.0,1.0,0.19999999999999998,0.19699999999999998,0.40000000000000002,0.22390000000000002,4.0,0.0,1.0,1.0,155.0
0.0,1.0,19.0,1.0,0.16,0.16670000000000001,0.46999999999999997,0.16420000000000001,4.0,0.0,1.0,1.0,95.0
0.0,1.0,20.0,1.0,0.16,0.16670000000000001,0.5,0.16420000000000001,4.0,0.0,1.0,1.0,74.0
0.0,1.0,21.0,1.0,0.14000000000000001,0.13639999999999999,0.58999999999999997,0.19399999999999998,4.0,0.0,1.0,1.0,38.0
0.0,1.0,22.0,1.0,0.14000000000000001,0.1515,0.58999999999999997,0.16420000000000001,4.0,0.0,1.0,1.0,24.0
0.0,1.0,23.0,1.0,0.14000000000000001,0.1515,0.58999999999999997,0.16420000000000001,4.0,0.0,1.0,1.0,18.0
0.0,1.0,0.0,1.0,0.14000000000000001,0.16670000000000001,0.58999999999999997,0.1045,4.0,0.0,2.0,1.0,12.0
0.0,1.0,1.0,1.0,0.14000000000000001,0.1515,0.58999999999999997,0.16420000000000001,4.0,0.0,2.0,1.0,3.0
0.0,1.0,2.0,2.0,0.16,0.1515,0.55000000000000004,0.19399999999999998,4.0,0.0,2.0,1.0,3.0
0.0,1.0,5.0,2.0,0.16,0.18179999999999999,0.55000000000000004,0.1343,4.0,0.0,2.0,1.0,6.0
0.0,1.0,6.0,2.0,0.16,0.18179999999999999,0.55000000000000004,0.1343,4.0,0.0,2.0,1.0,27.0
0.0,1.0,7.0,2.0,0.16,0.2273,0.55000000000000004,0.0,4.0,0.0,2.0,1.0,99.0
0.0,1.0,8.0,2.0,0.17999999999999999,0.21210000000000001,0.51000000000000001,0.089599999999999999,4.0,0.0,2.0,1.0,217.0
0.0,1.0,9.0,2.0,0.17999999999999999,0.19699999999999998,0.51000000000000001,0.16420000000000001,4.0,0.0,2.0,1.0,130.0
0.0,1.0,10.0,2.0,0.19999999999999998,0.21210000000000001,0.51000000000000001,0.16420000000000001,4.0,0.0,2.0,1.0,54.0
0.0,1.0,11.0,2.0,0.19999999999999998,0.21210000000000001,0.46999999999999997,0.1343,4.0,0.0,2.0,1.0,35.0
0.0,1.0,12.0,2.0,0.19999999999999998,0.2273,0.51000000000000001,0.1045,4.0,0.0,2.0,1.0,57.0
0.0,1.0,13.0,2.0,0.19999999999999998,0.2273,0.58999999999999997,0.089599999999999999,4.0,0.0,2.0,1.0,52.0
0.0,1.0,14.0,2.0,0.19999999999999998,0.2273,0.58999999999999997,0.089599999999999999,4.0,0.0,2.0,1.0,63.0
0.0,1.0,15.0,2.0,0.16,0.19699999999999998,0.80000000000000004,0.089599999999999999,4.0,0.0,2.0,1.0,47.0
0.0,1.0,16.0,2.0,0.16,0.1515,0.85999999999999999,0.22390000000000002,4.0,0.0,2.0,1.0,76.0
0.0,1.0,17.0,2.0,0.16,0.1515,0.85999999999999999,0.22390000000000002,4.0,0.0,2.0,1.0,136.0
0.0,1.0,18.0,3.0,0.16,0.18179999999999999,0.93000000000000005,0.1045,4.0,0.0,2.0,1.0,95.0
0.0,1.0,19.0,3.0,0.16,0.2273,0.93000000000000005,0.0,4.0,0.0,2.0,1.0,51.0
0.0,1.0,20.0,3.0,0.16,0.1515,0.93000000000000005,0.19399999999999998,4.0,0.0,2.0,1.0,32.0
0.0,1.0,21.0,3.0,0.16,0.19699999999999998,0.85999999999999999,0.089599999999999999,4.0,0.0,2.0,1.0,20.0
0.0,1.0,22.0,3.0,0.16,0.18179999999999999,0.93000000000000005,0.1045,4.0,0.0,2.0,1.0,29.0
0.0,1.0,23.0,3.0,0.16,0.19699999999999998,0.93000000000000005,0.089599999999999999,4.0,0.0,2.0,1.0,19.0
0.0,1.0,0.0,2.0,0.16,0.19699999999999998,0.85999999999999999,0.089599999999999999,4.0,0.0,3.0,1.0,7.0
0.0,1.0,1.0,2.0,0.16,0.18179999999999999,0.85999999999999999,0.1045,4.0,0.0,3.0,1.0,6.0
0.0,1.0,2.0,1.0,0.14000000000000001,0.1515,0.85999999999999999,0.1343,4.0,0.0,3.0,1.0,1.0
0.0,1.0,5.0,1.0,0.14000000000000001,0.1515,0.85999999999999999,0.16420000000000001,4.0,0.0,3.0,1.0,5.0
0.0,1.0,6.0,1.0,0.12,0.1515,0.93000000000000005,0.1343,4.0,0.0,3.0,1.0,16.0
0.0,1.0,7.0,1.0,0.14000000000000001,0.1515,0.68999999999999995,0.1343,4.0,0.0,3.0,1.0,54.0
0.0,1.0,8.0,1.0,0.16,0.16670000000000001,0.58999999999999997,0.16420000000000001,4.0,0.0,3.0,1.0,128.0
0.0,1.0,9.0,1.0,0.16,0.13639999999999999,0.58999999999999997,0.32840000000000003,4.0,0.0,3.0,1.0,81.0
0.0,1.0,10.0,1.0,0.17999999999999999,0.18179999999999999,0.55000000000000004,0.22390000000000002,4.0,0.0,3.0,1.0,39.0
0.0,1.0,11.0,1.0,0.19999999999999998,0.18179999999999999,0.51000000000000001,0.3881,4.0,0.0,3.0,1.0,35.0
0.0,1.0,12.0,1.0,0.19999999999999998,0.1515,0.46999999999999997,0.58210000000000006,4.0,0.0,3.0,1.0,55.0
0.0,1.0,13.0,1.0,0.22,0.19699999999999998,0.44,0.35820000000000002,4.0,0.0,3.0,1.0,49.0
0.0,1.0,14.0,1.0,0.19999999999999998,0.18179999999999999,0.46999999999999997,0.32840000000000003,4.0,0.0,3.0,1.0,44.0
0.0,1.0,15.0,1.0,0.19999999999999998,0.16670000000000001,0.46999999999999997,0.41790000000000005,4.0,0.0,3.0,1.0,49.0
0.0,1.0,16.0,1.0,0.22,0.19699999999999998,0.44,0.32840000000000003,4.0,0.0,3.0,1.0,68.0
0.0,1.0,17.0,1.0,0.19999999999999998,0.18179999999999999,0.46999999999999997,0.35820000000000002,4.0,0.0,3.0,1.0,139.0
0.0,1.0,18.0,1.0,0.19999999999999998,0.1515,0.46999999999999997,0.52239999999999998,4.0,0.0,3.0,1.0,137.0
0.0,1.0,19.0,1.0,0.17999999999999999,0.1515,0.46999999999999997,0.41790000000000005,4.0,0.0,3.0,1.0,83.0
0.0,1.0,20.0,1.0,0.16,0.13639999999999999,0.5,0.32840000000000003,4.0,0.0,3.0,1.0,56.0
0.0,1.0,21.0,1.0,0.16,0.13639999999999999,0.55000000000000004,0.32840000000000003,4.0,0.0,3.0,1.0,57.0
0.0,1.0,22.0,1.0,0.16,0.12119999999999999,0.55000000000000004,0.44780000000000003,4.0,0.0,3.0,1.0,33.0
0.0,1.0,23.0,1.0,0.14000000000000001,0.1061,0.58999999999999997,0.41790000000000005,4.0,0.0,3.0,1.0,20.0
0.0,1.0,0.0,1.0,0.14000000000000001,0.12119999999999999,0.58999999999999997,0.28360000000000002,4.0,0.0,4.0,1.0,7.0
0.0,1.0,1.0,1.0,0.14000000000000001,0.12119999999999999,0.5,0.28360000000000002,4.0,0.0,4.0,1.0,2.0
0.0,1.0,2.0,1.0,0.14000000000000001,0.12119999999999999,0.5,0.35820000000000002,4.0,0.0,4.0,1.0,2.0
0.0,1.0,3.0,1.0,0.14000000000000001,0.12119999999999999,0.5,0.32840000000000003,4.0,0.0,4.0,1.0,3.0
0.0,1.0,4.0,1.0,0.14000000000000001,0.12119999999999999,0.5,0.25370000000000004,4.0,0.0,4.0,1.0,4.0
0.0,1.0,5.0,1.0,0.14000000000000001,0.12119999999999999,0.5,0.29850000000000004,4.0,0.0,4.0,1.0,3.0
0.0,1.0,6.0,1.0,0.12,0.1515,0.54000000000000004,0.1343,4.0,0.0,4.0,1.0,28.0
0.0,1.0,7.0,1.0,0.12,0.1515,0.54000000000000004,0.1343,4.0,0.0,4.0,1.0,72.0
0.0,1.0,8.0,1.0,0.14000000000000001,0.13639999999999999,0.5,0.19399999999999998,4.0,0.0,4.0,1.0,202.0
0.0,1.0,9.0,1.0,0.14000000000000001,0.12119999999999999,0.5,0.32840000000000003,4.0,0.0,4.0,1.0,139.0
0.0,1.0,10.0,2.0,0.16,0.13639999999999999,0.5,0.35820000000000002,4.0,0.0,4.0,1.0,38.0
0.0,1.0,11.0,2.0,0.19999999999999998,0.16670000000000001,0.44,0.44780000000000003,4.0,0.0,4.0,1.0,37.0
0.0,1.0,12.0,1.0,0.19999999999999998,0.16670000000000001,0.44,0.41790000000000005,4.0,0.0,4.0,1.0,52.0
0.0,1.0,13.0,1.0,0.22,0.19699999999999998,0.40999999999999998,0.44780000000000003,4.0,0.0,4.0,1.0,83.0
0.0,1.0,14.0,1.0,0.22,0.19699999999999998,0.40999999999999998,0.3881,4.0,0.0,4.0,1.0,42.0
0.0,1.0,15.0,1.0,0.23999999999999999,0.21210000000000001,0.38,0.29850000000000004,4.0,0.0,4.0,1.0,60.0
0.0,1.0,16.0,1.0,0.23999999999999999,0.21210000000000001,0.38,0.35820000000000002,4.0,0.0,4.0,1.0,78.0
0.0,1.0,17.0,1.0,0.19999999999999998,0.18179999999999999,0.40000000000000002,0.28360000000000002,4.0,0.0,4.0,1.0,162.0
0.0,1.0,18.0,1.0,0.19999999999999998,0.18179999999999999,0.40000000000000002,0.32840000000000003,4.0,0.0,4.0,1.0,144.0
0.0,1.0,19.0,1.0,0.16,0.1515,0.46999999999999997,0.25370000000000004,4.0,0.0,4.0,1.0,99.0
0.0,1.0,20.0,1.0,0.16,0.1515,0.46999999999999997,0.22390000000000002,4.0,0.0,4.0,1.0,64.0
0.0,1.0,21.0,1.0,0.14000000000000001,0.12119999999999999,0.46000000000000002,0.29850000000000004,4.0,0.0,4.0,1.0,40.0
0.0,1.0,22.0,1.0,0.14000000000000001,0.12119999999999999,0.46000000000000002,0.32840000000000003,4.0,0.0,4.0,1.0,30.0
0.0,1.0,23.0,1.0,0.12,0.13639999999999999,0.5,0.19399999999999998,4.0,0.0,4.0,1.0,15.0
0.0,1.0,0.0,1.0,0.12,0.13639999999999999,0.5,0.19399999999999998,4.0,0.0,5.0,1.0,14.0
0.0,1.0,1.0,1.0,0.099999999999999992,0.12119999999999999,0.54000000000000004,0.16420000000000001,4.0,0.0,5.0,1.0,5.0
0.0,1.0,2.0,1.0,0.099999999999999992,0.12119999999999999,0.54000000000000004,0.1343,4.0,0.0,5.0,1.0,1.0
0.0,1.0,3.0,1.4745269286754004,0.099999999999999992,0.13639999999999999,0.54000000000000004,0.1045,4.0,0.0,5.0,1.0,1.0
0.0,1.0,5.0,1.0,0.099999999999999992,0.13639999999999999,0.54000000000000004,0.089599999999999999,4.0,0.0,5.0,1.0,8.0
0.0,1.0,6.0,1.0,0.099999999999999992,0.18179999999999999,0.54000000000000004,0.0,4.0,0.0,5.0,1.0,17.0
0.0,1.0,7.0,1.0,0.099999999999999992,0.12119999999999999,0.73999999999999999,0.16420000000000001,4.0,0.0,5.0,1.0,70.0
0.0,1.0,8.0,1.0,0.12,0.16670000000000001,0.68000000000000005,0.0,4.0,0.0,5.0,1.0,158.0
0.0,1.0,9.0,1.0,0.14000000000000001,0.1515,0.68999999999999995,0.1343,4.0,0.0,5.0,1.0,117.0
0.0,1.0,10.0,1.0,0.17999999999999999,0.18179999999999999,0.55000000000000004,0.19399999999999998,4.0,0.0,5.0,1.0,44.0
0.0,1.0,11.0,1.0,0.17999999999999999,0.16670000000000001,0.51000000000000001,0.28360000000000002,4.0,0.0,5.0,1.0,53.0
0.0,1.0,12.0,1.0,0.19999999999999998,0.19699999999999998,0.44,0.25370000000000004,4.0,0.0,5.0,1.0,61.0
0.0,1.0,13.0,1.0,0.22,0.19699999999999998,0.37,0.3881,4.0,0.0,5.0,1.0,77.0
0.0,1.0,14.0,1.0,0.22,0.21210000000000001,0.40999999999999998,0.28360000000000002,4.0,0.0,5.0,1.0,64.0
0.0,1.0,15.0,1.0,0.23999999999999999,0.24239999999999998,0.38,0.16420000000000001,4.0,0.0,5.0,1.0,68.0
0.0,1.0,16.0,1.0,0.22,0.24239999999999998,0.40999999999999998,0.1045,4.0,0.0,5.0,1.0,90.0
0.0,1.0,17.0,1.0,0.22,0.2273,0.40999999999999998,0.16420000000000001,4.0,0.0,5.0,1.0,159.0
0.0,1.0,18.0,1.0,0.19999999999999998,0.2576,0.46999999999999997,0.0,4.0,0.0,5.0,1.0,139.0
0.0,1.0,19.0,1.0,0.16,0.19699999999999998,0.58999999999999997,0.089599999999999999,4.0,0.0,5.0,1.0,92.0
0.0,1.0,20.0,1.0,0.17999999999999999,0.24239999999999998,0.58999999999999997,0.0,4.0,0.0,5.0,1.0,68.0
0.0,1.0,21.0,1.0,0.16,0.2273,0.68999999999999995,0.0,4.0,0.0,5.0,1.0,52.0
0.0,1.0,22.0,2.0,0.16,0.2273,0.68999999999999995,0.0,4.0,0.0,5.0,1.0,36.0
0.0,1.0,23.0,2.0,0.17999999999999999,0.24239999999999998,0.55000000000000004,0.0,4.0,0.0,5.0,1.0,27.0
0.0,1.0,0.0,1.0,0.17999999999999999,0.24239999999999998,0.55000000000000004,0.0,4.0,0.0,6.0,0.0,28.0
0.0,1.0,1.0,2.0,0.16,0.19699999999999998,0.58999999999999997,0.089599999999999999,4.0,0.0,6.0,0.0,20.0
0.0,1.0,2.0,2.0,0.16,0.19699999999999998,0.58999999999999997,0.089599999999999999,4.0,0.0,6.0,0.0,12.0
0.0,1.0,3.0,2.0,0.16,0.2273,0.58999999999999997,0.0,4.0,0.0,6.0,0.0,8.0
0.0,1.0,4.0,2.0,0.16,0.2273,0.58999999999999997,0.0,4.0,0.0,6.0,0.0,5.0
0.0,1.0,5.0,1.0,0.16,0.2273,0.58999999999999997,0.0,4.0,0.0,6.0,0.0,1.0
0.0,1.0,6.0,1.0,0.14000000000000001,0.16670000000000001,0.63,0.1045,4.0,0.0,6.0,0.0,3.0
0.0,1.0,7.0,1.0,0.14000000000000001,0.21210000000000001,0.63,0.0,4.0,0.0,6.0,0.0,10.0
0.0,1.0,8.0,1.0,0.14000000000000001,0.1515,0.63,0.1343,4.0,0.0,6.0,0.0,23.0
0.0,1.0,9.0,1.0,0.16,0.18179999999999999,0.64000000000000001,0.1343,4.0,0.0,6.0,0.0,33.0
0.0,1.0,10.0,1.0,0.17999999999999999,0.19699999999999998,0.58999999999999997,0.16420000000000001,4.0,0.0,6.0,0.0,59.0
0.0,1.0,11.0,1.0,0.19999999999999998,0.19699999999999998,0.55000000000000004,0.22390000000000002,4.0,0.0,6.0,0.0,72.0
0.0,1.0,12.0,1.0,0.23999999999999999,0.2273,0.47999999999999998,0.22390000000000002,4.0,0.0,6.0,0.0,89.0
0.0,1.0,13.0,1.0,0.28000000000000003,0.2576,0.38,0.29850000000000004,4.0,0.0,6.0,0.0,101.0
0.0,1.0,14.0,1.0,0.30000000000000004,0.28789999999999999,0.39000000000000001,0.28360000000000002,4.0,0.0,6.0,0.0,118.0
0.0,1.0,15.0,2.0,0.32000000000000001,0.31819999999999998,0.35999999999999999,0.19399999999999998,4.0,0.0,6.0,0.0,129.0
0.0,1.0,16.0,2.0,0.33999999999999997,0.33329999999999999,0.34000000000000002,0.19399999999999998,4.0,0.0,6.0,0.0,128.0
0.0,1.0,17.0,2.0,0.32000000000000001,0.30299999999999999,0.35999999999999999,0.28360000000000002,4.0,0.0,6.0,0.0,83.0
0.0,1.0,18.0,2.0,0.30000000000000004,0.28789999999999999,0.45000000000000001,0.25370000000000004,4.0,0.0,6.0,0.0,84.0
0.0,1.0,19.0,2.0,0.32000000000000001,0.30299999999999999,0.39000000000000001,0.25370000000000004,4.0,0.0,6.0,0.0,74.0
0.0,1.0,20.0,2.0,0.32000000000000001,0.30299999999999999,0.39000000000000001,0.25370000000000004,4.0,0.0,6.0,0.0,41.0
0.0,1.0,21.0,2.0,0.32000000000000001,0.30299999999999999,0.39000000000000001,0.22390000000000002,4.0,0.0,6.0,0.0,57.0
0.0,1.0,22.0,2.0,0.30000000000000004,0.31819999999999998,0.41999999999999998,0.1045,4.0,0.0,6.0,0.0,26.0
0.0,1.0,23.0,1.0,0.30000000000000004,0.28789999999999999,0.45000000000000001,0.28360000000000002,4.0,0.0,6.0,0.0,44.0
0.0,1.0,0.0,1.0,0.26000000000000001,0.30299999999999999,0.56000000000000005,0.0,4.0,0.0,7.0,0.0,39.0
0.0,1.0,1.0,1.0,0.26000000000000001,0.2727,0.56000000000000005,0.1343,4.0,0.0,7.0,0.0,23.0
0.0,1.0,2.0,1.0,0.26000000000000001,0.28789999999999999,0.56000000000000005,0.089599999999999999,4.0,0.0,7.0,0.0,16.0
0.0,1.0,3.0,1.0,0.22,0.2727,0.68999999999999995,0.0,4.0,0.0,7.0,0.0,15.0
0.0,1.0,4.0,1.0,0.26000000000000001,0.2576,0.56000000000000005,0.16420000000000001,4.0,0.0,7.0,0.0,1.0
0.0,1.0,5.0,2.0,0.26000000000000001,0.2576,0.56000000000000005,0.16420000000000001,4.0,0.0,7.0,0.0,2.0
0.0,1.0,6.0,2.0,0.26000000000000001,0.2576,0.56000000000000005,0.16420000000000001,4.0,0.0,7.0,0.0,1.0
0.0,1.0,7.0,2.0,0.23999999999999999,0.21210000000000001,0.56000000000000005,0.1973379912663753,4.0,0.0,7.0,0.0,3.0
0.0,1.0,8.0,1.0,0.22,0.21210000000000001,0.55000000000000004,0.28360000000000002,4.0,0.0,7.0,0.0,18.0
0.0,1.0,9.0,1.0,0.22,0.21210000000000001,0.51000000000000001,0.25370000000000004,4.0,0.0,7.0,0.0,32.0
0.0,1.0,10.0,1.0,0.22,0.21210000000000001,0.51000000000000001,0.28360000000000002,4.0,0.0,7.0,0.0,79.0
0.0,1.0,11.0,1.0,0.23999999999999999,0.2273,0.44,0.25370000000000004,4.0,0.0,7.0,0.0,93.0
0.0,1.0,12.0,1.0,0.23999999999999999,0.21210000000000001,0.40999999999999998,0.28360000000000002,4.0,0.0,7.0,0.0,104.0
0.0,1.0,13.0,1.0,0.26000000000000001,0.2273,0.34999999999999998,0.29850000000000004,4.0,0.0,7.0,0.0,118.0
0.0,1.0,14.0,1.0,0.28000000000000003,0.2727,0.35999999999999999,0.25370000000000004,4.0,0.0,7.0,0.0,91.0
0.0,1.0,15.0,1.0,0.26000000000000001,0.24239999999999998,0.38,0.25370000000000004,4.0,0.0,7.0,0.0,113.0
0.0,1.0,16.0,1.0,0.23999999999999999,0.2273,0.38,0.22390000000000002,4.0,0.0,7.0,0.0,99.0
0.0,1.0,17.0,1.0,0.22,0.21210000000000001,0.37,0.25370000000000004,4.0,0.0,7.0,0.0,105.0
0.0,1.0,18.0,1.0,0.19999999999999998,0.21210000000000001,0.40000000000000002,0.16420000000000001,4.0,0.0,7.0,0.0,67.0
0.0,1.0,19.0,1.0,0.17999999999999999,0.19699999999999998,0.46999999999999997,0.1343,4.0,0.0,7.0,0.0,61.0
0.0,1.0,20.0,1.0,0.17999999999999999,0.19699999999999998,0.46999999999999997,0.16420000000000001,4.0,0.0,7.0,0.0,57.0
0.0,1.0,21.0,1.0,0.17999999999999999,0.19699999999999998,0.51000000000000001,0.16420000000000001,4.0,0.0,7.0,0.0,28.0
0.0,1.0,22.0,2.0,0.19999999999999998,0.21210000000000001,0.48999999999999999,0.1343,4.0,0.0,7.0,0.0,21.0
0.0,1.0,23.0,2.0,0.19999999999999998,0.2273,0.40000000000000002,0.1045,4.0,0.0,7.0,0.0,18.0
0.0,1.0,0.0,2.0,0.19999999999999998,0.19699999999999998,0.46999999999999997,0.22390000000000002,4.0,1.0,1.0,1.0,17.0
0.0,1.0,1.0,2.0,0.19999999999999998,0.19699999999999998,0.44,0.19399999999999998,4.0,1.0,1.0,1.0,16.0
0.0,1.0,2.0,2.0,0.17999999999999999,0.16670000000000001,0.42999999999999999,0.25370000000000004,4.0,1.0,1.0,1.0,8.0
0.0,1.0,3.0,2.0,0.17999999999999999,0.18179999999999999,0.42999999999999999,0.19399999999999998,4.0,1.0,1.0,1.0,2.0
0.0,1.0,4.0,2.0,0.17999999999999999,0.19699999999999998,0.42999999999999999,0.1343,4.0,1.0,1.0,1.0,3.0
0.0,1.0,5.0,2.0,0.17999999999999999,0.19699999999999998,0.42999999999999999,0.16420000000000001,4.0,1.0,1.0,1.0,1.0
0.0,1.0,6.0,2.0,0.17999999999999999,0.18179999999999999,0.42999999999999999,0.19399999999999998,4.0,1.0,1.0,1.0,5.0
0.0,1.0,7.0,2.0,0.16,0.18179999999999999,0.5,0.1343,4.0,1.0,1.0,1.0,13.0
0.0,1.0,8.0,2.0,0.16,0.1515,0.46999999999999997,0.22390000000000002,4.0,1.0,1.0,1.0,33.0
0.0,1.0,9.0,2.0,0.16,0.1515,0.46999999999999997,0.22390000000000002,4.0,1.0,1.0,1.0,47.0
0.0,1.0,10.0,2.0,0.16,0.1515,0.5,0.25370000000000004,4.0,1.0,1.0,1.0,57.0
0.0,1.0,11.0,2.0,0.16,0.1515,0.55000000000000004,0.19399999999999998,4.0,1.0,1.0,1.0,64.0
0.0,1.0,12.0,2.0,0.17999999999999999,0.19699999999999998,0.46999999999999997,0.1343,4.0,1.0,1.0,1.0,80.0
0.0,1.0,13.0,2.0,0.17999999999999999,0.19699999999999998,0.46999999999999997,0.1343,4.0,1.0,1.0,1.0,93.0
0.0,1.0,14.0,2.0,0.17999999999999999,0.21210000000000001,0.42999999999999999,0.1045,4.0,1.0,1.0,1.0,86.0
0.0,1.0,15.0,2.0,0.19999999999999998,0.21210000000000001,0.46999999999999997,0.16420000000000001,4.0,1.0,1.0,1.0,93.0
0.0,1.0,16.0,2.0,0.19999999999999998,0.21210000000000001,0.46999999999999997,0.16420000000000001,4.0,1.0,1.0,1.0,82.0
0.0,1.0,17.0,1.0,0.19999999999999998,0.19699999999999998,0.51000000000000001,0.19399999999999998,4.0,1.0,1.0,1.0,71.0
0.0,1.0,18.0,2.0,0.17999999999999999,0.16670000000000001,0.55000000000000004,0.25370000000000004,4.0,1.0,1.0,1.0,92.0
0.0,1.0,19.0,3.0,0.17999999999999999,0.18179999999999999,0.58999999999999997,0.19399999999999998,4.0,1.0,1.0,1.0,60.0
0.0,1.0,20.0,3.0,0.16,0.1515,0.80000000000000004,0.19399999999999998,4.0,1.0,1.0,1.0,33.0
0.0,1.0,21.0,3.0,0.16,0.1515,0.80000000000000004,0.19399999999999998,4.0,1.0,1.0,1.0,27.0
0.0,1.0,22.0,3.0,0.14000000000000001,0.12119999999999999,0.93000000000000005,0.25370000000000004,4.0,1.0,1.0,1.0,13.0
0.0,1.0,23.0,3.0,0.16,0.13639999999999999,0.85999999999999999,0.28360000000000002,4.0,1.0,1.0,1.0,4.0
0.0,1.0,12.0,2.0,0.19999999999999998,0.18179999999999999,0.85999999999999999,0.32840000000000003,4.0,0.0,2.0,1.0,3.0
0.0,1.0,13.0,2.0,0.19999999999999998,0.19699999999999998,0.85999999999999999,0.22390000000000002,4.0,0.0,2.0,1.0,22.0
0.0,1.0,14.0,2.0,0.22,0.2273,0.80000000000000004,0.16420000000000001,4.0,0.0,2.0,1.0,28.0
0.0,1.0,15.0,2.0,0.22,0.2273,0.87,0.16420000000000001,4.0,0.0,2.0,1.0,35.0
0.0,1.0,16.0,2.0,0.22,0.2273,0.87,0.19399999999999998,4.0,0.0,2.0,1.0,61.0
0.0,1.0,17.0,2.0,0.22,0.2273,0.81999999999999995,0.19399999999999998,4.0,0.0,2.0,1.0,125.0
0.0,1.0,18.0,2.0,0.22,0.2273,0.80000000000000004,0.16420000000000001,4.0,0.0,2.0,1.0,133.0
0.0,1.0,19.0,2.0,0.22,0.2273,0.80000000000000004,0.1343,4.0,0.0,2.0,1.0,99.0
0.0,1.0,20.0,2.0,0.22,0.2727,0.87,0.0,4.0,0.0,2.0,1.0,83.0
0.0,1.0,21.0,2.0,0.22,0.24239999999999998,0.93000000000000005,0.1045,4.0,0.0,2.0,1.0,41.0
0.0,1.0,22.0,2.0,0.22,0.2576,0.93000000000000005,0.089599999999999999,4.0,0.0,2.0,1.0,33.0
0.0,1.0,23.0,2.0,0.22,0.2727,0.93000000000000005,0.0,4.0,0.0,2.0,1.0,20.0
0.0,1.0,0.0,2.0,0.22,0.2727,0.93000000000000005,0.0,4.0,0.0,3.0,1.0,3.0
0.0,1.0,1.0,3.0,0.22,0.2273,0.93000000000000005,0.1343,4.0,0.0,3.0,1.0,7.0
0.0,1.0,2.0,3.0,0.22,0.2273,0.93000000000000005,0.1343,4.0,0.0,3.0,1.0,3.0
0.0,1.0,4.0,3.0,0.22,0.2273,0.93000000000000005,0.1343,4.0,0.0,3.0,1.0,2.0
0.0,1.0,5.0,2.0,0.22,0.2576,0.93000000000000005,0.089599999999999999,4.0,0.0,3.0,1.0,7.0
0.0,1.0,6.0,2.0,0.22,0.2576,0.93000000000000005,0.089599999999999999,4.0,0.0,3.0,1.0,32.0
0.0,1.0,7.0,2.0,0.23999999999999999,0.2576,0.92000000000000004,0.1045,4.0,0.0,3.0,1.0,90.0
0.0,1.0,8.0,2.0,0.23999999999999999,0.2576,0.93000000000000005,0.1045,4.0,0.0,3.0,1.0,197.0
0.0,1.0,9.0,2.0,0.23999999999999999,0.2576,0.93000000000000005,0.1045,4.0,0.0,3.0,1.0,109.0
0.0,1.0,10.0,2.0,0.26000000000000001,0.2727,0.93000000000000005,0.1343,4.0,0.0,3.0,1.0,47.0
0.0,1.0,11.0,2.0,0.28000000000000003,0.30299999999999999,0.87,0.089599999999999999,4.0,0.0,3.0,1.0,52.0
0.0,1.0,12.0,2.0,0.30000000000000004,0.31819999999999998,0.81000000000000005,0.089599999999999999,4.0,0.0,3.0,1.0,70.0
0.0,1.0,13.0,1.0,0.39999999999999997,0.40909999999999996,0.62,0.28360000000000002,4.0,0.0,3.0,1.0,78.0
0.0,1.0,14.0,1.0,0.39999999999999997,0.40909999999999996,0.57999999999999996,0.25370000000000004,4.0,0.0,3.0,1.0,75.0
0.0,1.0,15.0,1.0,0.39999999999999997,0.40909999999999996,0.54000000000000004,0.28360000000000002,4.0,0.0,3.0,1.0,82.0
0.0,1.0,16.0,1.0,0.38,0.39390000000000003,0.57999999999999996,0.3881,4.0,0.0,3.0,1.0,104.0
0.0,1.0,17.0,1.0,0.35999999999999999,0.33329999999999999,0.56999999999999995,0.32840000000000003,4.0,0.0,3.0,1.0,197.0
0.0,1.0,18.0,1.0,0.33999999999999997,0.31819999999999998,0.60999999999999999,0.28360000000000002,4.0,0.0,3.0,1.0,161.0
0.0,1.0,19.0,1.0,0.32000000000000001,0.28789999999999999,0.56999999999999995,0.41790000000000005,4.0,0.0,3.0,1.0,112.0
0.0,1.0,20.0,1.0,0.32000000000000001,0.30299999999999999,0.48999999999999999,0.29850000000000004,4.0,0.0,3.0,1.0,76.0
0.0,1.0,21.0,1.0,0.32000000000000001,0.28789999999999999,0.48999999999999999,0.41790000000000005,4.0,0.0,3.0,1.0,59.0
0.0,1.0,22.0,1.0,0.30000000000000004,0.30299999999999999,0.52000000000000002,0.16420000000000001,4.0,0.0,3.0,1.0,59.0
0.0,1.0,23.0,1.0,0.30000000000000004,0.2727,0.52000000000000002,0.4627,4.0,0.0,3.0,1.0,28.0
0.0,1.0,0.0,1.0,0.26000000000000001,0.2273,0.56000000000000005,0.3881,4.0,0.0,4.0,1.0,13.0
0.0,1.0,1.0,1.0,0.26000000000000001,0.2727,0.56000000000000005,0.0,4.0,0.0,4.0,1.0,5.0
0.0,1.0,2.0,1.0,0.26000000000000001,0.2727,0.56000000000000005,0.0,4.0,0.0,4.0,1.0,2.0
0.0,1.0,3.0,1.0,0.26000000000000001,0.2576,0.56000000000000005,0.16420000000000001,4.0,0.0,4.0,1.0,1.0
0.0,1.0,4.0,1.0,0.26000000000000001,0.2576,0.56000000000000005,0.16420000000000001,4.0,0.0,4.0,1.0,1.0
0.0,1.0,5.0,1.0,0.23999999999999999,0.2273,0.59999999999999998,0.22390000000000002,4.0,0.0,4.0,1.0,6.0
0.0,1.0,6.0,1.0,0.22,0.21210000000000001,0.59999999999999998,0.22390000000000002,4.0,0.0,4.0,1.0,35.0
0.0,1.0,7.0,1.0,0.22,0.21210000000000001,0.55000000000000004,0.22390000000000002,4.0,0.0,4.0,1.0,101.0
0.0,1.0,8.0,1.0,0.22,0.21210000000000001,0.55000000000000004,0.28360000000000002,4.0,0.0,4.0,1.0,249.0
0.0,1.0,9.0,2.0,0.23999999999999999,0.2273,0.52000000000000002,0.22390000000000002,4.0,0.0,4.0,1.0,143.0
0.0,1.0,10.0,1.0,0.26000000000000001,0.2273,0.47999999999999998,0.29850000000000004,4.0,0.0,4.0,1.0,57.0
0.0,1.0,11.0,2.0,0.28000000000000003,0.2727,0.45000000000000001,0.16420000000000001,4.0,0.0,4.0,1.0,68.0
0.0,1.0,12.0,2.0,0.30000000000000004,0.33329999999999999,0.41999999999999998,0.0,4.0,0.0,4.0,1.0,84.0
0.0,1.0,13.0,2.0,0.28000000000000003,0.28789999999999999,0.45000000000000001,0.1045,4.0,0.0,4.0,1.0,98.0
0.0,1.0,14.0,2.0,0.30000000000000004,0.30299999999999999,0.45000000000000001,0.1343,4.0,0.0,4.0,1.0,81.0
0.0,1.0,15.0,2.0,0.32000000000000001,0.31819999999999998,0.45000000000000001,0.19399999999999998,4.0,0.0,4.0,1.0,70.0
0.0,1.0,16.0,2.0,0.30000000000000004,0.30299999999999999,0.48999999999999999,0.1343,4.0,0.0,4.0,1.0,91.0
0.0,1.0,17.0,2.0,0.30000000000000004,0.31819999999999998,0.48999999999999999,0.1045,4.0,0.0,4.0,1.0,215.0
0.0,1.0,18.0,2.0,0.26000000000000001,0.2576,0.56000000000000005,0.19399999999999998,4.0,0.0,4.0,1.0,185.0
0.0,1.0,19.0,1.0,0.26000000000000001,0.2273,0.56000000000000005,0.32840000000000003,4.0,0.0,4.0,1.0,152.0
0.0,1.0,20.0,2.0,0.26000000000000001,0.24239999999999998,0.59999999999999998,0.28360000000000002,4.0,0.0,4.0,1.0,126.0
0.0,1.0,21.0,2.0,0.23999999999999999,0.2273,0.59999999999999998,0.25370000000000004,4.0,0.0,4.0,1.0,57.0
0.0,1.0,22.0,2.0,0.23999999999999999,0.21210000000000001,0.65000000000000002,0.28360000000000002,4.0,0.0,4.0,1.0,56.0
0.0,1.0,23.0,2.0,0.23999999999999999,0.21210000000000001,0.65000000000000002,0.32840000000000003,4.0,0.0,4.0,1.0,31.0
0.0,1.0,0.0,2.0,0.23999999999999999,0.2273,0.69999999999999996,0.25370000000000004,4.0,0.0,5.0,1.0,21.0
0.0,1.0,1.0,2.0,0.23999999999999999,0.2273,0.69999999999999996,0.25370000000000004,4.0,0.0,5.0,1.0,6.0
0.0,1.0,2.0,3.0,0.23999999999999999,0.24239999999999998,0.75,0.16420000000000001,4.0,0.0,5.0,1.0,2.0
0.0,1.0,3.0,3.0,0.22,0.21210000000000001,0.80000000000000004,0.29850000000000004,4.0,0.0,5.0,1.0,1.0
0.0,1.0,4.0,2.0,0.22,0.2576,0.87,0.089599999999999999,4.0,0.0,5.0,1.0,1.0
0.0,1.0,5.0,1.0,0.23999999999999999,0.19699999999999998,0.59999999999999998,0.41790000000000005,4.0,0.0,5.0,1.0,5.0
0.0,1.0,6.0,1.0,0.22,0.21210000000000001,0.55000000000000004,0.25370000000000004,4.0,0.0,5.0,1.0,27.0
0.0,1.0,7.0,1.0,0.19999999999999998,0.18179999999999999,0.51000000000000001,0.28360000000000002,4.0,0.0,5.0,1.0,68.0
0.0,1.0,8.0,1.0,0.19999999999999998,0.18179999999999999,0.46999999999999997,0.32840000000000003,4.0,0.0,5.0,1.0,217.0
0.0,1.0,9.0,1.0,0.19999999999999998,0.18179999999999999,0.51000000000000001,0.35820000000000002,4.0,0.0,5.0,1.0,166.0
0.0,1.0,10.0,1.0,0.19999999999999998,0.16670000000000001,0.46999999999999997,0.4627,4.0,0.0,5.0,1.0,63.0
0.0,1.0,11.0,1.0,0.22,0.18179999999999999,0.40999999999999998,0.4627,4.0,0.0,5.0,1.0,59.0
0.0,1.0,12.0,1.0,0.22,0.18179999999999999,0.27000000000000002,0.58210000000000006,4.0,0.0,5.0,1.0,78.0
0.0,1.0,13.0,1.0,0.19999999999999998,0.1515,0.20999999999999999,0.58210000000000006,4.0,0.0,5.0,1.0,73.0
0.0,1.0,14.0,1.0,0.19999999999999998,0.1515,0.25,0.52239999999999998,4.0,0.0,5.0,1.0,62.0
0.0,1.0,15.0,1.0,0.16,0.12119999999999999,0.26000000000000001,0.44780000000000003,4.0,0.0,5.0,1.0,65.0
0.0,1.0,16.0,1.0,0.16,0.13639999999999999,0.26000000000000001,0.35820000000000002,4.0,0.0,5.0,1.0,97.0
0.0,1.0,17.0,1.0,0.14000000000000001,0.12119999999999999,0.28000000000000003,0.35820000000000002,4.0,0.0,5.0,1.0,161.0
0.0,1.0,18.0,1.0,0.12,0.12119999999999999,0.29999999999999999,0.25370000000000004,4.0,0.0,5.0,1.0,120.0
0.0,1.0,19.0,1.0,0.12,0.1061,0.29999999999999999,0.32840000000000003,4.0,0.0,5.0,1.0,96.0
0.0,1.0,20.0,1.0,0.099999999999999992,0.075800000000000006,0.33000000000000002,0.41790000000000005,4.0,0.0,5.0,1.0,53.0
0.0,1.0,21.0,1.0,0.080000000000000002,0.075800000000000006,0.38,0.28360000000000002,4.0,0.0,5.0,1.0,41.0
0.0,1.0,22.0,1.0,0.059999999999999998,0.030299999999999997,0.40999999999999998,0.3881,4.0,0.0,5.0,1.0,34.0
0.0,1.0,23.0,1.0,0.059999999999999998,0.045499999999999999,0.38,0.32840000000000003,4.0,0.0,5.0,1.0,27.0
0.0,1.0,0.0,1.0,0.040000000000000001,0.20401033478893676,0.45000000000000001,0.25370000000000004,4.0,0.0,6.0,0.0,13.0
0.0,1.0,1.0,2.0,0.040000000000000001,0.0,0.40999999999999998,0.3881,4.0,0.0,6.0,0.0,12.0
0.0,1.0,2.0,2.0,0.040000000000000001,0.030299999999999997,0.40999999999999998,0.25370000000000004,4.0,0.0,6.0,0.0,11.0
0.0,1.0,3.0,2.0,0.040000000000000001,0.030299999999999997,0.40999999999999998,0.28360000000000002,4.0,0.0,6.0,0.0,7.0
0.0,1.0,4.0,2.0,0.02,0.0152,0.47999999999999998,0.29850000000000004,4.0,0.0,6.0,0.0,3.0
0.0,1.0,6.0,2.0,0.02,0.030299999999999997,0.44,0.22390000000000002,4.0,0.0,6.0,0.0,2.0
0.0,1.0,7.0,1.0,0.02,0.0152,0.44,0.28360000000000002,4.0,0.0,6.0,0.0,8.0
0.0,1.0,8.0,1.0,0.02,0.0,0.44,0.32840000000000003,4.0,0.0,6.0,0.0,27.0
0.0,1.0,9.0,1.0,0.040000000000000001,0.030299999999999997,0.40999999999999998,0.25370000000000004,4.0,0.0,6.0,0.0,40.0
0.0,1.0,10.0,2.0,0.040000000000000001,0.060599999999999994,0.40999999999999998,0.16420000000000001,4.0,0.0,6.0,0.0,53.0
0.0,1.0,11.0,2.0,0.059999999999999998,0.075800000000000006,0.38,0.1343,4.0,0.0,6.0,0.0,63.0
0.0,1.0,12.0,2.0,0.059999999999999998,0.1061,0.38,0.1045,4.0,0.0,6.0,0.0,70.0
0.0,1.0,13.0,1.0,0.080000000000000002,0.16670000000000001,0.34999999999999998,0.0,4.0,0.0,6.0,0.0,84.0
0.0,1.0,14.0,1.0,0.099999999999999992,0.13639999999999999,0.33000000000000002,0.1045,4.0,0.0,6.0,0.0,75.0
0.0,1.0,15.0,1.0,0.12,0.1515,0.28000000000000003,0.0,4.0,0.0,6.0,0.0,103.0
0.0,1.0,16.0,1.0,0.12,0.13639999999999999,0.28000000000000003,0.19399999999999998,4.0,0.0,6.0,0.0,83.0
0.0,1.0,17.0,1.0,0.12,0.19699999999999998,0.28000000000000003,0.0,4.0,0.0,6.0,0.0,67.0
0.0,1.0,18.0,1.0,0.080000000000000002,0.090899999999999995,0.34999999999999998,0.19399999999999998,4.0,0.0,6.0,0.0,54.0
0.0,1.0,19.0,1.0,0.080000000000000002,0.1061,0.34999999999999998,0.1343,4.0,0.0,6.0,0.0,59.0
0.0,1.0,20.0,1.0,0.059999999999999998,0.075800000000000006,0.45000000000000001,0.16420000000000001,4.0,0.0,6.0,0.0,45.0
0.0,1.0,21.0,1.0,0.059999999999999998,0.1061,0.40999999999999998,0.089599999999999999,4.0,0.0,6.0,0.0,39.0
0.0,1.0,22.0,1.0,0.059999999999999998,0.1515,0.48999999999999999,0.0,4.0,0.0,6.0,0.0,30.0
0.0,1.0,23.0,1.0,0.040000000000000001,0.075800000000000006,0.56999999999999995,0.1045,4.0,0.0,6.0,0.0,33.0
0.0,1.0,0.0,1.0,0.040000000000000001,0.075800000000000006,0.56999999999999995,0.1045,4.0,0.0,7.0,0.0,22.0
0.0,1.0,1.0,1.0,0.040000000000000001,0.075800000000000006,0.56999999999999995,0.1045,4.0,0.0,7.0,0.0,13.0
0.0,1.0,2.0,1.0,0.02,0.060599999999999994,0.62,0.1343,4.0,0.0,7.0,0.0,18.0
0.0,1.0,3.0,1.0,0.02,0.060599999999999994,0.62,0.1343,4.0,0.0,7.0,0.0,5.0
0.0,1.0,5.0,2.0,0.040000000000000001,0.075800000000000006,0.56999999999999995,0.1045,4.0,0.0,7.0,0.0,3.0
0.0,1.0,6.0,2.0,0.040000000000000001,0.075800000000000006,0.56999999999999995,0.1045,4.0,0.0,7.0,0.0,1.0
0.0,1.0,7.0,1.0,0.080000000000000002,0.1061,0.57999999999999996,0.16420000000000001,4.0,0.0,7.0,0.0,2.0
0.0,1.0,8.0,1.0,0.059999999999999998,0.075800000000000006,0.62,0.16420000000000001,4.0,0.0,7.0,0.0,19.0
0.0,1.0,9.0,1.0,0.099999999999999992,0.075800000000000006,0.54000000000000004,0.35820000000000002,4.0,0.0,7.0,0.0,28.0
0.0,1.0,10.0,1.0,0.14000000000000001,0.1061,0.46000000000000002,0.3881,4.0,0.0,7.0,0.0,58.0
0.0,1.0,11.0,1.0,0.14000000000000001,0.13639999999999999,0.42999999999999999,0.22390000000000002,4.0,0.0,7.0,0.0,99.0
0.0,1.0,12.0,1.0,0.16,0.12119999999999999,0.37,0.4627,4.0,0.0,7.0,0.0,116.0
0.0,1.0,13.0,1.0,0.14000000000000001,0.1061,0.33000000000000002,0.3881,4.0,0.0,7.0,0.0,87.0
0.0,1.0,14.0,1.0,0.16,0.13639999999999999,0.28000000000000003,0.35820000000000002,4.0,0.0,7.0,0.0,110.0
0.0,1.0,15.0,1.0,0.16,0.13639999999999999,0.28000000000000003,0.35820000000000002,4.0,0.0,7.0,0.0,77.0
0.0,1.0,16.0,1.0,0.16,0.13639999999999999,0.26000000000000001,0.32840000000000003,4.0,0.0,7.0,0.0,65.0
0.0,1.0,17.0,1.0,0.14000000000000001,0.1061,0.26000000000000001,0.3881,4.0,0.0,7.0,0.0,55.0
0.0,1.0,18.0,1.0,0.12,0.12119999999999999,0.29999999999999999,0.25370000000000004,4.0,0.0,7.0,0.0,49.0
0.0,1.0,19.0,1.0,0.12,0.12119999999999999,0.29999999999999999,0.28360000000000002,4.0,0.0,7.0,0.0,50.0
0.0,1.0,20.0,1.0,0.099999999999999992,0.1061,0.35999999999999999,0.25370000000000004,4.0,0.0,7.0,0.0,35.0
0.0,1.0,21.0,1.0,0.099999999999999992,0.1061,0.35999999999999999,0.19399999999999998,4.0,0.0,7.0,0.0,25.0
0.0,1.0,22.0,1.0,0.080000000000000002,0.090899999999999995,0.38,0.19399999999999998,4.0,0.0,7.0,0.0,28.0
0.0,1.0,23.0,1.0,0.059999999999999998,0.060599999999999994,0.40999999999999998,0.22390000000000002,4.0,0.0,7.0,0.0,21.0
0.0,1.0,0.0,1.0,0.059999999999999998,0.060599999999999994,0.40999999999999998,0.19399999999999998,4.0,0.0,1.0,1.0,7.0
0.0,1.0,1.0,1.0,0.040000000000000001,0.045499999999999999,0.45000000000000001,0.19399999999999998,4.0,0.0,1.0,1.0,1.0
0.0,1.0,3.0,1.0,0.040000000000000001,0.030299999999999997,0.45000000000000001,0.25370000000000004,4.0,0.0,1.0,1.0,1.0
0.0,1.0,4.0,1.0,0.02,0.060599999999999994,0.47999999999999998,0.1343,4.0,0.0,1.0,1.0,1.0
0.0,1.0,5.0,1.0,0.02,0.060599999999999994,0.47999999999999998,0.1343,4.0,0.0,1.0,1.0,5.0
0.0,1.0,6.0,1.0,0.02,0.075800000000000006,0.47999999999999998,0.089599999999999999,4.0,0.0,1.0,1.0,15.0
0.0,1.0,7.0,1.0,0.02,0.12119999999999999,0.47999999999999998,0.0,4.0,0.0,1.0,1.0,84.0
0.0,1.0,8.0,1.0,0.040000000000000001,0.13639999999999999,0.48999999999999999,0.0,4.0,0.0,1.0,1.0,177.0
0.0,1.0,9.0,1.0,0.059999999999999998,0.1515,0.40999999999999998,0.0,4.0,0.0,1.0,1.0,102.0
0.0,1.0,10.0,1.0,0.099999999999999992,0.13639999999999999,0.41999999999999998,0.0,4.0,0.0,1.0,1.0,40.0
0.0,1.0,11.0,1.0,0.099999999999999992,0.12119999999999999,0.46000000000000002,0.1343,4.0,0.0,1.0,1.0,46.0
0.0,1.0,12.0,2.0,0.12,0.13639999999999999,0.41999999999999998,0.19399999999999998,4.0,0.0,1.0,1.0,63.0
0.0,1.0,13.0,2.0,0.14000000000000001,0.13639999999999999,0.42999999999999999,0.22390000000000002,4.0,0.0,1.0,1.0,60.0
0.0,1.0,14.0,2.0,0.14000000000000001,0.13639999999999999,0.46000000000000002,0.22390000000000002,4.0,0.0,1.0,1.0,45.0
0.0,1.0,15.0,1.0,0.16,0.16670000000000001,0.40000000000000002,0.16420000000000001,4.0,0.0,1.0,1.0,57.0
0.0,1.0,16.0,1.0,0.16,0.1515,0.46999999999999997,0.25370000000000004,4.0,0.0,1.0,1.0,70.0
0.0,1.0,17.0,1.0,0.14000000000000001,0.12119999999999999,0.5,0.25370000000000004,4.0,0.0,1.0,1.0,184.0
0.0,1.0,18.0,1.0,0.14000000000000001,0.13639999999999999,0.58999999999999997,0.19399999999999998,4.0,0.0,1.0,1.0,153.0
0.0,1.0,19.0,1.0,0.14000000000000001,0.1515,0.54000000000000004,0.16420000000000001,4.0,0.0,1.0,1.0,106.0
0.0,1.0,20.0,1.0,0.14000000000000001,0.13639999999999999,0.58999999999999997,0.19399999999999998,4.0,0.0,1.0,1.0,81.0
0.0,1.0,21.0,1.0,0.14000000000000001,0.1515,0.63,0.16420000000000001,4.0,0.0,1.0,1.0,59.0
0.0,1.0,22.0,2.0,0.14000000000000001,0.13639999999999999,0.63,0.22390000000000002,4.0,0.0,1.0,1.0,35.0
0.0,1.0,23.0,2.0,0.16,0.1515,0.64000000000000001,0.25370000000000004,4.0,0.0,1.0,1.0,24.0
0.0,1.0,0.0,2.0,0.16,0.13639999999999999,0.68999999999999995,0.28360000000000002,4.0,0.0,2.0,1.0,9.0
0.0,1.0,1.0,2.0,0.16,0.16670000000000001,0.68999999999999995,0.16420000000000001,4.0,0.0,2.0,1.0,5.0
0.0,1.0,2.0,1.0,0.16,0.1515,0.68999999999999995,0.22390000000000002,4.0,0.0,2.0,1.0,2.0
0.0,1.0,4.0,1.0,0.14000000000000001,0.16670000000000001,0.73999999999999999,0.1045,4.0,0.0,2.0,1.0,1.0
0.0,1.0,5.0,1.0,0.14000000000000001,0.13639999999999999,0.73999999999999999,0.22390000000000002,4.0,0.0,2.0,1.0,9.0
0.0,1.0,6.0,1.0,0.16,0.18179999999999999,0.73999999999999999,0.1045,4.0,0.0,2.0,1.0,36.0
0.0,1.0,7.0,1.0,0.16,0.1515,0.73999999999999999,0.22390000000000002,4.0,0.0,2.0,1.0,108.0
0.0,1.0,8.0,2.0,0.16,0.18179999999999999,0.73999999999999999,0.1343,4.0,0.0,2.0,1.0,238.0
0.0,1.0,9.0,2.0,0.19999999999999998,0.2273,0.64000000000000001,0.089599999999999999,4.0,0.0,2.0,1.0,144.0
0.0,1.0,10.0,2.0,0.22,0.24239999999999998,0.59999999999999998,0.1045,4.0,0.0,2.0,1.0,55.0
0.0,1.0,11.0,2.0,0.23999999999999999,0.24239999999999998,0.59999999999999998,0.1343,4.0,0.0,2.0,1.0,61.0
0.0,1.0,12.0,2.0,0.26000000000000001,0.28789999999999999,0.56000000000000005,0.089599999999999999,4.0,0.0,2.0,1.0,106.0
0.0,1.0,13.0,2.0,0.26000000000000001,0.2727,0.56000000000000005,0.1343,4.0,0.0,2.0,1.0,93.0
0.0,1.0,14.0,2.0,0.30000000000000004,0.33329999999999999,0.45000000000000001,0.0,4.0,0.0,2.0,1.0,68.0
0.0,1.0,15.0,2.0,0.32000000000000001,0.34850000000000003,0.41999999999999998,0.0,4.0,0.0,2.0,1.0,84.0
0.0,1.0,16.0,2.0,0.32000000000000001,0.34850000000000003,0.41999999999999998,0.0,4.0,0.0,2.0,1.0,116.0
0.0,1.0,17.0,1.0,0.30000000000000004,0.33329999999999999,0.45000000000000001,0.0,4.0,0.0,2.0,1.0,222.0
0.0,1.0,18.0,2.0,0.30000000000000004,0.31819999999999998,0.48999999999999999,0.089599999999999999,4.0,0.0,2.0,1.0,225.0
0.0,1.0,19.0,2.0,0.26000000000000001,0.2576,0.65000000000000002,0.16420000000000001,4.0,0.0,2.0,1.0,146.0
0.0,1.0,20.0,1.0,0.23999999999999999,0.2273,0.65000000000000002,0.19399999999999998,4.0,0.0,2.0,1.0,119.0
0.0,1.0,21.0,1.0,0.23999999999999999,0.2273,0.65000000000000002,0.19399999999999998,4.0,0.0,2.0,1.0,45.0
0.0,1.0,22.0,1.0,0.22,0.2273,0.64000000000000001,0.16420000000000001,4.0,0.0,2.0,1.0,53.0
0.0,1.0,23.0,2.0,0.22,0.2273,0.64000000000000001,0.16420000000000001,4.0,0.0,2.0,1.0,40.0
0.0,1.0,0.0,2.0,0.22,0.2273,0.68999999999999995,0.1343,4.0,0.0,3.0,1.0,17.0
0.0,1.0,1.0,2.0,0.23999999999999999,0.24239999999999998,0.65000000000000002,0.1343,4.0,0.0,3.0,1.0,5.0
0.0,1.0,2.0,3.0,0.22,0.2273,0.68999999999999995,0.19399999999999998,4.0,0.0,3.0,1.0,10.0
0.0,1.0,5.0,3.0,0.19999999999999998,0.18179999999999999,0.85999999999999999,0.28360000000000002,4.0,0.0,3.0,1.0,1.0
0.0,1.0,6.0,3.0,0.19999999999999998,0.18179999999999999,0.85999999999999999,0.28360000000000002,4.0,0.0,3.0,1.0,8.0
0.0,1.0,7.0,3.0,0.22,0.21210000000000001,0.87,0.29850000000000004,4.0,0.0,3.0,1.0,30.0
0.0,1.0,8.0,3.0,0.22,0.21210000000000001,0.87,0.29850000000000004,4.0,0.0,3.0,1.0,72.0
0.0,1.0,9.0,3.0,0.22,0.21210000000000001,0.87,0.29850000000000004,4.0,0.0,3.0,1.0,58.0
0.0,1.0,10.0,3.0,0.22,0.21210000000000001,0.93000000000000005,0.28360000000000002,4.0,0.0,3.0,1.0,28.0
0.0,1.0,11.0,3.0,0.22,0.19699999999999998,0.93000000000000005,0.32840000000000003,4.0,0.0,3.0,1.0,41.0
0.0,1.0,12.0,3.0,0.22,0.19699999999999998,0.93000000000000005,0.32840000000000003,4.0,0.0,3.0,1.0,48.0
0.0,1.0,13.0,3.0,0.22,0.19699999999999998,0.93000000000000005,0.32840000000000003,4.0,0.0,3.0,1.0,47.0
0.0,1.0,14.0,3.0,0.22,0.19699999999999998,0.93000000000000005,0.35820000000000002,4.0,0.0,3.0,1.0,36.0
0.0,1.0,15.0,3.0,0.22,0.18179999999999999,0.93000000000000005,0.4627,4.0,0.0,3.0,1.0,43.0
0.0,1.0,16.0,4.0,0.22,0.19699999999999998,0.93000000000000005,0.32840000000000003,4.0,0.0,3.0,1.0,36.0
0.0,1.0,17.0,3.0,0.19999999999999998,0.18179999999999999,0.93000000000000005,0.35820000000000002,4.0,0.0,3.0,1.0,26.0
0.0,1.0,16.0,1.0,0.22,0.2273,0.55000000000000004,0.19399999999999998,4.0,0.0,4.0,1.0,24.0
0.0,1.0,17.0,1.0,0.22,0.24239999999999998,0.55000000000000004,0.1045,4.0,0.0,4.0,1.0,84.0
0.0,1.0,18.0,1.0,0.19999999999999998,0.2273,0.68999999999999995,0.089599999999999999,4.0,0.0,4.0,1.0,104.0
0.0,1.0,19.0,1.0,0.19999999999999998,0.2273,0.68999999999999995,0.089599999999999999,4.0,0.0,4.0,1.0,79.0
0.0,1.0,20.0,1.0,0.17999999999999999,0.21210000000000001,0.73999999999999999,0.089599999999999999,4.0,0.0,4.0,1.0,59.0
0.0,1.0,21.0,1.0,0.17999999999999999,0.21210000000000001,0.73999999999999999,0.089599999999999999,4.0,0.0,4.0,1.0,38.0
0.0,1.0,22.0,1.0,0.17999999999999999,0.21210000000000001,0.73999999999999999,0.089599999999999999,4.0,0.0,4.0,1.0,27.0
0.0,1.0,23.0,1.0,0.17999999999999999,0.19699999999999998,0.80000000000000004,0.16420000000000001,4.0,0.0,4.0,1.0,16.0
0.0,1.0,0.0,2.0,0.19999999999999998,0.21210000000000001,0.75,0.1343,4.0,0.0,5.0,1.0,9.0
0.0,1.0,1.0,2.0,0.19999999999999998,0.21210000000000001,0.75,0.1343,4.0,0.0,5.0,1.0,3.0
0.0,1.0,2.0,2.0,0.19999999999999998,0.21210000000000001,0.75,0.16420000000000001,4.0,0.0,5.0,1.0,2.0
0.0,1.0,3.0,2.0,0.19999999999999998,0.2273,0.75,0.1045,4.0,0.0,5.0,1.0,1.0
0.0,1.0,5.0,2.0,0.17999999999999999,0.21210000000000001,0.80000000000000004,0.1045,4.0,0.0,5.0,1.0,4.0
0.0,1.0,6.0,2.0,0.17999999999999999,0.19699999999999998,0.80000000000000004,0.1343,4.0,0.0,5.0,1.0,16.0
0.0,1.0,7.0,2.0,0.16,0.19699999999999998,0.85999999999999999,0.089599999999999999,4.0,0.0,5.0,1.0,60.0
0.0,1.0,8.0,2.0,0.16,0.19699999999999998,0.85999999999999999,0.089599999999999999,4.0,0.0,5.0,1.0,157.0
0.0,1.0,9.0,3.0,0.17999999999999999,0.21210000000000001,0.85999999999999999,0.089599999999999999,4.0,0.0,5.0,1.0,101.0
0.0,1.0,10.0,3.0,0.17999999999999999,0.21210000000000001,0.85999999999999999,0.1045,4.0,0.0,5.0,1.0,49.0
0.0,1.0,11.0,3.0,0.17999999999999999,0.21210000000000001,0.93000000000000005,0.1045,4.0,0.0,5.0,1.0,30.0
0.0,1.0,12.0,3.0,0.17999999999999999,0.21210000000000001,0.93000000000000005,0.1045,4.0,0.0,5.0,1.0,29.0
0.0,1.0,13.0,3.0,0.17999999999999999,0.21210000000000001,0.93000000000000005,0.1045,4.0,0.0,5.0,1.0,31.0
0.0,1.0,14.0,3.0,0.22,0.2727,0.80000000000000004,0.0,4.0,0.0,5.0,1.0,38.0
0.0,1.0,15.0,2.0,0.19999999999999998,0.2576,0.85999999999999999,0.0,4.0,0.0,5.0,1.0,41.0
0.0,1.0,16.0,1.0,0.22,0.2727,0.80000000000000004,0.0,4.0,0.0,5.0,1.0,80.0
0.0,1.0,17.0,1.0,0.23999999999999999,0.24239999999999998,0.75,0.1343,4.0,0.0,5.0,1.0,149.0
0.0,1.0,18.0,1.0,0.23999999999999999,0.2273,0.75,0.19399999999999998,4.0,0.0,5.0,1.0,109.0
0.0,1.0,19.0,2.0,0.23999999999999999,0.24239999999999998,0.75,0.1343,4.0,0.0,5.0,1.0,89.0
0.0,1.0,20.0,2.0,0.23999999999999999,0.2273,0.69999999999999996,0.19399999999999998,4.0,0.0,5.0,1.0,62.0
0.0,1.0,21.0,2.0,0.22,0.2273,0.75,0.1343,4.0,0.0,5.0,1.0,58.0
0.0,1.0,22.0,1.0,0.23999999999999999,0.21210000000000001,0.65000000000000002,0.35820000000000002,4.0,0.0,5.0,1.0,26.0
0.0,1.0,23.0,1.0,0.23999999999999999,0.2273,0.59999999999999998,0.22390000000000002,4.0,0.0,5.0,1.0,23.0
0.0,1.0,0.0,1.0,0.22,0.19699999999999998,0.64000000000000001,0.35820000000000002,4.0,0.0,6.0,0.0,28.0
0.0,1.0,1.0,1.0,0.22,0.2273,0.64000000000000001,0.19399999999999998,4.0,0.0,6.0,0.0,20.0
0.0,1.0,2.0,1.0,0.22,0.2273,0.64000000000000001,0.16420000000000001,4.0,0.0,6.0,0.0,15.0
0.0,1.0,3.0,1.0,0.19999999999999998,0.21210000000000001,0.64000000000000001,0.1343,4.0,0.0,6.0,0.0,8.0
0.0,1.0,4.0,1.0,0.16,0.18179999999999999,0.68999999999999995,0.1045,4.0,0.0,6.0,0.0,3.0
0.0,1.0,6.0,1.0,0.16,0.18179999999999999,0.64000000000000001,0.1343,4.0,0.0,6.0,0.0,2.0
0.0,1.0,7.0,1.0,0.16,0.18179999999999999,0.58999999999999997,0.1045,4.0,0.0,6.0,0.0,5.0
0.0,1.0,8.0,1.0,0.17999999999999999,0.19699999999999998,0.55000000000000004,0.16420000000000001,4.0,0.0,6.0,0.0,34.0
0.0,1.0,9.0,1.0,0.17999999999999999,0.21210000000000001,0.58999999999999997,0.089599999999999999,4.0,0.0,6.0,0.0,34.0
0.0,1.0,10.0,2.0,0.17999999999999999,0.21210000000000001,0.64000000000000001,0.1045,4.0,0.0,6.0,0.0,55.0
0.0,1.0,11.0,2.0,0.17999999999999999,0.19699999999999998,0.64000000000000001,0.1343,4.0,0.0,6.0,0.0,64.0
0.0,1.0,12.0,2.0,0.19999999999999998,0.19699999999999998,0.58999999999999997,0.19399999999999998,4.0,0.0,6.0,0.0,78.0
0.0,1.0,13.0,2.0,0.22,0.2273,0.55000000000000004,0.16420000000000001,4.0,0.0,6.0,0.0,65.0
0.0,1.0,14.0,2.0,0.22,0.2273,0.59999999999999998,0.1343,4.0,0.0,6.0,0.0,99.0
0.0,1.0,15.0,1.0,0.22,0.21210000000000001,0.68999999999999995,0.25370000000000004,4.0,0.0,6.0,0.0,120.0
0.0,1.0,16.0,1.0,0.23999999999999999,0.24239999999999998,0.59999999999999998,0.16420000000000001,4.0,0.0,6.0,0.0,107.0
0.0,1.0,17.0,1.0,0.23999999999999999,0.28789999999999999,0.59999999999999998,0.0,4.0,0.0,6.0,0.0,91.0
0.0,1.0,18.0,1.0,0.22,0.2273,0.68999999999999995,0.1343,4.0,0.0,6.0,0.0,68.0
0.0,1.0,19.0,2.0,0.22,0.21210000000000001,0.68999999999999995,0.25370000000000004,4.0,0.0,6.0,0.0,58.0
0.0,1.0,20.0,1.0,0.17999999999999999,0.21210000000000001,0.73999999999999999,0.089599999999999999,4.0,0.0,6.0,0.0,43.0
0.0,1.0,21.0,1.0,0.17999999999999999,0.21210000000000001,0.73999999999999999,0.089599999999999999,4.0,0.0,6.0,0.0,36.0
0.0,1.0,22.0,1.0,0.16,0.19699999999999998,0.80000000000000004,0.089599999999999999,4.0,0.0,6.0,0.0,32.0
0.0,1.0,23.0,1.0,0.16,0.19699999999999998,0.80000000000000004,0.089599999999999999,4.0,0.0,6.0,0.0,33.0
0.0,1.0,0.0,1.0,0.16,0.18179999999999999,0.80000000000000004,0.1045,4.0,0.0,7.0,0.0,33.0
0.0,1.0,1.0,1.0,0.14000000000000001,0.21210000000000001,0.80000000000000004,0.0,4.0,0.0,7.0,0.0,29.0
0.0,1.0,2.0,1.0,0.16,0.2273,0.80000000000000004,0.0,4.0,0.0,7.0,0.0,11.0
0.0,1.0,3.0,1.0,0.14000000000000001,0.21210000000000001,0.93000000000000005,0.0,4.0,0.0,7.0,0.0,8.0
0.0,1.0,4.0,1.0,0.14000000000000001,0.21210000000000001,0.93000000000000005,0.0,4.0,0.0,7.0,0.0,1.0
0.0,1.0,5.0,1.0,0.14000000000000001,0.21210000000000001,0.85999999999999999,0.0,4.0,0.0,7.0,0.0,3.0
0.0,1.0,7.0,1.0,0.14000000000000001,0.21210000000000001,0.85999999999999999,0.0,4.0,0.0,7.0,0.0,3.0
0.0,1.0,8.0,2.0,0.14000000000000001,0.21210000000000001,0.85999999999999999,0.0,4.0,0.0,7.0,0.0,12.0
0.0,1.0,9.0,2.0,0.16,0.2273,0.80000000000000004,0.0,4.0,0.0,7.0,0.0,38.0
0.0,1.0,10.0,2.0,0.17999999999999999,0.24239999999999998,0.80000000000000004,0.0,4.0,0.0,7.0,0.0,64.0
0.0,1.0,11.0,1.0,0.22,0.2727,0.75,0.0,4.0,0.0,7.0,0.0,59.0
0.0,1.0,12.0,1.0,0.30000000000000004,0.31819999999999998,0.52000000000000002,0.1045,4.0,0.0,7.0,0.0,97.0
0.0,1.0,13.0,1.0,0.28000000000000003,0.28789999999999999,0.60999999999999999,0.1045,4.0,0.0,7.0,0.0,84.0
0.0,1.0,14.0,1.0,0.28000000000000003,0.30299999999999999,0.60999999999999999,0.089599999999999999,4.0,0.0,7.0,0.0,122.0
0.0,1.0,15.0,1.0,0.30000000000000004,0.33329999999999999,0.56000000000000005,0.0,4.0,0.0,7.0,0.0,109.0
0.0,1.0,16.0,1.0,0.30000000000000004,0.33329999999999999,0.56000000000000005,0.0,4.0,0.0,7.0,0.0,123.0
0.0,1.0,17.0,1.0,0.30000000000000004,0.28789999999999999,0.56000000000000005,0.19399999999999998,4.0,0.0,7.0,0.0,77.0
0.0,1.0,18.0,1.0,0.26000000000000001,0.2576,0.65000000000000002,0.16420000000000001,4.0,0.0,7.0,0.0,65.0
0.0,1.0,19.0,1.0,0.26000000000000001,0.2576,0.65000000000000002,0.19399999999999998,4.0,0.0,7.0,0.0,55.0
0.0,1.0,20.0,2.0,0.26000000000000001,0.2727,0.65000000000000002,0.1045,4.0,0.0,7.0,0.0,33.0
0.0,1.0,21.0,2.0,0.23999999999999999,0.24239999999999998,0.69999999999999996,0.16420000000000001,4.0,0.0,7.0,0.0,28.0
0.0,1.0,22.0,2.0,0.23999999999999999,0.2273,0.69999999999999996,0.19399999999999998,4.0,0.0,7.0,0.0,21.0
0.0,1.0,23.0,2.0,0.23999999999999999,0.21210000000000001,0.65000000000000002,0.28360000000000002,4.0,0.0,7.0,0.0,21.0
0.0,1.0,0.0,2.0,0.23999999999999999,0.2273,0.65000000000000002,0.22390000000000002,4.0,0.0,1.0,1.0,7.0
0.0,1.0,1.0,1.0,0.22,0.21210000000000001,0.64000000000000001,0.25370000000000004,4.0,0.0,1.0,1.0,7.0
0.0,1.0,2.0,1.0,0.22,0.2273,0.64000000000000001,0.19399999999999998,4.0,0.0,1.0,1.0,1.0
0.0,1.0,3.0,1.0,0.22,0.2273,0.64000000000000001,0.19399999999999998,4.0,0.0,1.0,1.0,2.0
0.0,1.0,4.0,1.0,0.19999999999999998,0.19699999999999998,0.58999999999999997,0.22390000000000002,4.0,0.0,1.0,1.0,2.0
0.0,1.0,5.0,1.0,0.17999999999999999,0.16670000000000001,0.64000000000000001,0.28360000000000002,4.0,0.0,1.0,1.0,8.0
0.0,1.0,6.0,1.0,0.16,0.13639999999999999,0.68999999999999995,0.32840000000000003,4.0,0.0,1.0,1.0,37.0
0.0,1.0,7.0,2.0,0.16,0.13639999999999999,0.64000000000000001,0.28360000000000002,4.0,0.0,1.0,1.0,72.0
0.0,1.0,8.0,2.0,0.16,0.13639999999999999,0.58999999999999997,0.28360000000000002,4.0,0.0,1.0,1.0,185.0
0.0,1.0,9.0,2.0,0.16,0.13639999999999999,0.58999999999999997,0.29850000000000004,4.0,0.0,1.0,1.0,112.0
0.0,1.0,10.0,2.0,0.16,0.1515,0.58999999999999997,0.19399999999999998,4.0,0.0,1.0,1.0,69.0
0.0,1.0,11.0,2.0,0.16,0.1515,0.58999999999999997,0.19399999999999998,4.0,0.0,1.0,1.0,48.0
0.0,1.0,12.0,2.0,0.17999999999999999,0.21210000000000001,0.55000000000000004,0.1045,4.0,0.0,1.0,1.0,68.0
0.0,1.0,13.0,2.0,0.16,0.2273,0.58999999999999997,0.0,4.0,0.0,1.0,1.0,54.0
0.0,1.0,14.0,2.0,0.17999999999999999,0.19699999999999998,0.55000000000000004,0.1343,4.0,0.0,1.0,1.0,86.0
0.0,1.0,15.0,2.0,0.16,0.18179999999999999,0.58999999999999997,0.1343,4.0,0.0,1.0,1.0,44.0
0.0,1.0,16.0,2.0,0.16,0.18179999999999999,0.56000000000000005,0.19399999999999998,4.0,0.0,1.0,1.0,86.0
0.0,1.0,17.0,2.0,0.16,0.1515,0.58999999999999997,0.19399999999999998,4.0,0.0,1.0,1.0,161.0
0.0,1.0,18.0,2.0,0.16,0.1515,0.55000000000000004,0.22390000000000002,4.0,0.0,1.0,1.0,156.0
0.0,1.0,19.0,1.0,0.30000000000000004,0.31819999999999998,0.60999999999999999,0.1045,4.0,0.0,1.0,1.0,111.0
0.0,1.0,20.0,3.0,0.16,0.16670000000000001,0.58999999999999997,0.16420000000000001,4.0,0.0,1.0,1.0,78.0
0.0,1.0,21.0,3.0,0.16,0.19699999999999998,0.58999999999999997,0.089599999999999999,4.0,0.0,1.0,1.0,56.0
0.0,1.0,22.0,2.0,0.16,0.18179999999999999,0.58999999999999997,0.1045,4.0,0.0,1.0,1.0,34.0
0.0,1.0,23.0,2.0,0.16,0.19699999999999998,0.64000000000000001,0.089599999999999999,4.0,0.0,1.0,1.0,17.0
0.0,2.0,0.0,2.0,0.16,0.18179999999999999,0.64000000000000001,0.1045,4.0,0.0,2.0,1.0,8.0
0.0,2.0,1.0,2.0,0.16,0.18179999999999999,0.68999999999999995,0.1045,4.0,0.0,2.0,1.0,3.0
0.0,2.0,2.0,2.0,0.16,0.2273,0.68999999999999995,0.0,4.0,0.0,2.0,1.0,2.0
0.0,2.0,3.0,2.0,0.16,0.2273,0.68999999999999995,0.0,4.0,0.0,2.0,1.0,2.0
0.0,2.0,5.0,3.0,0.14000000000000001,0.21210000000000001,0.93000000000000005,0.0,4.0,0.0,2.0,1.0,3.0
0.0,2.0,6.0,3.0,0.14000000000000001,0.21210000000000001,0.93000000000000005,0.0,4.0,0.0,2.0,1.0,22.0
0.0,2.0,7.0,3.0,0.16,0.2273,0.93000000000000005,0.0,4.0,0.0,2.0,1.0,52.0
0.0,2.0,8.0,3.0,0.16,0.2273,0.93000000000000005,0.0,4.0,0.0,2.0,1.0,135.0
0.0,2.0,9.0,2.0,0.16,0.2273,0.93000000000000005,0.0,4.0,0.0,2.0,1.0,116.0
0.0,2.0,10.0,2.0,0.16,0.2273,0.93000000000000005,0.0,4.0,0.0,2.0,1.0,47.0
0.0,2.0,11.0,2.0,0.17999999999999999,0.24239999999999998,0.85999999999999999,0.0,4.0,0.0,2.0,1.0,51.0
0.0,2.0,12.0,2.0,0.19999999999999998,0.2576,0.85999999999999999,0.0,4.0,0.0,2.0,1.0,55.0
0.0,2.0,13.0,2.0,0.19999999999999998,0.2576,0.85999999999999999,0.0,4.0,0.0,2.0,1.0,52.0
0.0,2.0,14.0,2.0,0.22,0.2576,0.80000000000000004,0.089599999999999999,4.0,0.0,2.0,1.0,54.0
0.0,2.0,15.0,2.0,0.23999999999999999,0.28789999999999999,0.75,0.0,4.0,0.0,2.0,1.0,52.0
0.0,2.0,16.0,2.0,0.23999999999999999,0.24239999999999998,0.75,0.1343,4.0,0.0,2.0,1.0,64.0
0.0,2.0,17.0,2.0,0.23999999999999999,0.28789999999999999,0.75,0.0,4.0,0.0,2.0,1.0,176.0
0.0,2.0,18.0,2.0,0.23999999999999999,0.2576,0.81000000000000005,0.1045,4.0,0.0,2.0,1.0,168.0
0.0,2.0,19.0,2.0,0.23999999999999999,0.24239999999999998,0.81000000000000005,0.1343,4.0,0.0,2.0,1.0,108.0
0.0,2.0,20.0,2.0,0.22,0.2273,0.87,0.1343,4.0,0.0,2.0,1.0,74.0
0.0,2.0,21.0,2.0,0.22,0.2273,0.87,0.1343,4.0,0.0,2.0,1.0,64.0
0.0,2.0,22.0,2.0,0.22,0.2576,0.87,0.089599999999999999,4.0,0.0,2.0,1.0,36.0
0.0,2.0,23.0,3.0,0.19999999999999998,0.19699999999999998,0.93000000000000005,0.19399999999999998,4.0,0.0,2.0,1.0,16.0
0.0,2.0,0.0,3.0,0.22,0.24239999999999998,0.93000000000000005,0.1045,4.0,0.0,3.0,1.0,2.0
0.0,2.0,1.0,3.0,0.22,0.2273,0.93000000000000005,0.19399999999999998,4.0,0.0,3.0,1.0,3.0
0.0,2.0,2.0,3.0,0.22,0.2273,0.93000000000000005,0.1343,4.0,0.0,3.0,1.0,4.0
0.0,2.0,3.0,3.0,0.22,0.2273,0.93000000000000005,0.1343,4.0,0.0,3.0,1.0,1.0
0.0,2.0,4.0,3.0,0.22,0.21210000000000001,0.93000000000000005,0.28360000000000002,4.0,0.0,3.0,1.0,1.0
0.0,2.0,5.0,3.0,0.22,0.24239999999999998,0.93000000000000005,0.1045,4.0,0.0,3.0,1.0,3.0
0.0,2.0,6.0,3.0,0.22,0.24239999999999998,0.93000000000000005,0.1045,4.0,0.0,3.0,1.0,18.0
0.0,2.0,7.0,3.0,0.22,0.21210000000000001,0.93000000000000005,0.22390000000000002,4.0,0.0,3.0,1.0,49.0
0.0,2.0,8.0,3.0,0.22,0.21210000000000001,0.93000000000000005,0.22390000000000002,4.0,0.0,3.0,1.0,155.0
0.0,2.0,9.0,2.0,0.23999999999999999,0.2576,0.93000000000000005,0.089599999999999999,4.0,0.0,3.0,1.0,123.0
0.0,2.0,10.0,2.0,0.22,0.2727,1.0,0.0,4.0,0.0,3.0,1.0,61.0
0.0,2.0,11.0,2.0,0.23999999999999999,0.2273,0.93000000000000005,0.19399999999999998,4.0,0.0,3.0,1.0,52.0
0.0,2.0,12.0,2.0,0.23999999999999999,0.2273,0.93000000000000005,0.22390000000000002,4.0,0.0,3.0,1.0,64.0
0.0,2.0,13.0,1.0,0.33999999999999997,0.33329999999999999,0.93000000000000005,0.16420000000000001,4.0,0.0,3.0,1.0,75.0
0.0,2.0,14.0,1.0,0.38,0.39390000000000003,0.81999999999999995,0.3881,4.0,0.0,3.0,1.0,63.0
0.0,2.0,15.0,1.0,0.38,0.39390000000000003,0.76000000000000001,0.32840000000000003,4.0,0.0,3.0,1.0,76.0
0.0,2.0,16.0,1.0,0.35999999999999999,0.33329999999999999,0.70999999999999996,0.29850000000000004,4.0,0.0,3.0,1.0,103.0
0.0,2.0,17.0,1.0,0.35999999999999999,0.31819999999999998,0.53000000000000003,0.52239999999999998,4.0,0.0,3.0,1.0,190.0
0.0,2.0,18.0,1.0,0.33999999999999997,0.28789999999999999,0.41999999999999998,0.55220000000000002,4.0,0.0,3.0,1.0,182.0
0.0,2.0,19.0,1.0,0.28000000000000003,0.24239999999999998,0.45000000000000001,0.49250000000000005,4.0,0.0,3.0,1.0,91.0
0.0,2.0,20.0,1.0,0.23999999999999999,0.19699999999999998,0.47999999999999998,0.55220000000000002,4.0,0.0,3.0,1.0,75.0
0.0,2.0,21.0,1.0,0.22,0.19699999999999998,0.46999999999999997,0.32840000000000003,4.0,0.0,3.0,1.0,63.0
0.0,2.0,22.0,1.0,0.22,0.21210000000000001,0.44,0.25370000000000004,4.0,0.0,3.0,1.0,40.0
0.0,2.0,23.0,1.0,0.19999999999999998,0.16670000000000001,0.44,0.44780000000000003,4.0,0.0,3.0,1.0,32.0
0.0,2.0,0.0,1.0,0.19999999999999998,0.16670000000000001,0.40000000000000002,0.44780000000000003,4.0,0.0,4.0,1.0,12.0
0.0,2.0,1.0,1.0,0.19999999999999998,0.1515,0.44,0.52239999999999998,4.0,0.0,4.0,1.0,5.0
0.0,2.0,2.0,1.0,0.17999999999999999,0.16670000000000001,0.42999999999999999,0.25370000000000004,4.0,0.0,4.0,1.0,2.0
0.0,2.0,3.0,1.0,0.17999999999999999,0.16670000000000001,0.42999999999999999,0.25370000000000004,4.0,0.0,4.0,1.0,1.0
0.0,2.0,5.0,1.0,0.16,0.13639999999999999,0.5,0.29850000000000004,4.0,0.0,4.0,1.0,2.0
0.0,2.0,6.0,1.0,0.16,0.13639999999999999,0.42999999999999999,0.35820000000000002,4.0,0.0,4.0,1.0,39.0
0.0,2.0,7.0,1.0,0.14000000000000001,0.12119999999999999,0.5,0.32840000000000003,4.0,0.0,4.0,1.0,87.0
0.0,2.0,8.0,1.0,0.14000000000000001,0.12119999999999999,0.5,0.35820000000000002,4.0,0.0,4.0,1.0,188.0
0.0,2.0,9.0,1.0,0.16,0.13639999999999999,0.46999999999999997,0.29850000000000004,4.0,0.0,4.0,1.0,133.0
0.0,2.0,10.0,1.0,0.17999999999999999,0.1515,0.42999999999999999,0.32840000000000003,4.0,0.0,4.0,1.0,52.0
0.0,2.0,11.0,1.0,0.17999999999999999,0.13639999999999999,0.42999999999999999,0.44780000000000003,4.0,0.0,4.0,1.0,64.0
0.0,2.0,12.0,1.0,0.19999999999999998,0.18179999999999999,0.40000000000000002,0.35820000000000002,4.0,0.0,4.0,1.0,69.0
0.0,2.0,13.0,1.0,0.19999999999999998,0.16670000000000001,0.40000000000000002,0.41790000000000005,4.0,0.0,4.0,1.0,51.0
0.0,2.0,14.0,1.0,0.22,0.19699999999999998,0.37,0.3881,4.0,0.0,4.0,1.0,47.0
0.0,2.0,15.0,1.0,0.22,0.19699999999999998,0.37,0.32840000000000003,4.0,0.0,4.0,1.0,60.0
0.0,2.0,16.0,1.0,0.22,0.21210000000000001,0.37,0.25370000000000004,4.0,0.0,4.0,1.0,78.0
0.0,2.0,17.0,1.0,0.19999999999999998,0.19699999999999998,0.40000000000000002,0.19399999999999998,4.0,0.0,4.0,1.0,175.0
0.0,2.0,18.0,1.0,0.19999999999999998,0.21210000000000001,0.40000000000000002,0.16420000000000001,4.0,0.0,4.0,1.0,147.0
0.0,2.0,19.0,1.0,0.19999999999999998,0.2576,0.40000000000000002,0.0,4.0,0.0,4.0,1.0,96.0
0.0,2.0,20.0,1.0,0.19999999999999998,0.2273,0.46999999999999997,0.089599999999999999,4.0,0.0,4.0,1.0,109.0
0.0,2.0,21.0,1.0,0.17999999999999999,0.21210000000000001,0.55000000000000004,0.1045,4.0,0.0,4.0,1.0,54.0
0.0,2.0,22.0,1.0,0.17999999999999999,0.21210000000000001,0.51000000000000001,0.089599999999999999,4.0,0.0,4.0,1.0,41.0
0.0,2.0,23.0,1.0,0.19999999999999998,0.2273,0.46999999999999997,0.1045,4.0,0.0,4.0,1.0,38.0
0.0,2.0,0.0,2.0,0.19999999999999998,0.2576,0.44,0.0,4.0,0.0,5.0,1.0,13.0
0.0,2.0,1.0,2.0,0.16,0.2273,0.58999999999999997,0.0,4.0,0.0,5.0,1.0,7.0
0.0,2.0,2.0,2.0,0.14000000000000001,0.16670000000000001,0.63,0.1045,4.0,0.0,5.0,1.0,1.0
0.0,2.0,3.0,2.0,0.14000000000000001,0.16670000000000001,0.63,0.1045,4.0,0.0,5.0,1.0,1.0
0.0,2.0,5.0,2.0,0.14000000000000001,0.1515,0.63,0.1343,4.0,0.0,5.0,1.0,7.0
0.0,2.0,6.0,2.0,0.16,0.2273,0.55000000000000004,0.0,4.0,0.0,5.0,1.0,28.0
0.0,2.0,7.0,1.0,0.14000000000000001,0.21210000000000001,0.58999999999999997,0.0,4.0,0.0,5.0,1.0,87.0
0.0,2.0,8.0,1.0,0.14000000000000001,0.1515,0.73999999999999999,0.1343,4.0,0.0,5.0,1.0,220.0
0.0,2.0,9.0,2.0,0.16,0.18179999999999999,0.80000000000000004,0.1343,4.0,0.0,5.0,1.0,127.0
0.0,2.0,10.0,2.0,0.19999999999999998,0.21210000000000001,0.51000000000000001,0.1343,4.0,0.0,5.0,1.0,51.0
0.0,2.0,11.0,1.0,0.22,0.2273,0.51000000000000001,0.16420000000000001,4.0,0.0,5.0,1.0,64.0
0.0,2.0,12.0,2.0,0.23999999999999999,0.24239999999999998,0.47999999999999998,0.16420000000000001,4.0,0.0,5.0,1.0,86.0
0.0,2.0,13.0,2.0,0.26000000000000001,0.2576,0.5,0.22390000000000002,4.0,0.0,5.0,1.0,82.0
0.0,2.0,14.0,2.0,0.28000000000000003,0.2727,0.45000000000000001,0.16420000000000001,4.0,0.0,5.0,1.0,91.0
0.0,2.0,15.0,2.0,0.28000000000000003,0.2727,0.47999999999999998,0.25370000000000004,4.0,0.0,5.0,1.0,90.0
0.0,2.0,16.0,2.0,0.30000000000000004,0.28789999999999999,0.41999999999999998,0.22390000000000002,4.0,0.0,5.0,1.0,99.0
0.0,2.0,17.0,2.0,0.26000000000000001,0.2727,0.56000000000000005,0.1343,4.0,0.0,5.0,1.0,205.0
0.0,2.0,18.0,2.0,0.23999999999999999,0.2576,0.59999999999999998,0.1045,4.0,0.0,5.0,1.0,155.0
0.0,2.0,19.0,2.0,0.23999999999999999,0.24239999999999998,0.65000000000000002,0.1343,4.0,0.0,5.0,1.0,103.0
0.0,2.0,20.0,2.0,0.23999999999999999,0.24239999999999998,0.65000000000000002,0.16420000000000001,4.0,0.0,5.0,1.0,71.0
0.0,2.0,21.0,2.0,0.23999999999999999,0.24239999999999998,0.69999999999999996,0.16420000000000001,4.0,0.0,5.0,1.0,43.0
0.0,2.0,22.0,2.0,0.23999999999999999,0.24239999999999998,0.65000000000000002,0.16420000000000001,4.0,0.0,5.0,1.0,46.0
0.0,2.0,23.0,2.0,0.23999999999999999,0.24239999999999998,0.69999999999999996,0.1343,4.0,0.0,5.0,1.0,31.0
0.0,2.0,0.0,2.0,0.23999999999999999,0.24239999999999998,0.69999999999999996,0.16420000000000001,4.0,0.0,6.0,0.0,39.0
0.0,2.0,1.0,2.0,0.23999999999999999,0.24239999999999998,0.65000000000000002,0.16420000000000001,4.0,0.0,6.0,0.0,18.0
0.0,2.0,2.0,2.0,0.23999999999999999,0.24239999999999998,0.75,0.16420000000000001,4.0,0.0,6.0,0.0,17.0
0.0,2.0,3.0,2.0,0.23999999999999999,0.24239999999999998,0.75,0.16420000000000001,4.0,0.0,6.0,0.0,11.0
0.0,2.0,4.0,3.0,0.22,0.2273,0.93000000000000005,0.1343,4.0,0.0,6.0,0.0,8.0
0.0,2.0,5.0,3.0,0.19999999999999998,0.2273,1.0,0.089599999999999999,4.0,0.0,6.0,0.0,9.0
0.0,2.0,6.0,3.0,0.19999999999999998,0.2576,1.0,0.0,4.0,0.0,6.0,0.0,4.0
0.0,2.0,7.0,3.0,0.22,0.2576,0.93000000000000005,0.089599999999999999,4.0,0.0,6.0,0.0,4.0
0.0,2.0,8.0,3.0,0.19999999999999998,0.2273,1.0,0.089599999999999999,4.0,0.0,6.0,0.0,10.0
0.0,2.0,9.0,3.0,0.19999999999999998,0.2273,1.0,0.089599999999999999,4.0,0.0,6.0,0.0,20.0
0.0,2.0,10.0,3.0,0.19999999999999998,0.21210000000000001,1.0,0.1343,4.0,0.0,6.0,0.0,34.0
0.0,2.0,11.0,3.0,0.22,0.2273,1.0,0.1343,4.0,0.0,6.0,0.0,47.0
0.0,2.0,12.0,3.0,0.22,0.2273,1.0,0.16420000000000001,4.0,0.0,6.0,0.0,52.0
0.0,2.0,13.0,3.0,0.22,0.2273,1.0,0.16420000000000001,4.0,0.0,6.0,0.0,72.0
0.0,2.0,14.0,3.0,0.22,0.2727,1.0,0.0,4.0,0.0,6.0,0.0,55.0
0.0,2.0,15.0,3.0,0.22,0.2727,1.0,0.0,4.0,0.0,6.0,0.0,60.0
0.0,2.0,16.0,3.0,0.22,0.2273,1.0,0.1343,4.0,0.0,6.0,0.0,71.0
0.0,2.0,17.0,2.0,0.23999999999999999,0.21210000000000001,1.0,0.28360000000000002,4.0,0.0,6.0,0.0,78.0
0.0,2.0,18.0,2.0,0.28000000000000003,0.24239999999999998,0.93000000000000005,0.44780000000000003,4.0,0.0,6.0,0.0,83.0
0.0,2.0,19.0,2.0,0.28000000000000003,0.24239999999999998,0.93000000000000005,0.44780000000000003,4.0,0.0,6.0,0.0,84.0
0.0,2.0,20.0,1.0,0.30000000000000004,0.28789999999999999,0.87,0.25370000000000004,4.0,0.0,6.0,0.0,69.0
0.0,2.0,21.0,1.0,0.26000000000000001,0.2576,1.0,0.19399999999999998,4.0,0.0,6.0,0.0,56.0
0.0,2.0,22.0,1.0,0.26000000000000001,0.2727,0.93000000000000005,0.1343,4.0,0.0,6.0,0.0,45.0
0.0,2.0,23.0,1.0,0.26000000000000001,0.2576,0.93000000000000005,0.22390000000000002,4.0,0.0,6.0,0.0,59.0
0.0,2.0,0.0,1.0,0.26000000000000001,0.2576,0.69999999999999996,0.19399999999999998,4.0,0.0,7.0,0.0,39.0
0.0,2.0,1.0,1.0,0.26000000000000001,0.2273,0.65000000000000002,0.41790000000000005,4.0,0.0,7.0,0.0,44.0
0.0,2.0,2.0,1.0,0.26000000000000001,0.2273,0.59999999999999998,0.32840000000000003,4.0,0.0,7.0,0.0,20.0
0.0,2.0,3.0,1.0,0.26000000000000001,0.28789999999999999,0.59999999999999998,0.089599999999999999,4.0,0.0,7.0,0.0,13.0
0.0,2.0,4.0,1.0,0.26000000000000001,0.2273,0.59999999999999998,0.35820000000000002,4.0,0.0,7.0,0.0,2.0
0.0,2.0,5.0,1.0,0.26000000000000001,0.2576,0.59999999999999998,0.22390000000000002,4.0,0.0,7.0,0.0,1.0
0.0,2.0,6.0,1.0,0.26000000000000001,0.2576,0.59999999999999998,0.22390000000000002,4.0,0.0,7.0,0.0,1.0
0.0,2.0,7.0,1.0,0.23999999999999999,0.24239999999999998,0.65000000000000002,0.16420000000000001,4.0,0.0,7.0,0.0,8.0
0.0,2.0,8.0,1.0,0.23999999999999999,0.2576,0.65000000000000002,0.1045,4.0,0.0,7.0,0.0,23.0
0.0,2.0,9.0,1.0,0.28000000000000003,0.28789999999999999,0.56000000000000005,0.1045,4.0,0.0,7.0,0.0,45.0
0.0,2.0,10.0,1.0,0.30000000000000004,0.28789999999999999,0.52000000000000002,0.25370000000000004,4.0,0.0,7.0,0.0,89.0
0.0,2.0,11.0,1.0,0.32000000000000001,0.30299999999999999,0.48999999999999999,0.25370000000000004,4.0,0.0,7.0,0.0,117.0
0.0,2.0,12.0,1.0,0.33999999999999997,0.33329999999999999,0.46000000000000002,0.0,4.0,0.0,7.0,0.0,174.0
0.0,2.0,13.0,1.0,0.33999999999999997,0.36359999999999998,0.46000000000000002,0.0,4.0,0.0,7.0,0.0,182.0
0.0,2.0,14.0,1.0,0.33999999999999997,0.34850000000000003,0.46000000000000002,0.089599999999999999,4.0,0.0,7.0,0.0,161.0
0.0,2.0,15.0,1.0,0.33999999999999997,0.34850000000000003,0.46000000000000002,0.089599999999999999,4.0,0.0,7.0,0.0,182.0
0.0,2.0,16.0,1.0,0.33999999999999997,0.34850000000000003,0.48999999999999999,0.1045,4.0,0.0,7.0,0.0,157.0
0.0,2.0,17.0,1.0,0.33999999999999997,0.36359999999999998,0.46000000000000002,0.0,4.0,0.0,7.0,0.0,121.0
0.0,2.0,18.0,1.0,0.30000000000000004,0.30299999999999999,0.56000000000000005,0.16420000000000001,4.0,0.0,7.0,0.0,78.0
0.0,2.0,19.0,1.0,0.28000000000000003,0.28789999999999999,0.60999999999999999,0.1343,4.0,0.0,7.0,0.0,21.0
0.0,2.0,20.0,1.0,0.28000000000000003,0.28789999999999999,0.60999999999999999,0.1045,4.0,0.0,7.0,0.0,26.0
0.0,2.0,21.0,1.0,0.26000000000000001,0.30299999999999999,0.59999999999999998,0.0,4.0,0.0,7.0,0.0,27.0
0.0,2.0,22.0,1.0,0.26000000000000001,0.30299999999999999,0.59999999999999998,0.0,4.0,0.0,7.0,0.0,62.0
0.0,2.0,23.0,1.0,0.23999999999999999,0.28789999999999999,0.65000000000000002,0.0,4.0,0.0,7.0,0.0,30.0
0.0,2.0,0.0,1.0,0.23999999999999999,0.28789999999999999,0.65000000000000002,0.0,4.0,0.0,1.0,1.0,15.0
0.0,2.0,1.0,1.0,0.22,0.2727,0.75,0.0,4.0,0.0,1.0,1.0,5.0
0.0,2.0,2.0,1.0,0.19999999999999998,0.2576,0.80000000000000004,0.0,4.0,0.0,1.0,1.0,3.0
0.0,2.0,3.0,1.0,0.19999999999999998,0.2576,0.85999999999999999,0.0,4.0,0.0,1.0,1.0,1.0
0.0,2.0,4.0,1.0,0.19999999999999998,0.2576,0.85999999999999999,0.0,4.0,0.0,1.0,1.0,2.0
0.0,2.0,5.0,1.0,0.19999999999999998,0.2576,0.85999999999999999,0.0,4.0,0.0,1.0,1.0,10.0
0.0,2.0,6.0,1.0,0.17999999999999999,0.24239999999999998,0.93000000000000005,0.0,4.0,0.0,1.0,1.0,30.0
0.0,2.0,7.0,1.0,0.17999999999999999,0.24239999999999998,0.85999999999999999,0.0,4.0,0.0,1.0,1.0,95.0
0.0,2.0,8.0,2.0,0.16,0.2273,1.0,0.0,4.0,0.0,1.0,1.0,230.0
0.0,2.0,9.0,1.0,0.22,0.2727,0.80000000000000004,0.0,4.0,0.0,1.0,1.0,118.0
0.0,2.0,10.0,1.0,0.23999999999999999,0.2576,0.75,0.1045,4.0,0.0,1.0,1.0,55.0
0.0,2.0,11.0,1.0,0.30000000000000004,0.31819999999999998,0.65000000000000002,0.089599999999999999,4.0,0.0,1.0,1.0,47.0
0.0,2.0,12.0,2.0,0.32000000000000001,0.34850000000000003,0.62,0.0,4.0,0.0,1.0,1.0,66.0
0.0,2.0,13.0,2.0,0.35999999999999999,0.36359999999999998,0.56999999999999995,0.089599999999999999,4.0,0.0,1.0,1.0,64.0
0.0,2.0,14.0,2.0,0.35999999999999999,0.36359999999999998,0.56999999999999995,0.089599999999999999,4.0,0.0,1.0,1.0,60.0
0.0,2.0,15.0,2.0,0.38,0.39390000000000003,0.54000000000000004,0.089599999999999999,4.0,0.0,1.0,1.0,50.0
0.0,2.0,16.0,2.0,0.35999999999999999,0.34850000000000003,0.56999999999999995,0.1343,4.0,0.0,1.0,1.0,114.0
0.0,2.0,17.0,2.0,0.32000000000000001,0.31819999999999998,0.69999999999999996,0.16420000000000001,4.0,0.0,1.0,1.0,216.0
0.0,2.0,18.0,2.0,0.33999999999999997,0.33329999999999999,0.66000000000000003,0.1343,4.0,0.0,1.0,1.0,175.0
0.0,2.0,19.0,2.0,0.32000000000000001,0.34850000000000003,0.69999999999999996,0.0,4.0,0.0,1.0,1.0,128.0
0.0,2.0,20.0,2.0,0.32000000000000001,0.33329999999999999,0.69999999999999996,0.1045,4.0,0.0,1.0,1.0,88.0
0.0,2.0,21.0,1.0,0.32000000000000001,0.34850000000000003,0.69999999999999996,0.0,4.0,0.0,1.0,1.0,78.0
0.0,2.0,22.0,1.0,0.28000000000000003,0.30299999999999999,0.81000000000000005,0.089599999999999999,4.0,0.0,1.0,1.0,37.0
0.0,2.0,23.0,2.0,0.30000000000000004,0.33329999999999999,0.81000000000000005,0.0,4.0,0.0,1.0,1.0,25.0
0.0,2.0,0.0,2.0,0.28000000000000003,0.31819999999999998,0.87,0.0,4.0,0.0,2.0,1.0,10.0
0.0,2.0,1.0,2.0,0.28000000000000003,0.31819999999999998,0.87,0.0,4.0,0.0,2.0,1.0,4.0
0.0,2.0,2.0,2.0,0.26000000000000001,0.2727,0.93000000000000005,0.1045,4.0,0.0,2.0,1.0,2.0
0.0,2.0,3.0,3.0,0.28000000000000003,0.2727,0.93000000000000005,0.16420000000000001,4.0,0.0,2.0,1.0,1.0
0.0,2.0,4.0,1.0,0.26000000000000001,0.2576,0.93000000000000005,0.16420000000000001,4.0,0.0,2.0,1.0,3.0
0.0,2.0,5.0,1.0,0.26000000000000001,0.2273,0.81000000000000005,0.32840000000000003,4.0,0.0,2.0,1.0,2.0
0.0,2.0,6.0,1.0,0.26000000000000001,0.2273,0.69999999999999996,0.32840000000000003,4.0,0.0,2.0,1.0,39.0
0.0,2.0,7.0,1.0,0.23999999999999999,0.19699999999999998,0.65000000000000002,0.41790000000000005,4.0,0.0,2.0,1.0,100.0
0.0,2.0,8.0,1.0,0.23999999999999999,0.19699999999999998,0.56000000000000005,0.49250000000000005,4.0,0.0,2.0,1.0,243.0
0.0,2.0,9.0,1.0,0.23999999999999999,0.19699999999999998,0.52000000000000002,0.49250000000000005,4.0,0.0,2.0,1.0,135.0
0.0,2.0,10.0,1.0,0.22,0.18179999999999999,0.46999999999999997,0.55220000000000002,4.0,0.0,2.0,1.0,48.0
0.0,2.0,11.0,1.0,0.22,0.18179999999999999,0.46999999999999997,0.4627,4.0,0.0,2.0,1.0,50.0
0.0,2.0,12.0,1.0,0.23999999999999999,0.19699999999999998,0.38,0.49250000000000005,4.0,0.0,2.0,1.0,65.0
0.0,2.0,13.0,2.0,0.23999999999999999,0.19699999999999998,0.32000000000000001,0.44780000000000003,4.0,0.0,2.0,1.0,50.0
0.0,2.0,14.0,1.0,0.22,0.19699999999999998,0.37,0.41790000000000005,4.0,0.0,2.0,1.0,64.0
0.0,2.0,15.0,1.0,0.22,0.19699999999999998,0.34999999999999998,0.3881,4.0,0.0,2.0,1.0,51.0
0.0,2.0,16.0,1.0,0.22,0.18179999999999999,0.34999999999999998,0.52239999999999998,4.0,0.0,2.0,1.0,83.0
0.0,2.0,17.0,1.0,0.22,0.18179999999999999,0.32000000000000001,0.58210000000000006,4.0,0.0,2.0,1.0,176.0
0.0,2.0,18.0,1.0,0.19999999999999998,0.18179999999999999,0.32000000000000001,0.3881,4.0,0.0,2.0,1.0,152.0
0.0,2.0,19.0,1.0,0.16,0.12119999999999999,0.40000000000000002,0.4627,4.0,0.0,2.0,1.0,101.0
0.0,2.0,20.0,1.0,0.16,0.13639999999999999,0.40000000000000002,0.32840000000000003,4.0,0.0,2.0,1.0,56.0
0.0,2.0,21.0,1.0,0.14000000000000001,0.1061,0.33000000000000002,0.4627,4.0,0.0,2.0,1.0,54.0
0.0,2.0,22.0,1.0,0.12,0.1061,0.33000000000000002,0.35820000000000002,4.0,0.0,2.0,1.0,29.0
0.0,2.0,23.0,1.0,0.12,0.1061,0.33000000000000002,0.32840000000000003,4.0,0.0,2.0,1.0,12.0
0.0,2.0,0.0,1.0,0.099999999999999992,0.075800000000000006,0.35999999999999999,0.35820000000000002,4.0,0.0,3.0,1.0,17.0
0.0,2.0,1.0,1.0,0.099999999999999992,0.1061,0.35999999999999999,0.22390000000000002,4.0,0.0,3.0,1.0,7.0
0.0,2.0,2.0,1.0,0.080000000000000002,0.075800000000000006,0.38,0.28360000000000002,4.0,0.0,3.0,1.0,3.0
0.0,2.0,3.0,1.0,0.059999999999999998,0.075800000000000006,0.45000000000000001,0.1343,4.0,0.0,3.0,1.0,2.0
0.0,2.0,5.0,1.0,0.059999999999999998,0.1061,0.45000000000000001,0.1045,4.0,0.0,3.0,1.0,7.0
0.0,2.0,6.0,1.0,0.059999999999999998,0.1515,0.45000000000000001,0.0,4.0,0.0,3.0,1.0,43.0
0.0,2.0,7.0,1.0,0.059999999999999998,0.1061,0.48999999999999999,0.1045,4.0,0.0,3.0,1.0,99.0
0.0,2.0,8.0,1.0,0.099999999999999992,0.13639999999999999,0.41999999999999998,0.0,4.0,0.0,3.0,1.0,199.0
0.0,2.0,9.0,1.0,0.12,0.13639999999999999,0.39000000000000001,0.16420000000000001,4.0,0.0,3.0,1.0,123.0
0.0,2.0,10.0,1.0,0.14000000000000001,0.18179999999999999,0.35999999999999999,0.0,4.0,0.0,3.0,1.0,59.0
0.0,2.0,11.0,2.0,0.14000000000000001,0.1515,0.42999999999999999,0.16420000000000001,4.0,0.0,3.0,1.0,41.0
0.0,2.0,12.0,2.0,0.17999999999999999,0.18179999999999999,0.40000000000000002,0.22390000000000002,4.0,0.0,3.0,1.0,61.0
0.0,2.0,13.0,1.0,0.17999999999999999,0.16670000000000001,0.40000000000000002,0.25370000000000004,4.0,0.0,3.0,1.0,69.0
0.0,2.0,14.0,1.0,0.19999999999999998,0.18179999999999999,0.34000000000000002,0.29850000000000004,4.0,0.0,3.0,1.0,58.0
0.0,2.0,15.0,2.0,0.19999999999999998,0.18179999999999999,0.34000000000000002,0.28360000000000002,4.0,0.0,3.0,1.0,64.0
0.0,2.0,16.0,2.0,0.19999999999999998,0.19699999999999998,0.37,0.25370000000000004,4.0,0.0,3.0,1.0,79.0
0.0,2.0,17.0,2.0,0.19999999999999998,0.19699999999999998,0.34000000000000002,0.25370000000000004,4.0,0.0,3.0,1.0,166.0
0.0,2.0,18.0,2.0,0.17999999999999999,0.16670000000000001,0.46999999999999997,0.29850000000000004,4.0,0.0,3.0,1.0,170.0
0.0,2.0,19.0,3.0,0.14000000000000001,0.12119999999999999,0.85999999999999999,0.25370000000000004,4.0,0.0,3.0,1.0,88.0
0.0,2.0,20.0,3.0,0.14000000000000001,0.1515,0.85999999999999999,0.16420000000000001,4.0,0.0,3.0,1.0,84.0
0.0,2.0,21.0,2.0,0.14000000000000001,0.1515,0.85999999999999999,0.16420000000000001,4.0,0.0,3.0,1.0,83.0
0.0,2.0,22.0,3.0,0.16,0.16670000000000001,0.80000000000000004,0.16420000000000001,4.0,0.0,3.0,1.0,46.0
0.0,2.0,23.0,3.0,0.16,0.1515,0.80000000000000004,0.19399999999999998,4.0,0.0,3.0,1.0,37.0
0.0,2.0,0.0,3.0,0.14000000000000001,0.13639999999999999,0.85999999999999999,0.19399999999999998,4.0,0.0,4.0,1.0,16.0
0.0,2.0,1.0,3.0,0.14000000000000001,0.1515,0.80000000000000004,0.1343,4.0,0.0,4.0,1.0,7.0
0.0,2.0,2.0,3.0,0.14000000000000001,0.1515,0.80000000000000004,0.1343,4.0,0.0,4.0,1.0,3.0
0.0,2.0,4.0,2.0,0.14000000000000001,0.13639999999999999,0.58999999999999997,0.22390000000000002,4.0,0.0,4.0,1.0,1.0
0.0,2.0,5.0,2.0,0.12,0.12119999999999999,0.5,0.22390000000000002,4.0,0.0,4.0,1.0,6.0
0.0,2.0,6.0,2.0,0.12,0.12119999999999999,0.54000000000000004,0.28360000000000002,4.0,0.0,4.0,1.0,26.0
0.0,2.0,7.0,1.0,0.099999999999999992,0.075800000000000006,0.5,0.41790000000000005,4.0,0.0,4.0,1.0,99.0
0.0,2.0,8.0,1.0,0.099999999999999992,0.075800000000000006,0.48999999999999999,0.32840000000000003,4.0,0.0,4.0,1.0,178.0
0.0,2.0,9.0,1.0,0.12,0.1061,0.41999999999999998,0.35820000000000002,4.0,0.0,4.0,1.0,122.0
0.0,2.0,10.0,1.0,0.12,0.1061,0.41999999999999998,0.29850000000000004,4.0,0.0,4.0,1.0,35.0
0.0,2.0,11.0,1.0,0.14000000000000001,0.12119999999999999,0.39000000000000001,0.35820000000000002,4.0,0.0,4.0,1.0,45.0
0.0,2.0,12.0,1.0,0.16,0.13639999999999999,0.34000000000000002,0.3881,4.0,0.0,4.0,1.0,69.0
0.0,2.0,13.0,1.0,0.17999999999999999,0.16670000000000001,0.28999999999999998,0.29850000000000004,4.0,0.0,4.0,1.0,62.0
0.0,2.0,14.0,1.0,0.19999999999999998,0.18179999999999999,0.27000000000000002,0.28360000000000002,4.0,0.0,4.0,1.0,48.0
0.0,2.0,15.0,1.0,0.19999999999999998,0.19699999999999998,0.25,0.25370000000000004,4.0,0.0,4.0,1.0,50.0
0.0,2.0,16.0,1.0,0.19999999999999998,0.18179999999999999,0.27000000000000002,0.29850000000000004,4.0,0.0,4.0,1.0,80.0
0.0,2.0,17.0,1.0,0.17999999999999999,0.18179999999999999,0.26000000000000001,0.19399999999999998,4.0,0.0,4.0,1.0,165.0
0.0,2.0,18.0,1.0,0.16,0.18179999999999999,0.28000000000000003,0.1343,4.0,0.0,4.0,1.0,160.0
0.0,2.0,19.0,1.0,0.14000000000000001,0.16670000000000001,0.28000000000000003,0.1045,4.0,0.0,4.0,1.0,112.0
0.0,2.0,20.0,1.0,0.14000000000000001,0.18179999999999999,0.31,0.089599999999999999,4.0,0.0,4.0,1.0,97.0
0.0,2.0,21.0,1.0,0.14000000000000001,0.21210000000000001,0.39000000000000001,0.0,4.0,0.0,4.0,1.0,72.0
0.0,2.0,22.0,1.0,0.12,0.19699999999999998,0.39000000000000001,0.0,4.0,0.0,4.0,1.0,51.0
0.0,2.0,23.0,1.0,0.12,0.1515,0.41999999999999998,0.1045,4.0,0.0,4.0,1.0,34.0
0.0,2.0,0.0,1.0,0.099999999999999992,0.13639999999999999,0.48999999999999999,0.1045,4.0,0.0,5.0,1.0,14.0
0.0,2.0,1.0,1.0,0.099999999999999992,0.13639999999999999,0.54000000000000004,0.089599999999999999,4.0,0.0,5.0,1.0,7.0
0.0,2.0,2.0,1.0,0.099999999999999992,0.13639999999999999,0.54000000000000004,0.089599999999999999,4.0,0.0,5.0,1.0,3.0
0.0,2.0,5.0,1.0,0.080000000000000002,0.12119999999999999,0.63,0.089599999999999999,4.0,0.0,5.0,1.0,4.0
0.0,2.0,6.0,1.0,0.099999999999999992,0.18179999999999999,0.68000000000000005,0.0,4.0,0.0,5.0,1.0,24.0
0.0,2.0,7.0,1.0,0.080000000000000002,0.16670000000000001,0.72999999999999998,0.0,4.0,0.0,5.0,1.0,74.0
0.0,2.0,8.0,1.0,0.099999999999999992,0.12119999999999999,0.73999999999999999,0.16420000000000001,4.0,0.0,5.0,1.0,216.0
0.0,2.0,9.0,1.0,0.12,0.12119999999999999,0.73999999999999999,0.22390000000000002,4.0,0.0,5.0,1.0,140.0
0.0,2.0,10.0,1.0,0.14000000000000001,0.13639999999999999,0.68999999999999995,0.19399999999999998,4.0,0.0,5.0,1.0,44.0
0.0,2.0,11.0,1.0,0.22,0.2273,0.46999999999999997,0.1343,4.0,0.0,5.0,1.0,64.0
0.0,2.0,12.0,1.0,0.22,0.2273,0.46999999999999997,0.1343,4.0,0.0,5.0,1.0,71.0
0.0,2.0,13.0,1.0,0.23999999999999999,0.2273,0.34999999999999998,0.19399999999999998,4.0,0.0,5.0,1.0,110.0
0.0,2.0,14.0,1.0,0.30000000000000004,0.28789999999999999,0.26000000000000001,0.25370000000000004,4.0,0.0,5.0,1.0,84.0
0.0,2.0,15.0,1.0,0.32000000000000001,0.31819999999999998,0.20999999999999999,0.16420000000000001,4.0,0.0,5.0,1.0,74.0
0.0,2.0,16.0,1.0,0.30000000000000004,0.28789999999999999,0.28000000000000003,0.19399999999999998,4.0,0.0,5.0,1.0,125.0
0.0,2.0,17.0,1.0,0.30000000000000004,0.33329999999999999,0.23999999999999999,0.0,4.0,0.0,5.0,1.0,211.0
0.0,2.0,18.0,1.0,0.28000000000000003,0.31819999999999998,0.28000000000000003,0.0,4.0,0.0,5.0,1.0,174.0
0.0,2.0,19.0,1.0,0.26000000000000001,0.30299999999999999,0.33000000000000002,0.0,4.0,0.0,5.0,1.0,101.0
0.0,2.0,20.0,1.0,0.22,0.2273,0.55000000000000004,0.1343,4.0,0.0,5.0,1.0,63.0
0.0,2.0,21.0,1.0,0.19999999999999998,0.21210000000000001,0.58999999999999997,0.1343,4.0,0.0,5.0,1.0,47.0
0.0,2.0,22.0,1.0,0.19999999999999998,0.2273,0.64000000000000001,0.089599999999999999,4.0,0.0,5.0,1.0,43.0
0.0,2.0,23.0,1.0,0.17999999999999999,0.24239999999999998,0.68999999999999995,0.0,4.0,0.0,5.0,1.0,53.0
0.0,2.0,0.0,1.0,0.16,0.19699999999999998,0.68999999999999995,0.089599999999999999,4.0,0.0,6.0,0.0,30.0
0.0,2.0,1.0,1.0,0.14000000000000001,0.21210000000000001,0.85999999999999999,0.0,4.0,0.0,6.0,0.0,24.0
0.0,2.0,2.0,1.0,0.14000000000000001,0.21210000000000001,0.80000000000000004,0.0,4.0,0.0,6.0,0.0,15.0
0.0,2.0,3.0,1.0,0.12,0.19699999999999998,0.80000000000000004,0.0,4.0,0.0,6.0,0.0,10.0
0.0,2.0,4.0,1.0,0.12,0.16670000000000001,0.73999999999999999,0.089599999999999999,4.0,0.0,6.0,0.0,4.0
0.0,2.0,5.0,1.0,0.12,0.16670000000000001,0.73999999999999999,0.089599999999999999,4.0,0.0,6.0,0.0,1.0
0.0,2.0,6.0,1.0,0.12,0.13639999999999999,0.93000000000000005,0.19399999999999998,4.0,0.0,6.0,0.0,2.0
0.0,2.0,7.0,1.0,0.12,0.1515,0.80000000000000004,0.1045,4.0,0.0,6.0,0.0,11.0
0.0,2.0,8.0,1.0,0.14000000000000001,0.1515,0.85999999999999999,0.1343,4.0,0.0,6.0,0.0,30.0
0.0,2.0,9.0,1.0,0.16,0.18179999999999999,0.64000000000000001,0.1343,4.0,0.0,6.0,0.0,43.0
0.0,2.0,10.0,1.0,0.22,0.21210000000000001,0.40999999999999998,0.25370000000000004,4.0,0.0,6.0,0.0,84.0
0.0,2.0,11.0,1.0,0.30000000000000004,0.2727,0.28000000000000003,0.32840000000000003,4.0,0.0,6.0,0.0,114.0
0.0,2.0,12.0,1.0,0.30000000000000004,0.2727,0.39000000000000001,0.4627,4.0,0.0,6.0,0.0,120.0
0.0,2.0,13.0,1.0,0.30000000000000004,0.2727,0.39000000000000001,0.41790000000000005,4.0,0.0,6.0,0.0,135.0
0.0,2.0,14.0,1.0,0.33999999999999997,0.31819999999999998,0.31,0.28360000000000002,4.0,0.0,6.0,0.0,120.0
0.0,2.0,15.0,1.0,0.33999999999999997,0.30299999999999999,0.28999999999999998,0.41790000000000005,4.0,0.0,6.0,0.0,174.0
0.0,2.0,16.0,1.0,0.33999999999999997,0.30299999999999999,0.28999999999999998,0.41790000000000005,4.0,0.0,6.0,0.0,145.0
0.0,2.0,17.0,1.0,0.32000000000000001,0.28789999999999999,0.31,0.52239999999999998,4.0,0.0,6.0,0.0,137.0
0.0,2.0,18.0,1.0,0.28000000000000003,0.2576,0.38,0.32840000000000003,4.0,0.0,6.0,0.0,64.0
0.0,2.0,19.0,1.0,0.28000000000000003,0.2727,0.38,0.16420000000000001,4.0,0.0,6.0,0.0,41.0
0.0,2.0,20.0,1.0,0.26000000000000001,0.2576,0.40999999999999998,0.22390000000000002,4.0,0.0,6.0,0.0,40.0
0.0,2.0,21.0,1.0,0.26000000000000001,0.30299999999999999,0.40999999999999998,0.0,4.0,0.0,6.0,0.0,51.0
0.0,2.0,22.0,1.0,0.23999999999999999,0.2576,0.44,0.089599999999999999,4.0,0.0,6.0,0.0,45.0
0.0,2.0,23.0,1.0,0.22,0.2273,0.51000000000000001,0.1343,4.0,0.0,6.0,0.0,32.0
0.0,2.0,0.0,1.0,0.19999999999999998,0.2273,0.64000000000000001,0.1045,4.0,0.0,7.0,0.0,39.0
0.0,2.0,1.0,1.0,0.19999999999999998,0.2273,0.58999999999999997,0.089599999999999999,4.0,0.0,7.0,0.0,24.0
0.0,2.0,2.0,2.0,0.19999999999999998,0.2273,0.75,0.089599999999999999,4.0,0.0,7.0,0.0,20.0
0.0,2.0,3.0,2.0,0.19999999999999998,0.2273,0.68999999999999995,0.1045,4.0,0.0,7.0,0.0,12.0
0.0,2.0,4.0,2.0,0.19999999999999998,0.21210000000000001,0.68999999999999995,0.16420000000000001,4.0,0.0,7.0,0.0,2.0
0.0,2.0,6.0,2.0,0.19999999999999998,0.21210000000000001,0.68999999999999995,0.1343,4.0,0.0,7.0,0.0,5.0
0.0,2.0,7.0,2.0,0.22,0.2727,0.55000000000000004,0.0,4.0,0.0,7.0,0.0,3.0
0.0,2.0,8.0,2.0,0.22,0.2273,0.64000000000000001,0.19399999999999998,4.0,0.0,7.0,0.0,12.0
0.0,2.0,9.0,2.0,0.23999999999999999,0.2273,0.59999999999999998,0.22390000000000002,4.0,0.0,7.0,0.0,47.0
0.0,2.0,10.0,1.0,0.30000000000000004,0.2727,0.45000000000000001,0.32840000000000003,4.0,0.0,7.0,0.0,105.0
0.0,2.0,11.0,1.0,0.32000000000000001,0.28789999999999999,0.39000000000000001,0.44780000000000003,4.0,0.0,7.0,0.0,112.0
0.0,2.0,12.0,1.0,0.35999999999999999,0.31819999999999998,0.32000000000000001,0.4627,4.0,0.0,7.0,0.0,152.0
0.0,2.0,13.0,1.0,0.38,0.39390000000000003,0.28999999999999998,0.35820000000000002,4.0,0.0,7.0,0.0,154.0
0.0,2.0,14.0,2.0,0.39999999999999997,0.40909999999999996,0.29999999999999999,0.41790000000000005,4.0,0.0,7.0,0.0,161.0
0.0,2.0,15.0,2.0,0.39999999999999997,0.40909999999999996,0.29999999999999999,0.29850000000000004,4.0,0.0,7.0,0.0,162.0
0.0,2.0,16.0,2.0,0.41999999999999998,0.42420000000000002,0.28000000000000003,0.32840000000000003,4.0,0.0,7.0,0.0,134.0
0.0,2.0,17.0,1.0,0.41999999999999998,0.42420000000000002,0.28000000000000003,0.32840000000000003,4.0,0.0,7.0,0.0,125.0
0.0,2.0,18.0,1.0,0.39999999999999997,0.40909999999999996,0.32000000000000001,0.29850000000000004,4.0,0.0,7.0,0.0,95.0
0.0,2.0,19.0,1.0,0.39999999999999997,0.40909999999999996,0.34999999999999998,0.28360000000000002,4.0,0.0,7.0,0.0,61.0
0.0,2.0,20.0,1.0,0.39999999999999997,0.40909999999999996,0.34999999999999998,0.32840000000000003,4.0,0.0,7.0,0.0,47.0
0.0,2.0,21.0,1.0,0.39999999999999997,0.40909999999999996,0.34999999999999998,0.35820000000000002,4.0,0.0,7.0,0.0,51.0
0.0,2.0,22.0,1.0,0.39999999999999997,0.40909999999999996,0.34999999999999998,0.29850000000000004,4.0,0.0,7.0,0.0,36.0
0.0,2.0,23.0,1.0,0.39999999999999997,0.40909999999999996,0.34999999999999998,0.35820000000000002,4.0,0.0,7.0,0.0,30.0
0.0,2.0,0.0,1.0,0.38,0.39390000000000003,0.37,0.35820000000000002,4.0,0.0,1.0,1.0,11.0
0.0,2.0,1.0,1.0,0.38,0.39390000000000003,0.37,0.35820000000000002,4.0,0.0,1.0,1.0,7.0
0.0,2.0,2.0,1.0,0.35999999999999999,0.33329999999999999,0.40000000000000002,0.29850000000000004,4.0,0.0,1.0,1.0,2.0
0.0,2.0,3.0,1.0,0.33999999999999997,0.31819999999999998,0.46000000000000002,0.22390000000000002,4.0,0.0,1.0,1.0,2.0
0.0,2.0,4.0,1.0,0.32000000000000001,0.30299999999999999,0.53000000000000003,0.28360000000000002,4.0,0.0,1.0,1.0,2.0
0.0,2.0,5.0,1.0,0.32000000000000001,0.30299999999999999,0.53000000000000003,0.28360000000000002,4.0,0.0,1.0,1.0,3.0
0.0,2.0,6.0,1.0,0.33999999999999997,0.30299999999999999,0.46000000000000002,0.29850000000000004,4.0,0.0,1.0,1.0,26.0
0.0,2.0,7.0,1.0,0.33999999999999997,0.30299999999999999,0.46000000000000002,0.29850000000000004,4.0,0.0,1.0,1.0,98.0
0.0,2.0,8.0,1.0,0.38,0.39390000000000003,0.40000000000000002,0.4627,4.0,0.0,1.0,1.0,256.0
0.0,2.0,9.0,1.0,0.39999999999999997,0.40909999999999996,0.37,0.3881,4.0,0.0,1.0,1.0,130.0
0.0,2.0,10.0,1.0,0.44,0.43939999999999996,0.33000000000000002,0.22390000000000002,4.0,0.0,1.0,1.0,55.0
0.0,2.0,11.0,1.0,0.52000000000000002,0.5,0.23000000000000001,0.25370000000000004,4.0,0.0,1.0,1.0,53.0
0.0,2.0,12.0,1.0,0.56000000000000005,0.53029999999999999,0.22,0.44780000000000003,4.0,0.0,1.0,1.0,126.0
0.0,2.0,13.0,1.0,0.58000000000000007,0.54549999999999998,0.19,0.3881,4.0,0.0,1.0,1.0,120.0
0.0,2.0,14.0,1.0,0.60000000000000009,0.59089999999999998,0.14999999999999999,0.49250000000000005,4.0,0.0,1.0,1.0,90.0
0.0,2.0,15.0,1.0,0.56000000000000005,0.53029999999999999,0.20999999999999999,0.65669999999999995,4.0,0.0,1.0,1.0,90.0
0.0,2.0,16.0,1.0,0.52000000000000002,0.5,0.27000000000000002,0.4627,4.0,0.0,1.0,1.0,118.0
0.0,2.0,17.0,1.0,0.45999999999999996,0.45450000000000002,0.33000000000000002,0.6119,4.0,0.0,1.0,1.0,243.0
0.0,2.0,18.0,1.0,0.39999999999999997,0.40909999999999996,0.40000000000000002,0.6119,4.0,0.0,1.0,1.0,205.0
0.0,2.0,19.0,1.0,0.38,0.39390000000000003,0.42999999999999999,0.49250000000000005,4.0,0.0,1.0,1.0,98.0
0.0,2.0,20.0,1.0,0.35999999999999999,0.31819999999999998,0.46000000000000002,0.4627,4.0,0.0,1.0,1.0,70.0
0.0,2.0,21.0,1.0,0.35999999999999999,0.31819999999999998,0.5,0.52239999999999998,4.0,0.0,1.0,1.0,43.0
0.0,2.0,22.0,1.0,0.33999999999999997,0.28789999999999999,0.46000000000000002,0.65669999999999995,4.0,0.0,1.0,1.0,45.0
0.0,2.0,23.0,1.0,0.32000000000000001,0.28789999999999999,0.48999999999999999,0.49250000000000005,4.0,0.0,1.0,1.0,20.0
0.0,2.0,0.0,1.0,0.30000000000000004,0.2727,0.48999999999999999,0.41790000000000005,4.0,0.0,2.0,1.0,19.0
0.0,2.0,1.0,1.0,0.30000000000000004,0.24239999999999998,0.41999999999999998,0.77610000000000001,4.0,0.0,2.0,1.0,5.0
0.0,2.0,2.0,1.0,0.28000000000000003,0.2273,0.40999999999999998,0.68659999999999999,4.0,0.0,2.0,1.0,3.0
0.0,2.0,4.0,1.0,0.22,0.18179999999999999,0.37,0.52239999999999998,4.0,0.0,2.0,1.0,1.0
0.0,2.0,5.0,1.0,0.22,0.18179999999999999,0.32000000000000001,0.4627,4.0,0.0,2.0,1.0,4.0
0.0,2.0,6.0,1.0,0.19999999999999998,0.18179999999999999,0.32000000000000001,0.32840000000000003,4.0,0.0,2.0,1.0,30.0
0.0,2.0,7.0,1.0,0.19999999999999998,0.18179999999999999,0.32000000000000001,0.35820000000000002,4.0,0.0,2.0,1.0,105.0
0.0,2.0,8.0,1.0,0.19999999999999998,0.18179999999999999,0.32000000000000001,0.35820000000000002,4.0,0.0,2.0,1.0,223.0
0.0,2.0,9.0,1.0,0.22,0.19699999999999998,0.28999999999999998,0.44780000000000003,4.0,0.0,2.0,1.0,110.0
0.0,2.0,10.0,1.0,0.23999999999999999,0.21210000000000001,0.27000000000000002,0.28360000000000002,4.0,0.0,2.0,1.0,52.0
0.0,2.0,11.0,1.0,0.26000000000000001,0.24239999999999998,0.25,0.25370000000000004,4.0,0.0,2.0,1.0,57.0
0.0,2.0,12.0,1.0,0.28000000000000003,0.2727,0.23999999999999999,0.25370000000000004,4.0,0.0,2.0,1.0,71.0
0.0,2.0,13.0,1.0,0.32000000000000001,0.30299999999999999,0.20999999999999999,0.22390000000000002,4.0,0.0,2.0,1.0,82.0
0.0,2.0,14.0,1.0,0.33999999999999997,0.31819999999999998,0.19,0.22390000000000002,4.0,0.0,2.0,1.0,79.0
0.0,2.0,15.0,1.0,0.33999999999999997,0.33329999999999999,0.19,0.16420000000000001,4.0,0.0,2.0,1.0,85.0
0.0,2.0,16.0,1.0,0.33999999999999997,0.31819999999999998,0.19,0.25370000000000004,4.0,0.0,2.0,1.0,98.0
0.0,2.0,17.0,1.0,0.32000000000000001,0.30299999999999999,0.22,0.22390000000000002,4.0,0.0,2.0,1.0,206.0
0.0,2.0,18.0,1.0,0.30000000000000004,0.30299999999999999,0.22,0.1343,4.0,0.0,2.0,1.0,212.0
0.0,2.0,19.0,1.0,0.28000000000000003,0.28789999999999999,0.26000000000000001,0.1343,4.0,0.0,2.0,1.0,145.0
0.0,2.0,20.0,1.0,0.26000000000000001,0.2727,0.33000000000000002,0.1045,4.0,0.0,2.0,1.0,101.0
0.0,2.0,21.0,1.0,0.23999999999999999,0.28789999999999999,0.52000000000000002,0.0,4.0,0.0,2.0,1.0,66.0
0.0,2.0,22.0,1.0,0.23999999999999999,0.28789999999999999,0.44,0.0,4.0,0.0,2.0,1.0,41.0
0.0,2.0,23.0,2.0,0.22,0.2576,0.44,0.089599999999999999,4.0,0.0,2.0,1.0,20.0
0.0,2.0,0.0,1.0,0.22,0.2576,0.40999999999999998,0.089599999999999999,4.0,0.0,3.0,1.0,15.0
0.0,2.0,1.0,1.0,0.19999999999999998,0.2273,0.44,0.089599999999999999,4.0,0.0,3.0,1.0,9.0
0.0,2.0,3.0,2.0,0.19999999999999998,0.19699999999999998,0.46999999999999997,0.19399999999999998,4.0,0.0,3.0,1.0,1.0
0.0,2.0,4.0,1.0,0.19999999999999998,0.19699999999999998,0.51000000000000001,0.19399999999999998,4.0,0.0,3.0,1.0,1.0
0.0,2.0,5.0,1.0,0.19999999999999998,0.19699999999999998,0.46999999999999997,0.19399999999999998,4.0,0.0,3.0,1.0,5.0
0.0,2.0,6.0,1.0,0.19999999999999998,0.19699999999999998,0.55000000000000004,0.22390000000000002,4.0,0.0,3.0,1.0,33.0
0.0,2.0,7.0,2.0,0.19999999999999998,0.19699999999999998,0.55000000000000004,0.22390000000000002,4.0,0.0,3.0,1.0,108.0
0.0,2.0,8.0,2.0,0.22,0.2273,0.55000000000000004,0.16420000000000001,4.0,0.0,3.0,1.0,230.0
0.0,2.0,9.0,1.0,0.23999999999999999,0.21210000000000001,0.52000000000000002,0.28360000000000002,4.0,0.0,3.0,1.0,124.0
0.0,2.0,10.0,1.0,0.26000000000000001,0.2273,0.40999999999999998,0.3881,4.0,0.0,3.0,1.0,69.0
0.0,2.0,11.0,1.0,0.33999999999999997,0.30299999999999999,0.34000000000000002,0.29850000000000004,4.0,0.0,3.0,1.0,66.0
0.0,2.0,12.0,1.0,0.38,0.39390000000000003,0.32000000000000001,0.32840000000000003,4.0,0.0,3.0,1.0,86.0
0.0,2.0,13.0,1.0,0.41999999999999998,0.42420000000000002,0.29999999999999999,0.35820000000000002,4.0,0.0,3.0,1.0,93.0
0.0,2.0,14.0,1.0,0.45999999999999996,0.45450000000000002,0.28000000000000003,0.41790000000000005,4.0,0.0,3.0,1.0,82.0
0.0,2.0,15.0,1.0,0.45999999999999996,0.45450000000000002,0.28000000000000003,0.41790000000000005,4.0,0.0,3.0,1.0,117.0
0.0,2.0,16.0,1.0,0.45999999999999996,0.45450000000000002,0.31,0.3881,4.0,0.0,3.0,1.0,122.0
0.0,2.0,17.0,1.0,0.45999999999999996,0.45450000000000002,0.28000000000000003,0.28360000000000002,4.0,0.0,3.0,1.0,255.0
0.0,2.0,18.0,1.0,0.39999999999999997,0.40909999999999996,0.40000000000000002,0.22390000000000002,4.0,0.0,3.0,1.0,222.0
0.0,2.0,19.0,1.0,0.33999999999999997,0.31819999999999998,0.53000000000000003,0.22390000000000002,4.0,0.0,3.0,1.0,161.0
0.0,2.0,20.0,1.0,0.38,0.39390000000000003,0.42999999999999999,0.19399999999999998,4.0,0.0,3.0,1.0,118.0
0.0,2.0,21.0,1.0,0.35999999999999999,0.34850000000000003,0.46000000000000002,0.19399999999999998,4.0,0.0,3.0,1.0,92.0
0.0,2.0,22.0,1.0,0.33999999999999997,0.33329999999999999,0.53000000000000003,0.19399999999999998,4.0,0.0,3.0,1.0,73.0
0.0,2.0,23.0,1.0,0.38,0.39390000000000003,0.40000000000000002,0.22390000000000002,4.0,0.0,3.0,1.0,33.0
0.0,2.0,0.0,1.0,0.33999999999999997,0.33329999999999999,0.53000000000000003,0.19399999999999998,4.0,0.0,4.0,1.0,17.0
0.0,2.0,1.0,1.0,0.33999999999999997,0.31819999999999998,0.53000000000000003,0.22390000000000002,4.0,0.0,4.0,1.0,6.0
0.0,2.0,2.0,2.0,0.33999999999999997,0.31819999999999998,0.53000000000000003,0.22390000000000002,4.0,0.0,4.0,1.0,6.0
0.0,2.0,3.0,1.0,0.33999999999999997,0.33329999999999999,0.53000000000000003,0.19399999999999998,4.0,0.0,4.0,1.0,4.0
0.0,2.0,4.0,1.0,0.32000000000000001,0.31819999999999998,0.56999999999999995,0.19399999999999998,4.0,0.0,4.0,1.0,4.0
0.0,2.0,5.0,1.0,0.32000000000000001,0.33329999999999999,0.66000000000000003,0.089599999999999999,4.0,0.0,4.0,1.0,12.0
0.0,2.0,6.0,1.0,0.30000000000000004,0.30299999999999999,0.69999999999999996,0.1343,4.0,0.0,4.0,1.0,47.0
0.0,2.0,7.0,1.0,0.32000000000000001,0.33329999999999999,0.56999999999999995,0.1045,4.0,0.0,4.0,1.0,126.0
0.0,2.0,8.0,1.0,0.32000000000000001,0.33329999999999999,0.56999999999999995,0.089599999999999999,4.0,0.0,4.0,1.0,285.0
0.0,2.0,9.0,1.0,0.35999999999999999,0.34850000000000003,0.56999999999999995,0.19399999999999998,4.0,0.0,4.0,1.0,179.0
0.0,2.0,10.0,1.0,0.38,0.39390000000000003,0.54000000000000004,0.19399999999999998,4.0,0.0,4.0,1.0,88.0
0.0,2.0,11.0,2.0,0.44,0.43939999999999996,0.44,0.25370000000000004,4.0,0.0,4.0,1.0,90.0
0.0,2.0,12.0,1.0,0.47999999999999998,0.46970000000000001,0.40999999999999998,0.22390000000000002,4.0,0.0,4.0,1.0,101.0
0.0,2.0,13.0,1.0,0.54000000000000004,0.51519999999999999,0.34000000000000002,0.22390000000000002,4.0,0.0,4.0,1.0,123.0
0.0,2.0,14.0,1.0,0.60000000000000009,0.62119999999999997,0.31,0.22390000000000002,4.0,0.0,4.0,1.0,81.0
0.0,2.0,15.0,1.0,0.60000000000000009,0.60609999999999997,0.28000000000000003,0.25370000000000004,4.0,0.0,4.0,1.0,106.0
0.0,2.0,16.0,2.0,0.56000000000000005,0.53029999999999999,0.34999999999999998,0.29850000000000004,4.0,0.0,4.0,1.0,146.0
0.0,2.0,17.0,2.0,0.58000000000000007,0.54549999999999998,0.32000000000000001,0.29850000000000004,4.0,0.0,4.0,1.0,274.0
0.0,2.0,18.0,2.0,0.54000000000000004,0.51519999999999999,0.41999999999999998,0.28360000000000002,4.0,0.0,4.0,1.0,222.0
0.0,2.0,19.0,1.0,0.47999999999999998,0.46970000000000001,0.55000000000000004,0.32840000000000003,4.0,0.0,4.0,1.0,175.0
0.0,2.0,20.0,1.0,0.47999999999999998,0.46970000000000001,0.58999999999999997,0.32840000000000003,4.0,0.0,4.0,1.0,139.0
0.0,2.0,21.0,1.0,0.52000000000000002,0.5,0.55000000000000004,0.3881,4.0,0.0,4.0,1.0,124.0
0.0,2.0,22.0,1.0,0.5,0.48479999999999995,0.58999999999999997,0.28360000000000002,4.0,0.0,4.0,1.0,76.0
0.0,2.0,23.0,1.0,0.45999999999999996,0.45450000000000002,0.67000000000000004,0.29850000000000004,4.0,0.0,4.0,1.0,44.0
0.0,2.0,0.0,1.0,0.44,0.43939999999999996,0.71999999999999997,0.28360000000000002,4.0,0.0,5.0,1.0,32.0
0.0,2.0,1.0,1.0,0.44,0.43939999999999996,0.71999999999999997,0.22390000000000002,4.0,0.0,5.0,1.0,8.0
0.0,2.0,2.0,1.0,0.44,0.43939999999999996,0.71999999999999997,0.28360000000000002,4.0,0.0,5.0,1.0,7.0
0.0,2.0,3.0,1.0,0.45999999999999996,0.45450000000000002,0.67000000000000004,0.25370000000000004,4.0,0.0,5.0,1.0,8.0
0.0,2.0,4.0,1.0,0.45999999999999996,0.45450000000000002,0.67000000000000004,0.25370000000000004,4.0,0.0,5.0,1.0,1.0
0.0,2.0,5.0,2.0,0.45999999999999996,0.45450000000000002,0.67000000000000004,0.1045,4.0,0.0,5.0,1.0,7.0
0.0,2.0,6.0,2.0,0.44,0.43939999999999996,0.71999999999999997,0.16420000000000001,4.0,0.0,5.0,1.0,50.0
0.0,2.0,7.0,2.0,0.41999999999999998,0.42420000000000002,0.77000000000000002,0.22390000000000002,4.0,0.0,5.0,1.0,116.0
0.0,2.0,8.0,2.0,0.41999999999999998,0.42420000000000002,0.77000000000000002,0.19399999999999998,4.0,0.0,5.0,1.0,272.0
0.0,2.0,9.0,2.0,0.41999999999999998,0.42420000000000002,0.77000000000000002,0.19399999999999998,4.0,0.0,5.0,1.0,169.0
0.0,2.0,10.0,2.0,0.44,0.43939999999999996,0.71999999999999997,0.22390000000000002,4.0,0.0,5.0,1.0,95.0
0.0,2.0,11.0,1.0,0.44,0.43939999999999996,0.71999999999999997,0.16420000000000001,4.0,0.0,5.0,1.0,113.0
0.0,2.0,12.0,1.0,0.5,0.48479999999999995,0.58999999999999997,0.19399999999999998,4.0,0.0,5.0,1.0,185.0
0.0,2.0,13.0,1.0,0.60000000000000009,0.62119999999999997,0.42999999999999999,0.19399999999999998,4.0,0.0,5.0,1.0,176.0
0.0,2.0,14.0,1.0,0.65999999999999992,0.62119999999999997,0.35999999999999999,0.29850000000000004,4.0,0.0,5.0,1.0,191.0
0.0,2.0,15.0,1.0,0.65999999999999992,0.62119999999999997,0.35999999999999999,0.32840000000000003,4.0,0.0,5.0,1.0,172.0
0.0,2.0,16.0,1.0,0.65999999999999992,0.62119999999999997,0.35999999999999999,0.28360000000000002,4.0,0.0,5.0,1.0,232.0
0.0,2.0,17.0,1.0,0.65999999999999992,0.62119999999999997,0.34000000000000002,0.35820000000000002,4.0,0.0,5.0,1.0,327.0
0.0,2.0,18.0,1.0,0.64000000000000001,0.62119999999999997,0.33000000000000002,0.32840000000000003,4.0,0.0,5.0,1.0,224.0
0.0,2.0,19.0,1.0,0.62,0.62119999999999997,0.28999999999999998,0.58210000000000006,4.0,0.0,5.0,1.0,162.0
0.0,2.0,20.0,1.0,0.60000000000000009,0.62119999999999997,0.31,0.19399999999999998,4.0,0.0,5.0,1.0,124.0
0.0,2.0,21.0,1.0,0.58000000000000007,0.54549999999999998,0.20999999999999999,0.49250000000000005,4.0,0.0,5.0,1.0,72.0
0.0,2.0,22.0,1.0,0.54000000000000004,0.51519999999999999,0.10000000000000001,0.25370000000000004,4.0,0.0,5.0,1.0,107.0
0.0,2.0,23.0,1.0,0.52000000000000002,0.5,0.080000000000000002,0.28360000000000002,4.0,0.0,5.0,1.0,77.0
0.0,2.0,0.0,1.0,0.47999999999999998,0.46970000000000001,0.12,0.49250000000000005,4.0,0.0,6.0,0.0,29.0
0.0,2.0,1.0,1.0,0.45999999999999996,0.45450000000000002,0.14000000000000001,0.41790000000000005,4.0,0.0,6.0,0.0,31.0
0.0,2.0,2.0,1.0,0.44,0.43939999999999996,0.13,0.3881,4.0,0.0,6.0,0.0,17.0
0.0,2.0,3.0,1.0,0.41999999999999998,0.42420000000000002,0.14000000000000001,0.29850000000000004,4.0,0.0,6.0,0.0,7.0
0.0,2.0,4.0,1.0,0.39999999999999997,0.40909999999999996,0.14999999999999999,0.32840000000000003,4.0,0.0,6.0,0.0,3.0
0.0,2.0,5.0,1.0,0.39999999999999997,0.40909999999999996,0.14999999999999999,0.32840000000000003,4.0,0.0,6.0,0.0,3.0
0.0,2.0,6.0,1.0,0.39999999999999997,0.40909999999999996,0.17000000000000001,0.41790000000000005,4.0,0.0,6.0,0.0,6.0
0.0,2.0,7.0,1.0,0.38,0.39390000000000003,0.17000000000000001,0.52239999999999998,4.0,0.0,6.0,0.0,22.0
0.0,2.0,8.0,1.0,0.38,0.39390000000000003,0.17000000000000001,0.58210000000000006,4.0,0.0,6.0,0.0,45.0
0.0,2.0,9.0,1.0,0.39999999999999997,0.40909999999999996,0.16,0.65669999999999995,4.0,0.0,6.0,0.0,55.0
0.0,2.0,10.0,1.0,0.41999999999999998,0.42420000000000002,0.16,0.58210000000000006,4.0,0.0,6.0,0.0,106.0
0.0,2.0,11.0,1.0,0.44,0.43939999999999996,0.16,0.58210000000000006,4.0,0.0,6.0,0.0,123.0
0.0,2.0,12.0,1.0,0.44,0.43939999999999996,0.17999999999999999,0.49250000000000005,4.0,0.0,6.0,0.0,119.0
0.0,2.0,13.0,1.0,0.44,0.43939999999999996,0.16,0.6119,4.0,0.0,6.0,0.0,155.0
0.0,2.0,14.0,1.0,0.45999999999999996,0.45450000000000002,0.14999999999999999,0.65669999999999995,4.0,0.0,6.0,0.0,196.0
0.0,2.0,15.0,1.0,0.44,0.43939999999999996,0.16,0.74629999999999996,4.0,0.0,6.0,0.0,171.0
0.0,2.0,16.0,1.0,0.44,0.43939999999999996,0.16,0.64179999999999993,4.0,0.0,6.0,0.0,120.0
0.0,2.0,17.0,1.0,0.41999999999999998,0.42420000000000002,0.19,0.6119,4.0,0.0,6.0,0.0,127.0
0.0,2.0,18.0,1.0,0.35999999999999999,0.31819999999999998,0.25,0.44780000000000003,4.0,0.0,6.0,0.0,88.0
0.0,2.0,19.0,1.0,0.33999999999999997,0.30299999999999999,0.28999999999999998,0.35820000000000002,4.0,0.0,6.0,0.0,59.0
0.0,2.0,20.0,1.0,0.32000000000000001,0.28789999999999999,0.28000000000000003,0.52239999999999998,4.0,0.0,6.0,0.0,47.0
0.0,2.0,21.0,1.0,0.32000000000000001,0.2727,0.26000000000000001,0.55220000000000002,4.0,0.0,6.0,0.0,33.0
0.0,2.0,22.0,1.0,0.30000000000000004,0.2576,0.28000000000000003,0.49250000000000005,4.0,0.0,6.0,0.0,44.0
0.0,2.0,23.0,1.0,0.28000000000000003,0.24239999999999998,0.33000000000000002,0.44780000000000003,4.0,0.0,6.0,0.0,29.0
0.0,2.0,0.0,1.0,0.26000000000000001,0.21210000000000001,0.34999999999999998,0.44780000000000003,4.0,0.0,7.0,0.0,17.0
0.0,2.0,1.0,1.0,0.23999999999999999,0.19699999999999998,0.40999999999999998,0.4627,4.0,0.0,7.0,0.0,16.0
0.0,2.0,2.0,1.0,0.23999999999999999,0.19699999999999998,0.40999999999999998,0.55220000000000002,4.0,0.0,7.0,0.0,17.0
0.0,2.0,3.0,1.0,0.22,0.18179999999999999,0.44,0.55220000000000002,4.0,0.0,7.0,0.0,18.0
0.0,2.0,4.0,1.0,0.22,0.18179999999999999,0.44,0.55220000000000002,4.0,0.0,7.0,0.0,1.0
0.0,2.0,6.0,1.0,0.19999999999999998,0.18179999999999999,0.46999999999999997,0.29850000000000004,4.0,0.0,7.0,0.0,2.0
0.0,2.0,7.0,1.0,0.17999999999999999,0.16670000000000001,0.51000000000000001,0.25370000000000004,4.0,0.0,7.0,0.0,2.0
0.0,2.0,8.0,1.0,0.19999999999999998,0.2273,0.51000000000000001,0.1045,4.0,0.0,7.0,0.0,24.0
0.0,2.0,9.0,1.0,0.22,0.21210000000000001,0.46999999999999997,0.28360000000000002,4.0,0.0,7.0,0.0,55.0
0.0,2.0,10.0,2.0,0.26000000000000001,0.2576,0.40999999999999998,0.19399999999999998,4.0,0.0,7.0,0.0,104.0
0.0,2.0,11.0,2.0,0.30000000000000004,0.30299999999999999,0.33000000000000002,0.16420000000000001,4.0,0.0,7.0,0.0,161.0
0.0,2.0,12.0,1.0,0.30000000000000004,0.31819999999999998,0.33000000000000002,0.1045,4.0,0.0,7.0,0.0,182.0
0.0,2.0,13.0,1.0,0.33999999999999997,0.33329999999999999,0.28999999999999998,0.0,4.0,0.0,7.0,0.0,198.0
0.0,2.0,14.0,1.0,0.35999999999999999,0.34850000000000003,0.27000000000000002,0.16420000000000001,4.0,0.0,7.0,0.0,212.0
0.0,2.0,15.0,1.0,0.35999999999999999,0.36359999999999998,0.27000000000000002,0.089599999999999999,4.0,0.0,7.0,0.0,168.0
0.0,2.0,16.0,1.0,0.35999999999999999,0.36359999999999998,0.28999999999999998,0.089599999999999999,4.0,0.0,7.0,0.0,147.0
0.0,2.0,17.0,1.0,0.33999999999999997,0.34850000000000003,0.33000000000000002,0.16420000000000001,4.0,0.0,7.0,0.0,146.0
0.0,2.0,18.0,2.0,0.33999999999999997,0.33329999999999999,0.35999999999999999,0.1343,4.0,0.0,7.0,0.0,101.0
0.0,2.0,19.0,2.0,0.33999999999999997,0.33329999999999999,0.35999999999999999,0.1343,4.0,0.0,7.0,0.0,42.0
0.0,2.0,20.0,2.0,0.33999999999999997,0.36359999999999998,0.41999999999999998,0.0,4.0,0.0,7.0,0.0,42.0
0.0,2.0,21.0,2.0,0.32000000000000001,0.34850000000000003,0.53000000000000003,0.0,4.0,0.0,7.0,0.0,56.0
0.0,2.0,22.0,2.0,0.32000000000000001,0.30299999999999999,0.56999999999999995,0.22390000000000002,4.0,0.0,7.0,0.0,47.0
0.0,2.0,23.0,2.0,0.30000000000000004,0.30299999999999999,0.60999999999999999,0.16420000000000001,4.0,0.0,7.0,0.0,54.0
0.0,2.0,0.0,2.0,0.33999999999999997,0.30299999999999999,0.41999999999999998,0.32840000000000003,4.0,1.0,1.0,1.0,37.0
0.0,2.0,1.0,2.0,0.33999999999999997,0.30299999999999999,0.41999999999999998,0.32840000000000003,4.0,1.0,1.0,1.0,13.0
0.0,2.0,2.0,2.0,0.33999999999999997,0.30299999999999999,0.41999999999999998,0.32840000000000003,4.0,1.0,1.0,1.0,4.0
0.0,2.0,3.0,2.0,0.33999999999999997,0.30299999999999999,0.41999999999999998,0.29850000000000004,4.0,1.0,1.0,1.0,5.0
0.0,2.0,4.0,1.0,0.32000000000000001,0.31819999999999998,0.45000000000000001,0.16420000000000001,4.0,1.0,1.0,1.0,1.0
0.0,2.0,5.0,2.0,0.33999999999999997,0.36359999999999998,0.35999999999999999,0.0,4.0,1.0,1.0,1.0,3.0
0.0,2.0,6.0,2.0,0.41999999999999998,0.42420000000000002,0.26000000000000001,0.29850000000000004,4.0,1.0,1.0,1.0,8.0
0.0,2.0,7.0,2.0,0.41999999999999998,0.42420000000000002,0.26000000000000001,0.28360000000000002,4.0,1.0,1.0,1.0,19.0
0.0,2.0,8.0,2.0,0.32000000000000001,0.30299999999999999,0.56999999999999995,0.29850000000000004,4.0,1.0,1.0,1.0,63.0
0.0,2.0,9.0,2.0,0.32000000000000001,0.30299999999999999,0.56999999999999995,0.28360000000000002,4.0,1.0,1.0,1.0,57.0
0.0,2.0,10.0,2.0,0.32000000000000001,0.30299999999999999,0.56999999999999995,0.25370000000000004,4.0,1.0,1.0,1.0,81.0
0.0,2.0,11.0,2.0,0.32000000000000001,0.33329999999999999,0.56999999999999995,0.1045,4.0,1.0,1.0,1.0,90.0
0.0,2.0,12.0,2.0,0.32000000000000001,0.31819999999999998,0.66000000000000003,0.19399999999999998,4.0,1.0,1.0,1.0,93.0
0.0,2.0,13.0,3.0,0.30000000000000004,0.2727,0.81000000000000005,0.32840000000000003,4.0,1.0,1.0,1.0,103.0
0.0,2.0,14.0,2.0,0.32000000000000001,0.30299999999999999,0.76000000000000001,0.25370000000000004,4.0,1.0,1.0,1.0,116.0
0.0,2.0,15.0,2.0,0.30000000000000004,0.2727,0.69999999999999996,0.44780000000000003,4.0,1.0,1.0,1.0,87.0
0.0,2.0,16.0,3.0,0.28000000000000003,0.24239999999999998,0.75,0.41790000000000005,4.0,1.0,1.0,1.0,56.0
0.0,2.0,17.0,2.0,0.28000000000000003,0.2576,0.75,0.3881,4.0,1.0,1.0,1.0,80.0
0.0,2.0,18.0,2.0,0.23999999999999999,0.21210000000000001,0.87,0.35820000000000002,4.0,1.0,1.0,1.0,66.0
0.0,2.0,19.0,2.0,0.23999999999999999,0.21210000000000001,0.87,0.35820000000000002,4.0,1.0,1.0,1.0,49.0
0.0,2.0,20.0,3.0,0.23999999999999999,0.21210000000000001,0.81000000000000005,0.3881,4.0,1.0,1.0,1.0,29.0
0.0,2.0,21.0,3.0,0.22,0.19699999999999998,0.75,0.44780000000000003,4.0,1.0,1.0,1.0,34.0
0.0,2.0,22.0,3.0,0.19999999999999998,0.16670000000000001,0.75,0.41790000000000005,4.0,1.0,1.0,1.0,11.0
0.0,2.0,23.0,3.0,0.19999999999999998,0.16670000000000001,0.75,0.41790000000000005,4.0,1.0,1.0,1.0,2.0
0.0,2.0,6.0,2.0,0.12,0.12119999999999999,0.80000000000000004,0.28360000000000002,4.0,0.0,2.0,1.0,7.0
0.0,2.0,7.0,2.0,0.12,0.12119999999999999,0.80000000000000004,0.28360000000000002,4.0,0.0,2.0,1.0,40.0
0.0,2.0,8.0,2.0,0.12,0.12119999999999999,0.80000000000000004,0.25370000000000004,4.0,0.0,2.0,1.0,114.0
0.0,2.0,9.0,2.0,0.14000000000000001,0.12119999999999999,0.73999999999999999,0.25370000000000004,4.0,0.0,2.0,1.0,106.0
0.0,2.0,10.0,1.0,0.16,0.18179999999999999,0.68999999999999995,0.0,4.0,0.0,2.0,1.0,44.0
0.0,2.0,11.0,1.0,0.16,0.2273,0.64000000000000001,0.0,4.0,0.0,2.0,1.0,50.0
0.0,2.0,12.0,1.0,0.19999999999999998,0.2273,0.58999999999999997,0.1045,4.0,0.0,2.0,1.0,55.0
0.0,2.0,13.0,1.0,0.22,0.2273,0.55000000000000004,0.16420000000000001,4.0,0.0,2.0,1.0,55.0
0.0,2.0,14.0,1.0,0.22,0.2273,0.55000000000000004,0.19399999999999998,4.0,0.0,2.0,1.0,58.0
0.0,2.0,15.0,1.0,0.23999999999999999,0.2273,0.47999999999999998,0.19399999999999998,4.0,0.0,2.0,1.0,69.0
0.0,2.0,16.0,1.0,0.22,0.2273,0.51000000000000001,0.16420000000000001,4.0,0.0,2.0,1.0,86.0
0.0,2.0,17.0,1.0,0.22,0.21210000000000001,0.51000000000000001,0.22390000000000002,4.0,0.0,2.0,1.0,196.0
0.0,2.0,18.0,1.0,0.22,0.2273,0.46999999999999997,0.1343,4.0,0.0,2.0,1.0,167.0
0.0,2.0,19.0,1.0,0.19999999999999998,0.18179999999999999,0.46999999999999997,0.28360000000000002,4.0,0.0,2.0,1.0,118.0
0.0,2.0,20.0,1.0,0.19999999999999998,0.19699999999999998,0.46999999999999997,0.22390000000000002,4.0,0.0,2.0,1.0,105.0
0.0,2.0,21.0,1.0,0.19999999999999998,0.19699999999999998,0.46999999999999997,0.25370000000000004,4.0,0.0,2.0,1.0,82.0
0.0,2.0,22.0,1.0,0.16,0.1515,0.42999999999999999,0.25370000000000004,4.0,0.0,2.0,1.0,77.0
0.0,2.0,23.0,1.0,0.16,0.1515,0.42999999999999999,0.25370000000000004,4.0,0.0,2.0,1.0,21.0
0.0,2.0,0.0,1.0,0.14000000000000001,0.13639999999999999,0.5,0.19399999999999998,4.0,0.0,3.0,1.0,6.0
0.0,2.0,1.0,1.0,0.14000000000000001,0.1515,0.46000000000000002,0.16420000000000001,4.0,0.0,3.0,1.0,4.0
0.0,2.0,2.0,1.0,0.12,0.1515,0.5,0.1343,4.0,0.0,3.0,1.0,1.0
0.0,2.0,3.0,1.0,0.12,0.13639999999999999,0.5,0.16420000000000001,4.0,0.0,3.0,1.0,2.0
0.0,2.0,5.0,1.0,0.12,0.1515,0.5,0.1045,4.0,0.0,3.0,1.0,8.0
0.0,2.0,6.0,1.0,0.12,0.1515,0.5,0.1045,4.0,0.0,3.0,1.0,36.0
0.0,2.0,7.0,1.0,0.12,0.1515,0.54000000000000004,0.1343,4.0,0.0,3.0,1.0,96.0
0.0,2.0,8.0,1.0,0.14000000000000001,0.1515,0.54000000000000004,0.16420000000000001,4.0,0.0,3.0,1.0,235.0
0.0,2.0,9.0,1.0,0.17999999999999999,0.21210000000000001,0.51000000000000001,0.089599999999999999,4.0,0.0,3.0,1.0,139.0
0.0,2.0,10.0,1.0,0.19999999999999998,0.2576,0.40000000000000002,0.0,4.0,0.0,3.0,1.0,51.0
0.0,2.0,11.0,1.0,0.23999999999999999,0.2576,0.40999999999999998,0.1045,4.0,0.0,3.0,1.0,69.0
0.0,2.0,12.0,1.0,0.26000000000000001,0.28789999999999999,0.34999999999999998,0.089599999999999999,4.0,0.0,3.0,1.0,67.0
0.0,2.0,13.0,1.0,0.30000000000000004,0.31819999999999998,0.28000000000000003,0.089599999999999999,4.0,0.0,3.0,1.0,87.0
0.0,2.0,14.0,1.0,0.32000000000000001,0.33329999999999999,0.28999999999999998,0.1045,4.0,0.0,3.0,1.0,78.0
0.0,2.0,15.0,1.0,0.33999999999999997,0.34850000000000003,0.25,0.089599999999999999,4.0,0.0,3.0,1.0,72.0
0.0,2.0,16.0,1.0,0.33999999999999997,0.36359999999999998,0.25,0.0,4.0,0.0,3.0,1.0,94.0
0.0,2.0,17.0,1.0,0.33999999999999997,0.34850000000000003,0.25,0.089599999999999999,4.0,0.0,3.0,1.0,222.0
0.0,2.0,18.0,1.0,0.32000000000000001,0.33329999999999999,0.26000000000000001,0.089599999999999999,4.0,0.0,3.0,1.0,209.0
0.0,2.0,19.0,1.0,0.30000000000000004,0.33329999999999999,0.33000000000000002,0.0,4.0,0.0,3.0,1.0,141.0
0.0,2.0,20.0,1.0,0.23999999999999999,0.24239999999999998,0.59999999999999998,0.16420000000000001,4.0,0.0,3.0,1.0,109.0
0.0,2.0,21.0,1.0,0.23999999999999999,0.28789999999999999,0.47999999999999998,0.0,4.0,0.0,3.0,1.0,91.0
0.0,2.0,22.0,1.0,0.23999999999999999,0.28789999999999999,0.47999999999999998,0.0,4.0,0.0,3.0,1.0,61.0
0.0,2.0,23.0,1.0,0.22,0.2576,0.55000000000000004,0.089599999999999999,4.0,0.0,3.0,1.0,39.0
0.0,2.0,0.0,1.0,0.22,0.2576,0.55000000000000004,0.089599999999999999,4.0,0.0,4.0,1.0,11.0
0.0,2.0,1.0,1.0,0.22,0.2576,0.59999999999999998,0.089599999999999999,4.0,0.0,4.0,1.0,7.0
0.0,2.0,2.0,1.0,0.19999999999999998,0.2273,0.64000000000000001,0.089599999999999999,4.0,0.0,4.0,1.0,4.0
0.0,2.0,3.0,1.0,0.19999999999999998,0.21210000000000001,0.64000000000000001,0.1343,4.0,0.0,4.0,1.0,2.0
0.0,2.0,5.0,1.0,0.19999999999999998,0.21210000000000001,0.68999999999999995,0.1343,4.0,0.0,4.0,1.0,4.0
0.0,2.0,6.0,1.0,0.19999999999999998,0.19699999999999998,0.68999999999999995,0.19399999999999998,4.0,0.0,4.0,1.0,58.0
0.0,2.0,7.0,1.0,0.19999999999999998,0.19699999999999998,0.71999999999999997,0.19399999999999998,4.0,0.0,4.0,1.0,104.0
0.0,2.0,8.0,1.0,0.23999999999999999,0.2273,0.69999999999999996,0.22390000000000002,4.0,0.0,4.0,1.0,252.0
0.0,2.0,9.0,2.0,0.23999999999999999,0.21210000000000001,0.75,0.29850000000000004,4.0,0.0,4.0,1.0,137.0
0.0,2.0,10.0,2.0,0.26000000000000001,0.24239999999999998,0.69999999999999996,0.28360000000000002,4.0,0.0,4.0,1.0,57.0
0.0,2.0,11.0,2.0,0.32000000000000001,0.28789999999999999,0.56999999999999995,0.3881,4.0,0.0,4.0,1.0,79.0
0.0,2.0,12.0,2.0,0.35999999999999999,0.33329999999999999,0.53000000000000003,0.35820000000000002,4.0,0.0,4.0,1.0,95.0
0.0,2.0,13.0,2.0,0.38,0.39390000000000003,0.54000000000000004,0.29850000000000004,4.0,0.0,4.0,1.0,88.0
0.0,2.0,14.0,2.0,0.39999999999999997,0.40909999999999996,0.5,0.29850000000000004,4.0,0.0,4.0,1.0,69.0
0.0,2.0,15.0,3.0,0.39999999999999997,0.40909999999999996,0.54000000000000004,0.3881,4.0,0.0,4.0,1.0,63.0
0.0,2.0,16.0,3.0,0.38,0.39390000000000003,0.62,0.28360000000000002,4.0,0.0,4.0,1.0,71.0
0.0,2.0,17.0,3.0,0.35999999999999999,0.34850000000000003,0.66000000000000003,0.19399999999999998,4.0,0.0,4.0,1.0,177.0
0.0,2.0,18.0,2.0,0.33999999999999997,0.30299999999999999,0.87,0.32840000000000003,4.0,0.0,4.0,1.0,137.0
0.0,2.0,19.0,3.0,0.33999999999999997,0.30299999999999999,0.93000000000000005,0.29850000000000004,4.0,0.0,4.0,1.0,115.0
0.0,2.0,20.0,2.0,0.33999999999999997,0.30299999999999999,0.93000000000000005,0.35820000000000002,4.0,0.0,4.0,1.0,89.0
0.0,2.0,21.0,2.0,0.33999999999999997,0.30299999999999999,0.87,0.32840000000000003,4.0,0.0,4.0,1.0,83.0
0.0,2.0,22.0,3.0,0.33999999999999997,0.31819999999999998,0.87,0.28360000000000002,4.0,0.0,4.0,1.0,55.0
0.0,2.0,23.0,2.0,0.32000000000000001,0.30299999999999999,0.93000000000000005,0.22390000000000002,4.0,0.0,4.0,1.0,50.0
0.0,2.0,0.0,3.0,0.32000000000000001,0.34850000000000003,0.93000000000000005,0.0,4.0,0.0,5.0,1.0,9.0
0.0,2.0,1.0,2.0,0.32000000000000001,0.34850000000000003,1.0,0.0,4.0,0.0,5.0,1.0,10.0
0.0,2.0,2.0,2.0,0.32000000000000001,0.34850000000000003,1.0,0.0,4.0,0.0,5.0,1.0,3.0
0.0,2.0,3.0,2.0,0.32000000000000001,0.33329999999999999,0.93000000000000005,0.1045,4.0,0.0,5.0,1.0,2.0
0.0,2.0,5.0,2.0,0.32000000000000001,0.33329999999999999,0.93000000000000005,0.1045,4.0,0.0,5.0,1.0,6.0
0.0,2.0,6.0,3.0,0.33999999999999997,0.34850000000000003,0.93000000000000005,0.089599999999999999,4.0,0.0,5.0,1.0,11.0
0.0,2.0,7.0,3.0,0.33999999999999997,0.33329999999999999,1.0,0.1343,4.0,0.0,5.0,1.0,35.0
0.0,2.0,8.0,3.0,0.35999999999999999,0.34850000000000003,0.93000000000000005,0.1343,4.0,0.0,5.0,1.0,73.0
0.0,2.0,9.0,3.0,0.33999999999999997,0.30299999999999999,0.93000000000000005,0.35820000000000002,4.0,0.0,5.0,1.0,114.0
0.0,2.0,10.0,3.0,0.41999999999999998,0.42420000000000002,0.93999999999999995,0.32840000000000003,4.0,0.0,5.0,1.0,49.0
0.0,2.0,11.0,1.0,0.52000000000000002,0.5,0.77000000000000002,0.44780000000000003,4.0,0.0,5.0,1.0,59.0
0.0,2.0,12.0,3.0,0.54000000000000004,0.51519999999999999,0.59999999999999998,0.4627,4.0,0.0,5.0,1.0,115.0
0.0,2.0,13.0,3.0,0.54000000000000004,0.51519999999999999,0.59999999999999998,0.4627,4.0,0.0,5.0,1.0,83.0
0.0,2.0,14.0,3.0,0.56000000000000005,0.53029999999999999,0.56000000000000005,0.6119,4.0,0.0,5.0,1.0,85.0
0.0,2.0,15.0,1.0,0.45999999999999996,0.45450000000000002,0.40999999999999998,0.80600000000000005,4.0,0.0,5.0,1.0,55.0
0.0,2.0,16.0,1.0,0.32000000000000001,0.28789999999999999,0.48999999999999999,0.4627,4.0,0.0,5.0,1.0,102.0
0.0,2.0,17.0,1.0,0.32000000000000001,0.2727,0.48999999999999999,0.74629999999999996,4.0,0.0,5.0,1.0,189.0
0.0,2.0,18.0,1.0,0.32000000000000001,0.28789999999999999,0.48999999999999999,0.49250000000000005,4.0,0.0,5.0,1.0,157.0
0.0,2.0,19.0,1.0,0.30000000000000004,0.2727,0.52000000000000002,0.44780000000000003,4.0,0.0,5.0,1.0,90.0
0.0,2.0,20.0,1.0,0.30000000000000004,0.2576,0.48999999999999999,0.6119,4.0,0.0,5.0,1.0,62.0
0.0,2.0,21.0,1.0,0.28000000000000003,0.2576,0.47999999999999998,0.3881,4.0,0.0,5.0,1.0,63.0
0.0,2.0,22.0,1.0,0.26000000000000001,0.21210000000000001,0.47999999999999998,0.44780000000000003,4.0,0.0,5.0,1.0,50.0
0.0,2.0,23.0,1.0,0.26000000000000001,0.2273,0.47999999999999998,0.32840000000000003,4.0,0.0,5.0,1.0,39.0
0.0,2.0,0.0,1.0,0.23999999999999999,0.2273,0.52000000000000002,0.19399999999999998,4.0,0.0,6.0,0.0,28.0
0.0,2.0,1.0,1.0,0.23999999999999999,0.21210000000000001,0.52000000000000002,0.29850000000000004,4.0,0.0,6.0,0.0,27.0
0.0,2.0,2.0,1.0,0.22,0.19699999999999998,0.59999999999999998,0.35820000000000002,4.0,0.0,6.0,0.0,12.0
0.0,2.0,3.0,1.0,0.22,0.2273,0.55000000000000004,0.1343,4.0,0.0,6.0,0.0,8.0
0.0,2.0,4.0,2.0,0.22,0.2576,0.59999999999999998,0.089599999999999999,4.0,0.0,6.0,0.0,2.0
0.0,2.0,5.0,2.0,0.22,0.24239999999999998,0.64000000000000001,0.1045,4.0,0.0,6.0,0.0,10.0
0.0,2.0,6.0,1.0,0.22,0.2727,0.59999999999999998,0.0,4.0,0.0,6.0,0.0,7.0
0.0,2.0,7.0,1.0,0.22,0.2576,0.59999999999999998,0.089599999999999999,4.0,0.0,6.0,0.0,22.0
0.0,2.0,8.0,2.0,0.23999999999999999,0.28789999999999999,0.59999999999999998,0.0,4.0,0.0,6.0,0.0,57.0
0.0,2.0,9.0,2.0,0.26000000000000001,0.2576,0.56000000000000005,0.16420000000000001,4.0,0.0,6.0,0.0,74.0
0.0,2.0,10.0,2.0,0.30000000000000004,0.30299999999999999,0.48999999999999999,0.1343,4.0,0.0,6.0,0.0,85.0
0.0,2.0,11.0,1.0,0.30000000000000004,0.33329999999999999,0.45000000000000001,0.0,4.0,0.0,6.0,0.0,126.0
0.0,2.0,12.0,2.0,0.32000000000000001,0.31819999999999998,0.45000000000000001,0.16420000000000001,4.0,0.0,6.0,0.0,160.0
0.0,2.0,13.0,2.0,0.33999999999999997,0.31819999999999998,0.41999999999999998,0.25370000000000004,4.0,0.0,6.0,0.0,174.0
0.0,2.0,14.0,2.0,0.33999999999999997,0.30299999999999999,0.35999999999999999,0.32840000000000003,4.0,0.0,6.0,0.0,211.0
0.0,2.0,15.0,2.0,0.35999999999999999,0.33329999999999999,0.40000000000000002,0.28360000000000002,4.0,0.0,6.0,0.0,165.0
0.0,2.0,16.0,1.0,0.35999999999999999,0.33329999999999999,0.46000000000000002,0.28360000000000002,4.0,0.0,6.0,0.0,171.0
0.0,2.0,17.0,1.0,0.35999999999999999,0.34850000000000003,0.42999999999999999,0.22390000000000002,4.0,0.0,6.0,0.0,183.0
0.0,2.0,18.0,1.0,0.33999999999999997,0.33329999999999999,0.46000000000000002,0.19399999999999998,4.0,0.0,6.0,0.0,137.0
0.0,2.0,19.0,1.0,0.32000000000000001,0.30299999999999999,0.48999999999999999,0.25370000000000004,4.0,0.0,6.0,0.0,94.0
0.0,2.0,20.0,1.0,0.30000000000000004,0.30299999999999999,0.56000000000000005,0.16420000000000001,4.0,0.0,6.0,0.0,68.0
0.0,2.0,21.0,1.0,0.28000000000000003,0.2727,0.65000000000000002,0.25370000000000004,4.0,0.0,6.0,0.0,68.0
0.0,2.0,22.0,1.0,0.28000000000000003,0.2727,0.75,0.22390000000000002,4.0,0.0,6.0,0.0,46.0
0.0,2.0,23.0,1.0,0.28000000000000003,0.2576,0.75,0.28360000000000002,4.0,0.0,6.0,0.0,34.0
0.0,2.0,0.0,1.0,0.26000000000000001,0.24239999999999998,0.87,0.28360000000000002,4.0,0.0,7.0,0.0,34.0
0.0,2.0,1.0,1.0,0.26000000000000001,0.2576,0.87,0.19399999999999998,4.0,0.0,7.0,0.0,37.0
0.0,2.0,2.0,1.0,0.26000000000000001,0.2727,0.87,0.1343,4.0,0.0,7.0,0.0,22.0
0.0,2.0,3.0,1.0,0.26000000000000001,0.28789999999999999,0.87,0.089599999999999999,4.0,0.0,7.0,0.0,11.0
0.0,2.0,4.0,1.0,0.23999999999999999,0.24239999999999998,0.87,0.1343,4.0,0.0,7.0,0.0,2.0
0.0,2.0,6.0,1.0,0.23999999999999999,0.28789999999999999,0.87,0.0,4.0,0.0,7.0,0.0,3.0
0.0,2.0,7.0,1.0,0.23999999999999999,0.24239999999999998,0.87,0.1343,4.0,0.0,7.0,0.0,14.0
0.0,2.0,8.0,1.0,0.26000000000000001,0.30299999999999999,0.87,0.0,4.0,0.0,7.0,0.0,35.0
0.0,2.0,9.0,1.0,0.28000000000000003,0.30299999999999999,0.87,0.089599999999999999,4.0,0.0,7.0,0.0,59.0
0.0,2.0,10.0,1.0,0.30000000000000004,0.30299999999999999,0.81000000000000005,0.16420000000000001,4.0,0.0,7.0,0.0,103.0
0.0,2.0,11.0,1.0,0.35999999999999999,0.34850000000000003,0.62,0.1343,4.0,0.0,7.0,0.0,125.0
0.0,2.0,12.0,1.0,0.39999999999999997,0.40909999999999996,0.54000000000000004,0.089599999999999999,4.0,0.0,7.0,0.0,193.0
0.0,2.0,13.0,1.0,0.41999999999999998,0.42420000000000002,0.46999999999999997,0.0,4.0,0.0,7.0,0.0,259.0
0.0,2.0,14.0,1.0,0.44,0.43939999999999996,0.46999999999999997,0.089599999999999999,4.0,0.0,7.0,0.0,282.0
0.0,2.0,15.0,1.0,0.45999999999999996,0.45450000000000002,0.44,0.1343,4.0,0.0,7.0,0.0,261.0
0.0,2.0,16.0,1.0,0.47999999999999998,0.46970000000000001,0.44,0.16420000000000001,4.0,0.0,7.0,0.0,268.0
0.0,2.0,17.0,1.0,0.41999999999999998,0.42420000000000002,0.54000000000000004,0.19399999999999998,4.0,0.0,7.0,0.0,187.0
0.0,2.0,18.0,1.0,0.39999999999999997,0.40909999999999996,0.54000000000000004,0.19399999999999998,4.0,0.0,7.0,0.0,127.0
0.0,2.0,19.0,1.0,0.39999999999999997,0.40909999999999996,0.54000000000000004,0.1343,4.0,0.0,7.0,0.0,102.0
0.0,2.0,20.0,1.0,0.39999999999999997,0.40909999999999996,0.54000000000000004,0.089599999999999999,4.0,0.0,7.0,0.0,81.0
0.0,2.0,21.0,1.0,0.38,0.39390000000000003,0.62,0.16420000000000001,4.0,0.0,7.0,0.0,69.0
0.0,2.0,22.0,2.0,0.38,0.39390000000000003,0.62,0.1045,4.0,0.0,7.0,0.0,69.0
0.0,2.0,23.0,2.0,0.35999999999999999,0.34850000000000003,0.62,0.16420000000000001,4.0,0.0,7.0,0.0,59.0
0.0,2.0,0.0,2.0,0.35999999999999999,0.36359999999999998,0.66000000000000003,0.1045,4.0,0.0,1.0,1.0,30.0
0.0,2.0,1.0,3.0,0.33999999999999997,0.30299999999999999,0.87,0.35820000000000002,4.0,0.0,1.0,1.0,8.0
0.0,2.0,3.0,3.0,0.32000000000000001,0.31819999999999998,0.93000000000000005,0.16420000000000001,4.0,0.0,1.0,1.0,1.0
0.0,2.0,5.0,2.0,0.33999999999999997,0.36359999999999998,0.93000000000000005,0.0,4.0,0.0,1.0,1.0,5.0
0.0,2.0,6.0,2.0,0.33999999999999997,0.34850000000000003,0.95999999999999996,0.1045,4.0,0.0,1.0,1.0,28.0
0.0,2.0,7.0,2.0,0.35999999999999999,0.36359999999999998,0.93000000000000005,0.1045,4.0,0.0,1.0,1.0,92.0
0.0,2.0,8.0,2.0,0.33999999999999997,0.30299999999999999,0.93000000000000005,0.29850000000000004,4.0,0.0,1.0,1.0,255.0
0.0,2.0,9.0,1.0,0.41999999999999998,0.42420000000000002,0.81999999999999995,0.28360000000000002,4.0,0.0,1.0,1.0,142.0
0.0,2.0,10.0,2.0,0.52000000000000002,0.5,0.71999999999999997,0.49250000000000005,4.0,0.0,1.0,1.0,92.0
0.0,2.0,11.0,2.0,0.56000000000000005,0.53029999999999999,0.64000000000000001,0.29850000000000004,4.0,0.0,1.0,1.0,87.0
0.0,2.0,12.0,2.0,0.56000000000000005,0.53029999999999999,0.64000000000000001,0.29850000000000004,4.0,0.0,1.0,1.0,36.0
0.0,2.0,13.0,3.0,0.45999999999999996,0.45450000000000002,0.93999999999999995,0.22390000000000002,4.0,0.0,1.0,1.0,32.0
0.0,2.0,14.0,3.0,0.41999999999999998,0.42420000000000002,1.0,0.29850000000000004,4.0,0.0,1.0,1.0,25.0
0.0,2.0,15.0,3.0,0.41999999999999998,0.42420000000000002,1.0,0.29850000000000004,4.0,0.0,1.0,1.0,35.0
0.0,2.0,16.0,3.0,0.41999999999999998,0.42420000000000002,1.0,0.1343,4.0,0.0,1.0,1.0,42.0
0.0,2.0,17.0,3.0,0.39999999999999997,0.40909999999999996,1.0,0.29850000000000004,4.0,0.0,1.0,1.0,79.0
0.0,2.0,18.0,3.0,0.45999999999999996,0.45450000000000002,0.93999999999999995,0.19399999999999998,4.0,0.0,1.0,1.0,131.0
0.0,2.0,19.0,3.0,0.44,0.43939999999999996,0.88,0.6119,4.0,0.0,1.0,1.0,80.0
0.0,2.0,20.0,3.0,0.44,0.43939999999999996,0.88,0.6119,4.0,0.0,1.0,1.0,45.0
0.0,2.0,21.0,2.0,0.38,0.39390000000000003,0.87,0.3881,4.0,0.0,1.0,1.0,80.0
0.0,2.0,22.0,3.0,0.33999999999999997,0.30299999999999999,0.93000000000000005,0.41790000000000005,4.0,0.0,1.0,1.0,76.0
0.0,2.0,23.0,2.0,0.32000000000000001,0.28789999999999999,0.81000000000000005,0.3881,4.0,0.0,1.0,1.0,45.0
0.0,3.0,0.0,1.0,0.30000000000000004,0.2727,0.69999999999999996,0.4627,4.0,0.0,2.0,1.0,7.0
0.0,3.0,1.0,1.0,0.26000000000000001,0.2273,0.69999999999999996,0.35820000000000002,4.0,0.0,2.0,1.0,3.0
0.0,3.0,2.0,1.0,0.23999999999999999,0.21210000000000001,0.65000000000000002,0.3881,4.0,0.0,2.0,1.0,4.0
0.0,3.0,3.0,1.0,0.22,0.21210000000000001,0.68999999999999995,0.28360000000000002,4.0,0.0,2.0,1.0,2.0
0.0,3.0,4.0,1.0,0.22,0.21210000000000001,0.68999999999999995,0.25370000000000004,4.0,0.0,2.0,1.0,1.0
0.0,3.0,5.0,1.0,0.19999999999999998,0.18179999999999999,0.64000000000000001,0.28360000000000002,4.0,0.0,2.0,1.0,2.0
0.0,3.0,6.0,1.0,0.19999999999999998,0.18179999999999999,0.58999999999999997,0.29850000000000004,4.0,0.0,2.0,1.0,46.0
0.0,3.0,7.0,1.0,0.19999999999999998,0.18179999999999999,0.58999999999999997,0.32840000000000003,4.0,0.0,2.0,1.0,107.0
0.0,3.0,8.0,1.0,0.19999999999999998,0.18179999999999999,0.58999999999999997,0.3881,4.0,0.0,2.0,1.0,214.0
0.0,3.0,9.0,1.0,0.22,0.19699999999999998,0.55000000000000004,0.41790000000000005,4.0,0.0,2.0,1.0,124.0
0.0,3.0,10.0,1.0,0.23999999999999999,0.21210000000000001,0.52000000000000002,0.28360000000000002,4.0,0.0,2.0,1.0,68.0
0.0,3.0,11.0,1.0,0.28000000000000003,0.2727,0.45000000000000001,0.25370000000000004,4.0,0.0,2.0,1.0,56.0
0.0,3.0,12.0,1.0,0.30000000000000004,0.30299999999999999,0.39000000000000001,0.1343,4.0,0.0,2.0,1.0,86.0
0.0,3.0,13.0,1.0,0.32000000000000001,0.34850000000000003,0.39000000000000001,0.0,4.0,0.0,2.0,1.0,78.0
0.0,3.0,14.0,1.0,0.32000000000000001,0.33329999999999999,0.35999999999999999,0.1343,4.0,0.0,2.0,1.0,79.0
0.0,3.0,15.0,1.0,0.33999999999999997,0.36359999999999998,0.34000000000000002,0.0,4.0,0.0,2.0,1.0,64.0
0.0,3.0,16.0,1.0,0.33999999999999997,0.34850000000000003,0.34000000000000002,0.089599999999999999,4.0,0.0,2.0,1.0,102.0
0.0,3.0,17.0,1.0,0.33999999999999997,0.34850000000000003,0.34000000000000002,0.089599999999999999,4.0,0.0,2.0,1.0,242.0
0.0,3.0,18.0,1.0,0.32000000000000001,0.31819999999999998,0.39000000000000001,0.19399999999999998,4.0,0.0,2.0,1.0,224.0
0.0,3.0,19.0,1.0,0.30000000000000004,0.30299999999999999,0.48999999999999999,0.1343,4.0,0.0,2.0,1.0,119.0
0.0,3.0,20.0,1.0,0.30000000000000004,0.31819999999999998,0.60999999999999999,0.089599999999999999,4.0,0.0,2.0,1.0,88.0
0.0,3.0,21.0,1.0,0.26000000000000001,0.30299999999999999,0.56000000000000005,0.0,4.0,0.0,2.0,1.0,63.0
0.0,3.0,22.0,1.0,0.23999999999999999,0.2727,0.62,0.1045,4.0,0.0,2.0,1.0,47.0
0.0,3.0,23.0,1.0,0.23999999999999999,0.2273,0.65000000000000002,0.22390000000000002,4.0,0.0,2.0,1.0,25.0
0.0,3.0,0.0,1.0,0.22,0.2273,0.68999999999999995,0.16420000000000001,4.0,0.0,3.0,1.0,8.0
0.0,3.0,1.0,1.0,0.22,0.2273,0.68999999999999995,0.19399999999999998,4.0,0.0,3.0,1.0,4.0
0.0,3.0,2.0,1.0,0.22,0.2273,0.68999999999999995,0.19399999999999998,4.0,0.0,3.0,1.0,2.0
0.0,3.0,3.0,1.0,0.22,0.21210000000000001,0.68999999999999995,0.28360000000000002,4.0,0.0,3.0,1.0,4.0
0.0,3.0,4.0,1.0,0.19999999999999998,0.21210000000000001,0.75,0.1343,4.0,0.0,3.0,1.0,1.0
0.0,3.0,5.0,1.0,0.22,0.21210000000000001,0.68999999999999995,0.22390000000000002,4.0,0.0,3.0,1.0,5.0
0.0,3.0,6.0,1.0,0.22,0.21210000000000001,0.55000000000000004,0.25370000000000004,4.0,0.0,3.0,1.0,40.0
0.0,3.0,7.0,1.0,0.22,0.21210000000000001,0.64000000000000001,0.25370000000000004,4.0,0.0,3.0,1.0,110.0
0.0,3.0,8.0,1.0,0.23999999999999999,0.21210000000000001,0.65000000000000002,0.28360000000000002,4.0,0.0,3.0,1.0,256.0
0.0,3.0,9.0,1.0,0.28000000000000003,0.2576,0.56000000000000005,0.29850000000000004,4.0,0.0,3.0,1.0,148.0
0.0,3.0,10.0,1.0,0.32000000000000001,0.30299999999999999,0.48999999999999999,0.28360000000000002,4.0,0.0,3.0,1.0,76.0
0.0,3.0,11.0,1.0,0.33999999999999997,0.30299999999999999,0.53000000000000003,0.32840000000000003,4.0,0.0,3.0,1.0,73.0
0.0,3.0,12.0,1.0,0.39999999999999997,0.40909999999999996,0.42999999999999999,0.19399999999999998,4.0,0.0,3.0,1.0,82.0
0.0,3.0,13.0,1.0,0.5,0.48479999999999995,0.25,0.0,4.0,0.0,3.0,1.0,125.0
0.0,3.0,14.0,1.0,0.52000000000000002,0.5,0.23000000000000001,0.29850000000000004,4.0,0.0,3.0,1.0,96.0
0.0,3.0,15.0,1.0,0.54000000000000004,0.51519999999999999,0.19,0.41790000000000005,4.0,0.0,3.0,1.0,110.0
0.0,3.0,16.0,1.0,0.54000000000000004,0.51519999999999999,0.19,0.32840000000000003,4.0,0.0,3.0,1.0,139.0
0.0,3.0,17.0,1.0,0.5,0.48479999999999995,0.23000000000000001,0.28360000000000002,4.0,0.0,3.0,1.0,268.0
0.0,3.0,18.0,1.0,0.45999999999999996,0.45450000000000002,0.23000000000000001,0.49250000000000005,4.0,0.0,3.0,1.0,201.0
0.0,3.0,19.0,1.0,0.39999999999999997,0.40909999999999996,0.28000000000000003,0.52239999999999998,4.0,0.0,3.0,1.0,150.0
0.0,3.0,20.0,1.0,0.35999999999999999,0.33329999999999999,0.28999999999999998,0.41790000000000005,4.0,0.0,3.0,1.0,95.0
0.0,3.0,21.0,1.0,0.33999999999999997,0.28789999999999999,0.28999999999999998,0.4627,4.0,0.0,3.0,1.0,71.0
0.0,3.0,22.0,1.0,0.30000000000000004,0.2576,0.26000000000000001,0.55220000000000002,4.0,0.0,3.0,1.0,48.0
0.0,3.0,23.0,1.0,0.26000000000000001,0.21210000000000001,0.29999999999999999,0.52239999999999998,4.0,0.0,3.0,1.0,22.0
0.0,3.0,0.0,1.0,0.23999999999999999,0.19699999999999998,0.29999999999999999,0.4627,4.0,0.0,4.0,1.0,13.0
0.0,3.0,1.0,1.0,0.23999999999999999,0.19699999999999998,0.29999999999999999,0.4627,4.0,0.0,4.0,1.0,1.0
0.0,3.0,2.0,1.0,0.19999999999999998,0.16670000000000001,0.27000000000000002,0.4627,4.0,0.0,4.0,1.0,3.0
0.0,3.0,3.0,1.0,0.19999999999999998,0.16670000000000001,0.27000000000000002,0.4627,4.0,0.0,4.0,1.0,1.0
0.0,3.0,4.0,1.0,0.16,0.12119999999999999,0.31,0.49250000000000005,4.0,0.0,4.0,1.0,1.0
0.0,3.0,5.0,1.0,0.14000000000000001,0.12119999999999999,0.33000000000000002,0.29850000000000004,4.0,0.0,4.0,1.0,8.0
0.0,3.0,6.0,1.0,0.14000000000000001,0.12119999999999999,0.33000000000000002,0.29850000000000004,4.0,0.0,4.0,1.0,35.0
0.0,3.0,7.0,1.0,0.12,0.090899999999999995,0.41999999999999998,0.41790000000000005,4.0,0.0,4.0,1.0,111.0
0.0,3.0,8.0,1.0,0.14000000000000001,0.12119999999999999,0.39000000000000001,0.29850000000000004,4.0,0.0,4.0,1.0,220.0
0.0,3.0,9.0,1.0,0.16,0.13639999999999999,0.37,0.28360000000000002,4.0,0.0,4.0,1.0,145.0
0.0,3.0,10.0,1.0,0.17999999999999999,0.18179999999999999,0.28999999999999998,0.19399999999999998,4.0,0.0,4.0,1.0,56.0
0.0,3.0,11.0,1.0,0.19999999999999998,0.2273,0.28999999999999998,0.089599999999999999,4.0,0.0,4.0,1.0,50.0
0.0,3.0,12.0,1.0,0.22,0.2273,0.25,0.1343,4.0,0.0,4.0,1.0,72.0
0.0,3.0,13.0,1.0,0.22,0.2576,0.25,0.089599999999999999,4.0,0.0,4.0,1.0,80.0
0.0,3.0,14.0,1.0,0.23999999999999999,0.2576,0.20999999999999999,0.1045,4.0,0.0,4.0,1.0,78.0
0.0,3.0,15.0,1.0,0.23999999999999999,0.28789999999999999,0.23000000000000001,0.0,4.0,0.0,4.0,1.0,68.0
0.0,3.0,16.0,1.0,0.26000000000000001,0.30299999999999999,0.23000000000000001,0.0,4.0,0.0,4.0,1.0,71.0
0.0,3.0,17.0,1.0,0.26000000000000001,0.30299999999999999,0.22,0.0,4.0,0.0,4.0,1.0,202.0
0.0,3.0,18.0,1.0,0.23999999999999999,0.21210000000000001,0.34999999999999998,0.32840000000000003,4.0,0.0,4.0,1.0,167.0
0.0,3.0,19.0,1.0,0.19999999999999998,0.19699999999999998,0.40000000000000002,0.25370000000000004,4.0,0.0,4.0,1.0,106.0
0.0,3.0,20.0,1.0,0.19999999999999998,0.2273,0.40000000000000002,0.089599999999999999,4.0,0.0,4.0,1.0,70.0
0.0,3.0,21.0,1.0,0.17999999999999999,0.21210000000000001,0.40000000000000002,0.1045,4.0,0.0,4.0,1.0,51.0
0.0,3.0,22.0,1.0,0.19999999999999998,0.2576,0.40000000000000002,0.0,4.0,0.0,4.0,1.0,53.0
0.0,3.0,23.0,2.0,0.17999999999999999,0.21210000000000001,0.42999999999999999,0.089599999999999999,4.0,0.0,4.0,1.0,23.0
0.0,3.0,0.0,2.0,0.19999999999999998,0.19699999999999998,0.55000000000000004,0.19399999999999998,4.0,0.0,5.0,1.0,12.0
0.0,3.0,1.0,2.0,0.17999999999999999,0.18179999999999999,0.64000000000000001,0.19399999999999998,4.0,0.0,5.0,1.0,4.0
0.0,3.0,2.0,2.0,0.17999999999999999,0.18179999999999999,0.64000000000000001,0.19399999999999998,4.0,0.0,5.0,1.0,2.0
0.0,3.0,3.0,2.0,0.17999999999999999,0.16670000000000001,0.73999999999999999,0.25370000000000004,4.0,0.0,5.0,1.0,1.0
0.0,3.0,4.0,2.0,0.17999999999999999,0.18179999999999999,0.73999999999999999,0.19399999999999998,4.0,0.0,5.0,1.0,1.0
0.0,3.0,5.0,2.0,0.16,0.18179999999999999,0.73999999999999999,0.1343,4.0,0.0,5.0,1.0,7.0
0.0,3.0,6.0,2.0,0.16,0.19699999999999998,0.73999999999999999,0.089599999999999999,4.0,0.0,5.0,1.0,29.0
0.0,3.0,7.0,1.0,0.16,0.18179999999999999,0.80000000000000004,0.1343,4.0,0.0,5.0,1.0,83.0
0.0,3.0,8.0,1.0,0.17999999999999999,0.19699999999999998,0.73999999999999999,0.1343,4.0,0.0,5.0,1.0,228.0
0.0,3.0,9.0,1.0,0.22,0.2273,0.59999999999999998,0.1343,4.0,0.0,5.0,1.0,150.0
0.0,3.0,10.0,1.0,0.23999999999999999,0.2273,0.59999999999999998,0.25370000000000004,4.0,0.0,5.0,1.0,66.0
0.0,3.0,11.0,1.0,0.28000000000000003,0.2727,0.52000000000000002,0.22390000000000002,4.0,0.0,5.0,1.0,89.0
0.0,3.0,12.0,1.0,0.32000000000000001,0.30299999999999999,0.42999999999999999,0.16420000000000001,4.0,0.0,5.0,1.0,97.0
0.0,3.0,13.0,1.0,0.33999999999999997,0.31819999999999998,0.41999999999999998,0.22390000000000002,4.0,0.0,5.0,1.0,87.0
0.0,3.0,14.0,1.0,0.35999999999999999,0.33329999999999999,0.40000000000000002,0.28360000000000002,4.0,0.0,5.0,1.0,95.0
0.0,3.0,15.0,1.0,0.35999999999999999,0.33329999999999999,0.40000000000000002,0.29850000000000004,4.0,0.0,5.0,1.0,106.0
0.0,3.0,16.0,1.0,0.35999999999999999,0.34850000000000003,0.46000000000000002,0.19399999999999998,4.0,0.0,5.0,1.0,118.0
0.0,3.0,17.0,2.0,0.35999999999999999,0.33329999999999999,0.5,0.25370000000000004,4.0,0.0,5.0,1.0,228.0
0.0,3.0,18.0,2.0,0.33999999999999997,0.30299999999999999,0.53000000000000003,0.29850000000000004,4.0,0.0,5.0,1.0,187.0
0.0,3.0,19.0,1.0,0.32000000000000001,0.30299999999999999,0.60999999999999999,0.25370000000000004,4.0,0.0,5.0,1.0,107.0
0.0,3.0,20.0,2.0,0.30000000000000004,0.28789999999999999,0.69999999999999996,0.19399999999999998,4.0,0.0,5.0,1.0,87.0
0.0,3.0,21.0,2.0,0.30000000000000004,0.28789999999999999,0.69999999999999996,0.22390000000000002,4.0,0.0,5.0,1.0,70.0
0.0,3.0,22.0,1.0,0.30000000000000004,0.28789999999999999,0.69999999999999996,0.19399999999999998,4.0,0.0,5.0,1.0,44.0
0.0,3.0,23.0,2.0,0.30000000000000004,0.30299999999999999,0.75,0.16420000000000001,4.0,0.0,5.0,1.0,46.0
0.0,3.0,0.0,2.0,0.28000000000000003,0.28789999999999999,0.81000000000000005,0.1045,4.0,0.0,6.0,0.0,19.0
0.0,3.0,1.0,2.0,0.30000000000000004,0.31819999999999998,0.81000000000000005,0.1045,4.0,0.0,6.0,0.0,25.0
0.0,3.0,2.0,2.0,0.30000000000000004,0.28789999999999999,0.87,0.19399999999999998,4.0,0.0,6.0,0.0,20.0
0.0,3.0,3.0,2.0,0.30000000000000004,0.28789999999999999,0.87,0.19399999999999998,4.0,0.0,6.0,0.0,2.0
0.0,3.0,4.0,2.0,0.30000000000000004,0.30299999999999999,0.93000000000000005,0.16420000000000001,4.0,0.0,6.0,0.0,1.0
0.0,3.0,5.0,2.0,0.30000000000000004,0.30299999999999999,1.0,0.1343,4.0,0.0,6.0,0.0,3.0
0.0,3.0,6.0,2.0,0.30000000000000004,0.28789999999999999,1.0,0.22390000000000002,4.0,0.0,6.0,0.0,4.0
0.0,3.0,7.0,2.0,0.30000000000000004,0.2727,1.0,0.29850000000000004,4.0,0.0,6.0,0.0,15.0
0.0,3.0,8.0,2.0,0.30000000000000004,0.2727,1.0,0.29850000000000004,4.0,0.0,6.0,0.0,45.0
0.0,3.0,9.0,2.0,0.32000000000000001,0.30299999999999999,0.93000000000000005,0.22390000000000002,4.0,0.0,6.0,0.0,63.0
0.0,3.0,10.0,2.0,0.33999999999999997,0.33329999999999999,0.93000000000000005,0.19399999999999998,4.0,0.0,6.0,0.0,103.0
0.0,3.0,11.0,2.0,0.39999999999999997,0.40909999999999996,0.76000000000000001,0.22390000000000002,4.0,0.0,6.0,0.0,159.0
0.0,3.0,12.0,2.0,0.44,0.43939999999999996,0.67000000000000004,0.25370000000000004,4.0,0.0,6.0,0.0,167.0
0.0,3.0,13.0,2.0,0.45999999999999996,0.45450000000000002,0.67000000000000004,0.28360000000000002,4.0,0.0,6.0,0.0,190.0
0.0,3.0,14.0,2.0,0.47999999999999998,0.46970000000000001,0.58999999999999997,0.28360000000000002,4.0,0.0,6.0,0.0,198.0
0.0,3.0,15.0,2.0,0.45999999999999996,0.45450000000000002,0.63,0.29850000000000004,4.0,0.0,6.0,0.0,205.0
0.0,3.0,16.0,2.0,0.47999999999999998,0.46970000000000001,0.58999999999999997,0.29850000000000004,4.0,0.0,6.0,0.0,204.0
0.0,3.0,17.0,2.0,0.47999999999999998,0.46970000000000001,0.58999999999999997,0.35820000000000002,4.0,0.0,6.0,0.0,164.0
0.0,3.0,18.0,2.0,0.47999999999999998,0.46970000000000001,0.58999999999999997,0.32840000000000003,4.0,0.0,6.0,0.0,152.0
0.0,3.0,19.0,2.0,0.45999999999999996,0.45450000000000002,0.67000000000000004,0.32840000000000003,4.0,0.0,6.0,0.0,89.0
0.0,3.0,20.0,2.0,0.44,0.43939999999999996,0.77000000000000002,0.32840000000000003,4.0,0.0,6.0,0.0,70.0
0.0,3.0,21.0,2.0,0.44,0.43939999999999996,0.71999999999999997,0.32840000000000003,4.0,0.0,6.0,0.0,72.0
0.0,3.0,22.0,2.0,0.41999999999999998,0.42420000000000002,0.77000000000000002,0.29850000000000004,4.0,0.0,6.0,0.0,63.0
0.0,3.0,23.0,2.0,0.44,0.43939999999999996,0.77000000000000002,0.29850000000000004,4.0,0.0,6.0,0.0,44.0
0.0,3.0,0.0,2.0,0.41999999999999998,0.42420000000000002,0.77000000000000002,0.35820000000000002,4.0,0.0,7.0,0.0,52.0
0.0,3.0,1.0,2.0,0.41999999999999998,0.42420000000000002,0.77000000000000002,0.28360000000000002,4.0,0.0,7.0,0.0,39.0
0.0,3.0,2.0,2.0,0.39999999999999997,0.40909999999999996,0.81999999999999995,0.28360000000000002,4.0,0.0,7.0,0.0,32.0
0.0,3.0,3.0,2.0,0.41999999999999998,0.42420000000000002,0.81999999999999995,0.29850000000000004,4.0,0.0,7.0,0.0,11.0
0.0,3.0,4.0,2.0,0.41999999999999998,0.42420000000000002,0.88,0.35820000000000002,4.0,0.0,7.0,0.0,3.0
0.0,3.0,6.0,2.0,0.41999999999999998,0.42420000000000002,0.93999999999999995,0.35820000000000002,4.0,0.0,7.0,0.0,2.0
0.0,3.0,7.0,3.0,0.41999999999999998,0.42420000000000002,1.0,0.44780000000000003,4.0,0.0,7.0,0.0,5.0
0.0,3.0,8.0,2.0,0.39999999999999997,0.40909999999999996,1.0,0.29850000000000004,4.0,0.0,7.0,0.0,9.0
0.0,3.0,9.0,2.0,0.41999999999999998,0.42420000000000002,1.0,0.28360000000000002,4.0,0.0,7.0,0.0,22.0
0.0,3.0,10.0,2.0,0.41999999999999998,0.42420000000000002,1.0,0.29850000000000004,4.0,0.0,7.0,0.0,31.0
0.0,3.0,11.0,2.0,0.41999999999999998,0.42420000000000002,1.0,0.22390000000000002,4.0,0.0,7.0,0.0,62.0
0.0,3.0,12.0,2.0,0.45999999999999996,0.45450000000000002,0.93999999999999995,0.32840000000000003,4.0,0.0,7.0,0.0,79.0
0.0,3.0,13.0,2.0,0.45999999999999996,0.45450000000000002,0.93999999999999995,0.35820000000000002,4.0,0.0,7.0,0.0,105.0
0.0,3.0,14.0,3.0,0.44,0.43939999999999996,1.0,0.22390000000000002,4.0,0.0,7.0,0.0,39.0
0.0,3.0,15.0,3.0,0.44,0.43939999999999996,1.0,0.22390000000000002,4.0,0.0,7.0,0.0,7.0
0.0,3.0,16.0,3.0,0.35999999999999999,0.33329999999999999,1.0,0.28360000000000002,4.0,0.0,7.0,0.0,11.0
0.0,3.0,17.0,3.0,0.33999999999999997,0.30299999999999999,1.0,0.29850000000000004,4.0,0.0,7.0,0.0,25.0
0.0,3.0,18.0,3.0,0.32000000000000001,0.28789999999999999,1.0,0.35820000000000002,4.0,0.0,7.0,0.0,23.0
0.0,3.0,19.0,3.0,0.30000000000000004,0.2576,1.0,0.49250000000000005,4.0,0.0,7.0,0.0,11.0
0.0,3.0,20.0,3.0,0.28000000000000003,0.24239999999999998,1.0,0.41790000000000005,4.0,0.0,7.0,0.0,11.0
0.0,3.0,21.0,3.0,0.23999999999999999,0.18179999999999999,0.93000000000000005,0.6119,4.0,0.0,7.0,0.0,7.0
0.0,3.0,22.0,2.0,0.22,0.19699999999999998,1.0,0.3881,4.0,0.0,7.0,0.0,10.0
0.0,3.0,23.0,2.0,0.22,0.19699999999999998,1.0,0.41790000000000005,4.0,0.0,7.0,0.0,9.0
0.0,3.0,0.0,3.0,0.19999999999999998,0.18179999999999999,1.0,0.32840000000000003,4.0,0.0,1.0,1.0,4.0
0.0,3.0,1.0,3.0,0.19999999999999998,0.18179999999999999,1.0,0.32840000000000003,4.0,0.0,1.0,1.0,2.0
0.0,3.0,3.0,1.0,0.19999999999999998,0.1515,0.80000000000000004,0.58210000000000006,4.0,0.0,1.0,1.0,1.0
0.0,3.0,4.0,1.0,0.19999999999999998,0.1515,0.80000000000000004,0.52239999999999998,4.0,0.0,1.0,1.0,1.0
0.0,3.0,5.0,1.0,0.19999999999999998,0.18179999999999999,0.75,0.35820000000000002,4.0,0.0,1.0,1.0,1.0
0.0,3.0,6.0,1.0,0.19999999999999998,0.18179999999999999,0.75,0.3881,4.0,0.0,1.0,1.0,34.0
0.0,3.0,7.0,1.0,0.19999999999999998,0.16670000000000001,0.75,0.41790000000000005,4.0,0.0,1.0,1.0,91.0
0.0,3.0,8.0,1.0,0.19999999999999998,0.18179999999999999,0.75,0.3881,4.0,0.0,1.0,1.0,211.0
0.0,3.0,9.0,1.0,0.22,0.18179999999999999,0.64000000000000001,0.4627,4.0,0.0,1.0,1.0,134.0
0.0,3.0,10.0,1.0,0.23999999999999999,0.21210000000000001,0.59999999999999998,0.29850000000000004,4.0,0.0,1.0,1.0,58.0
0.0,3.0,11.0,1.0,0.26000000000000001,0.21210000000000001,0.47999999999999998,0.44780000000000003,4.0,0.0,1.0,1.0,60.0
0.0,3.0,12.0,1.0,0.30000000000000004,0.2727,0.41999999999999998,0.41790000000000005,4.0,0.0,1.0,1.0,96.0
0.0,3.0,13.0,1.0,0.32000000000000001,0.28789999999999999,0.35999999999999999,0.3881,4.0,0.0,1.0,1.0,70.0
0.0,3.0,14.0,1.0,0.32000000000000001,0.28789999999999999,0.35999999999999999,0.41790000000000005,4.0,0.0,1.0,1.0,77.0
0.0,3.0,15.0,1.0,0.33999999999999997,0.30299999999999999,0.31,0.3881,4.0,0.0,1.0,1.0,96.0
0.0,3.0,16.0,1.0,0.33999999999999997,0.30299999999999999,0.31,0.35820000000000002,4.0,0.0,1.0,1.0,122.0
0.0,3.0,17.0,1.0,0.33999999999999997,0.30299999999999999,0.28999999999999998,0.35820000000000002,4.0,0.0,1.0,1.0,233.0
0.0,3.0,18.0,1.0,0.32000000000000001,0.30299999999999999,0.31,0.22390000000000002,4.0,0.0,1.0,1.0,233.0
0.0,3.0,19.0,1.0,0.30000000000000004,0.28789999999999999,0.33000000000000002,0.22390000000000002,4.0,0.0,1.0,1.0,145.0
0.0,3.0,20.0,1.0,0.30000000000000004,0.30299999999999999,0.33000000000000002,0.16420000000000001,4.0,0.0,1.0,1.0,92.0
0.0,3.0,21.0,1.0,0.28000000000000003,0.2727,0.38,0.22390000000000002,4.0,0.0,1.0,1.0,54.0
0.0,3.0,22.0,1.0,0.26000000000000001,0.2576,0.47999999999999998,0.16420000000000001,4.0,0.0,1.0,1.0,35.0
0.0,3.0,23.0,1.0,0.28000000000000003,0.31819999999999998,0.47999999999999998,0.0,4.0,0.0,1.0,1.0,22.0
0.0,3.0,0.0,1.0,0.26000000000000001,0.28789999999999999,0.47999999999999998,0.089599999999999999,4.0,0.0,2.0,1.0,10.0
0.0,3.0,1.0,1.0,0.23999999999999999,0.24239999999999998,0.52000000000000002,0.1343,4.0,0.0,2.0,1.0,4.0
0.0,3.0,2.0,1.0,0.23999999999999999,0.24239999999999998,0.52000000000000002,0.1343,4.0,0.0,2.0,1.0,1.0
0.0,3.0,3.0,1.0,0.23999999999999999,0.2576,0.52000000000000002,0.089599999999999999,4.0,0.0,2.0,1.0,7.0
0.0,3.0,4.0,1.0,0.22,0.2727,0.64000000000000001,0.0,4.0,0.0,2.0,1.0,2.0
0.0,3.0,5.0,1.0,0.19999999999999998,0.2273,0.68999999999999995,0.1045,4.0,0.0,2.0,1.0,10.0
0.0,3.0,6.0,1.0,0.19999999999999998,0.2576,0.58999999999999997,0.0,4.0,0.0,2.0,1.0,45.0
0.0,3.0,7.0,1.0,0.17999999999999999,0.19699999999999998,0.64000000000000001,0.1343,4.0,0.0,2.0,1.0,128.0
0.0,3.0,8.0,1.0,0.22,0.2273,0.55000000000000004,0.19399999999999998,4.0,0.0,2.0,1.0,257.0
0.0,3.0,9.0,1.0,0.26000000000000001,0.2576,0.40999999999999998,0.16420000000000001,4.0,0.0,2.0,1.0,151.0
0.0,3.0,10.0,2.0,0.30000000000000004,0.28789999999999999,0.33000000000000002,0.19399999999999998,4.0,0.0,2.0,1.0,71.0
0.0,3.0,11.0,2.0,0.35999999999999999,0.34850000000000003,0.25,0.16420000000000001,4.0,0.0,2.0,1.0,78.0
0.0,3.0,12.0,2.0,0.35999999999999999,0.37880000000000003,0.23000000000000001,0.0,4.0,0.0,2.0,1.0,99.0
0.0,3.0,13.0,2.0,0.38,0.39390000000000003,0.25,0.1045,4.0,0.0,2.0,1.0,98.0
0.0,3.0,14.0,2.0,0.38,0.39390000000000003,0.20000000000000001,0.0,4.0,0.0,2.0,1.0,72.0
0.0,3.0,15.0,2.0,0.35999999999999999,0.37880000000000003,0.17999999999999999,0.0,4.0,0.0,2.0,1.0,112.0
0.0,3.0,16.0,1.0,0.38,0.39390000000000003,0.27000000000000002,0.16420000000000001,4.0,0.0,2.0,1.0,108.0
0.0,3.0,17.0,1.0,0.35999999999999999,0.34850000000000003,0.27000000000000002,0.22390000000000002,4.0,0.0,2.0,1.0,248.0
0.0,3.0,18.0,1.0,0.33999999999999997,0.33329999999999999,0.27000000000000002,0.19399999999999998,4.0,0.0,2.0,1.0,235.0
0.0,3.0,19.0,1.0,0.33999999999999997,0.34850000000000003,0.31,0.1045,4.0,0.0,2.0,1.0,150.0
0.0,3.0,20.0,1.0,0.32000000000000001,0.33329999999999999,0.39000000000000001,0.089599999999999999,4.0,0.0,2.0,1.0,76.0
0.0,3.0,21.0,1.0,0.30000000000000004,0.28789999999999999,0.48999999999999999,0.19399999999999998,4.0,0.0,2.0,1.0,75.0
0.0,3.0,22.0,1.0,0.30000000000000004,0.28789999999999999,0.48999999999999999,0.22390000000000002,4.0,0.0,2.0,1.0,55.0
0.0,3.0,23.0,1.0,0.28000000000000003,0.2727,0.60999999999999999,0.19399999999999998,4.0,0.0,2.0,1.0,41.0
0.0,3.0,0.0,1.0,0.26000000000000001,0.28789999999999999,0.65000000000000002,0.089599999999999999,4.0,0.0,3.0,1.0,9.0
0.0,3.0,1.0,1.0,0.26000000000000001,0.2727,0.52000000000000002,0.1343,4.0,0.0,3.0,1.0,4.0
0.0,3.0,2.0,1.0,0.26000000000000001,0.2727,0.52000000000000002,0.1343,4.0,0.0,3.0,1.0,2.0
0.0,3.0,3.0,1.0,0.23999999999999999,0.2576,0.69999999999999996,0.089599999999999999,4.0,0.0,3.0,1.0,3.0
0.0,3.0,4.0,1.0,0.23999999999999999,0.2576,0.75,0.1045,4.0,0.0,3.0,1.0,2.0
0.0,3.0,5.0,2.0,0.23999999999999999,0.24239999999999998,0.81000000000000005,0.1343,4.0,0.0,3.0,1.0,8.0
0.0,3.0,6.0,2.0,0.23999999999999999,0.2576,0.84999999999999998,0.1045,4.0,0.0,3.0,1.0,49.0
0.0,3.0,7.0,2.0,0.23999999999999999,0.24239999999999998,0.87,0.16420000000000001,4.0,0.0,3.0,1.0,141.0
0.0,3.0,8.0,2.0,0.23999999999999999,0.24239999999999998,0.87,0.1343,4.0,0.0,3.0,1.0,249.0
0.0,3.0,9.0,2.0,0.26000000000000001,0.24239999999999998,0.87,0.25370000000000004,4.0,0.0,3.0,1.0,141.0
0.0,3.0,10.0,2.0,0.30000000000000004,0.28789999999999999,0.75,0.25370000000000004,4.0,0.0,3.0,1.0,57.0
0.0,3.0,11.0,2.0,0.32000000000000001,0.28789999999999999,0.76000000000000001,0.3881,4.0,0.0,3.0,1.0,59.0
0.0,3.0,12.0,2.0,0.32000000000000001,0.30299999999999999,0.76000000000000001,0.25370000000000004,4.0,0.0,3.0,1.0,98.0
0.0,3.0,13.0,2.0,0.32000000000000001,0.28789999999999999,0.76000000000000001,0.35820000000000002,4.0,0.0,3.0,1.0,99.0
0.0,3.0,14.0,2.0,0.33999999999999997,0.30299999999999999,0.76000000000000001,0.29850000000000004,4.0,0.0,3.0,1.0,71.0
0.0,3.0,15.0,2.0,0.35999999999999999,0.33329999999999999,0.70999999999999996,0.29850000000000004,4.0,0.0,3.0,1.0,79.0
0.0,3.0,16.0,2.0,0.33999999999999997,0.30299999999999999,0.76000000000000001,0.32840000000000003,4.0,0.0,3.0,1.0,112.0
0.0,3.0,17.0,2.0,0.33999999999999997,0.30299999999999999,0.76000000000000001,0.29850000000000004,4.0,0.0,3.0,1.0,194.0
0.0,3.0,18.0,2.0,0.33999999999999997,0.31819999999999998,0.76000000000000001,0.25370000000000004,4.0,0.0,3.0,1.0,188.0
0.0,3.0,19.0,2.0,0.33999999999999997,0.30299999999999999,0.76000000000000001,0.32840000000000003,4.0,0.0,3.0,1.0,134.0
0.0,3.0,20.0,2.0,0.32000000000000001,0.31819999999999998,0.87,0.19399999999999998,4.0,0.0,3.0,1.0,91.0
0.0,3.0,21.0,2.0,0.32000000000000001,0.30299999999999999,0.93000000000000005,0.32840000000000003,4.0,0.0,3.0,1.0,62.0
0.0,3.0,22.0,3.0,0.32000000000000001,0.31819999999999998,0.93000000000000005,0.16420000000000001,4.0,0.0,3.0,1.0,21.0
0.0,3.0,23.0,3.0,0.33999999999999997,0.33329999999999999,0.93000000000000005,0.19399999999999998,4.0,0.0,3.0,1.0,18.0
0.0,3.0,0.0,3.0,0.33999999999999997,0.31819999999999998,0.0,0.25370000000000004,4.0,0.0,4.0,1.0,3.0
0.0,3.0,1.0,3.0,0.33999999999999997,0.31819999999999998,0.0,0.25370000000000004,4.0,0.0,4.0,1.0,2.0
0.0,3.0,2.0,3.0,0.33999999999999997,0.31819999999999998,0.0,0.25370000000000004,4.0,0.0,4.0,1.0,1.0
0.0,3.0,5.0,3.0,0.35999999999999999,0.34850000000000003,0.0,0.19399999999999998,4.0,0.0,4.0,1.0,3.0
0.0,3.0,6.0,3.0,0.35999999999999999,0.33329999999999999,0.0,0.32840000000000003,4.0,0.0,4.0,1.0,12.0
0.0,3.0,7.0,3.0,0.38,0.39390000000000003,0.0,0.22390000000000002,4.0,0.0,4.0,1.0,37.0
0.0,3.0,8.0,3.0,0.38,0.39390000000000003,0.0,0.28360000000000002,4.0,0.0,4.0,1.0,44.0
0.0,3.0,9.0,3.0,0.39999999999999997,0.40909999999999996,0.0,0.22390000000000002,4.0,0.0,4.0,1.0,24.0
0.0,3.0,10.0,3.0,0.39999999999999997,0.40909999999999996,0.0,0.16420000000000001,4.0,0.0,4.0,1.0,17.0
0.0,3.0,11.0,3.0,0.39999999999999997,0.40909999999999996,0.0,0.25370000000000004,4.0,0.0,4.0,1.0,11.0
0.0,3.0,12.0,3.0,0.41999999999999998,0.42420000000000002,0.0,0.22390000000000002,4.0,0.0,4.0,1.0,34.0
0.0,3.0,13.0,3.0,0.41999999999999998,0.42420000000000002,0.0,0.22390000000000002,4.0,0.0,4.0,1.0,12.0
0.0,3.0,14.0,3.0,0.44,0.43939999999999996,0.0,0.29850000000000004,4.0,0.0,4.0,1.0,12.0
0.0,3.0,15.0,3.0,0.44,0.43939999999999996,0.0,0.22390000000000002,4.0,0.0,4.0,1.0,14.0
0.0,3.0,16.0,3.0,0.41999999999999998,0.42420000000000002,0.0,0.25370000000000004,4.0,0.0,4.0,1.0,21.0
0.0,3.0,17.0,2.0,0.44,0.43939999999999996,0.0,0.3881,4.0,0.0,4.0,1.0,111.0
0.0,3.0,18.0,3.0,0.44,0.43939999999999996,0.0,0.35820000000000002,4.0,0.0,4.0,1.0,82.0
0.0,3.0,19.0,3.0,0.44,0.43939999999999996,0.0,0.58210000000000006,4.0,0.0,4.0,1.0,56.0
0.0,3.0,20.0,3.0,0.35999999999999999,0.33329999999999999,0.0,0.32840000000000003,4.0,0.0,4.0,1.0,38.0
0.0,3.0,21.0,3.0,0.35999999999999999,0.34850000000000003,0.0,0.22390000000000002,4.0,0.0,4.0,1.0,28.0
0.0,3.0,22.0,2.0,0.33999999999999997,0.33329999999999999,0.0,0.1343,4.0,0.0,4.0,1.0,34.0
0.0,3.0,23.0,3.0,0.33999999999999997,0.34850000000000003,0.0,0.089599999999999999,4.0,0.0,4.0,1.0,27.0
0.0,3.0,0.0,2.0,0.33999999999999997,0.34850000000000003,1.0,0.089599999999999999,4.0,0.0,5.0,1.0,6.0
0.0,3.0,1.0,3.0,0.33999999999999997,0.34850000000000003,1.0,0.1045,4.0,0.0,5.0,1.0,8.0
0.0,3.0,2.0,3.0,0.33999999999999997,0.34850000000000003,1.0,0.1045,4.0,0.0,5.0,1.0,5.0
0.0,3.0,3.0,2.0,0.32000000000000001,0.33329999999999999,0.93000000000000005,0.089599999999999999,4.0,0.0,5.0,1.0,2.0
0.0,3.0,5.0,1.0,0.30000000000000004,0.28789999999999999,0.81000000000000005,0.22390000000000002,4.0,0.0,5.0,1.0,7.0
0.0,3.0,6.0,1.0,0.26000000000000001,0.24239999999999998,0.81000000000000005,0.28360000000000002,4.0,0.0,5.0,1.0,32.0
0.0,3.0,7.0,1.0,0.26000000000000001,0.2576,0.69999999999999996,0.19399999999999998,4.0,0.0,5.0,1.0,114.0
0.0,3.0,8.0,1.0,0.28000000000000003,0.2727,0.69999999999999996,0.25370000000000004,4.0,0.0,5.0,1.0,259.0
0.0,3.0,9.0,2.0,0.30000000000000004,0.28789999999999999,0.60999999999999999,0.28360000000000002,4.0,0.0,5.0,1.0,156.0
0.0,3.0,10.0,2.0,0.32000000000000001,0.30299999999999999,0.56999999999999995,0.29850000000000004,4.0,0.0,5.0,1.0,78.0
0.0,3.0,11.0,2.0,0.32000000000000001,0.30299999999999999,0.56999999999999995,0.29850000000000004,4.0,0.0,5.0,1.0,81.0
0.0,3.0,12.0,2.0,0.33999999999999997,0.31819999999999998,0.53000000000000003,0.25370000000000004,4.0,0.0,5.0,1.0,111.0
0.0,3.0,13.0,1.0,0.35999999999999999,0.33329999999999999,0.53000000000000003,0.25370000000000004,4.0,0.0,5.0,1.0,107.0
0.0,3.0,14.0,2.0,0.35999999999999999,0.33329999999999999,0.5,0.35820000000000002,4.0,0.0,5.0,1.0,89.0
0.0,3.0,15.0,2.0,0.33999999999999997,0.31819999999999998,0.53000000000000003,0.25370000000000004,4.0,0.0,5.0,1.0,85.0
0.0,3.0,16.0,2.0,0.33999999999999997,0.30299999999999999,0.48999999999999999,0.29850000000000004,4.0,0.0,5.0,1.0,113.0
0.0,3.0,17.0,1.0,0.33999999999999997,0.31819999999999998,0.48999999999999999,0.22390000000000002,4.0,0.0,5.0,1.0,223.0
0.0,3.0,18.0,1.0,0.32000000000000001,0.30299999999999999,0.48999999999999999,0.32840000000000003,4.0,0.0,5.0,1.0,153.0
0.0,3.0,19.0,1.0,0.30000000000000004,0.2727,0.56000000000000005,0.32840000000000003,4.0,0.0,5.0,1.0,118.0
0.0,3.0,20.0,1.0,0.30000000000000004,0.30299999999999999,0.56000000000000005,0.16420000000000001,4.0,0.0,5.0,1.0,76.0
0.0,3.0,21.0,2.0,0.30000000000000004,0.28789999999999999,0.52000000000000002,0.25370000000000004,4.0,0.0,5.0,1.0,53.0
0.0,3.0,22.0,1.0,0.30000000000000004,0.30299999999999999,0.52000000000000002,0.16420000000000001,4.0,0.0,5.0,1.0,64.0
0.0,3.0,23.0,1.0,0.30000000000000004,0.28789999999999999,0.52000000000000002,0.25370000000000004,4.0,0.0,5.0,1.0,37.0
0.0,3.0,0.0,1.0,0.26000000000000001,0.2727,0.59999999999999998,0.1343,4.0,0.0,6.0,0.0,34.0
0.0,3.0,1.0,1.0,0.23999999999999999,0.2273,0.65000000000000002,0.19399999999999998,4.0,0.0,6.0,0.0,18.0
0.0,3.0,2.0,1.0,0.23999999999999999,0.2273,0.65000000000000002,0.19399999999999998,4.0,0.0,6.0,0.0,14.0
0.0,3.0,3.0,1.0,0.23999999999999999,0.2273,0.65000000000000002,0.25370000000000004,4.0,0.0,6.0,0.0,7.0
0.0,3.0,4.0,1.0,0.23999999999999999,0.2273,0.65000000000000002,0.25370000000000004,4.0,0.0,6.0,0.0,1.0
0.0,3.0,5.0,1.0,0.22,0.2273,0.68999999999999995,0.19399999999999998,4.0,0.0,6.0,0.0,2.0
0.0,3.0,6.0,1.0,0.22,0.21210000000000001,0.75,0.25370000000000004,4.0,0.0,6.0,0.0,4.0
0.0,3.0,7.0,1.0,0.23999999999999999,0.2273,0.69999999999999996,0.19399999999999998,4.0,0.0,6.0,0.0,23.0
0.0,3.0,8.0,1.0,0.26000000000000001,0.2576,0.65000000000000002,0.16420000000000001,4.0,0.0,6.0,0.0,53.0
0.0,3.0,9.0,1.0,0.28000000000000003,0.28789999999999999,0.65000000000000002,0.1045,4.0,0.0,6.0,0.0,101.0
0.0,3.0,10.0,1.0,0.32000000000000001,0.30299999999999999,0.66000000000000003,0.22390000000000002,4.0,0.0,6.0,0.0,99.0
0.0,3.0,11.0,1.0,0.33999999999999997,0.30299999999999999,0.48999999999999999,0.32840000000000003,4.0,0.0,6.0,0.0,119.0
0.0,3.0,12.0,1.0,0.33999999999999997,0.31819999999999998,0.53000000000000003,0.28360000000000002,4.0,0.0,6.0,0.0,158.0
0.0,3.0,13.0,1.0,0.35999999999999999,0.33329999999999999,0.51000000000000001,0.35820000000000002,4.0,0.0,6.0,0.0,157.0
0.0,3.0,14.0,1.0,0.39999999999999997,0.40909999999999996,0.5,0.44780000000000003,4.0,0.0,6.0,0.0,166.0
0.0,3.0,15.0,1.0,0.41999999999999998,0.42420000000000002,0.44,0.49250000000000005,4.0,0.0,6.0,0.0,182.0
0.0,3.0,16.0,1.0,0.45999999999999996,0.45450000000000002,0.40999999999999998,0.44780000000000003,4.0,0.0,6.0,0.0,244.0
0.0,3.0,17.0,1.0,0.45999999999999996,0.45450000000000002,0.44,0.32840000000000003,4.0,0.0,6.0,0.0,213.0
0.0,3.0,18.0,1.0,0.41999999999999998,0.42420000000000002,0.54000000000000004,0.16420000000000001,4.0,0.0,6.0,0.0,145.0
0.0,3.0,19.0,1.0,0.41999999999999998,0.42420000000000002,0.54000000000000004,0.089599999999999999,4.0,0.0,6.0,0.0,112.0
0.0,3.0,20.0,1.0,0.39999999999999997,0.40909999999999996,0.57999999999999996,0.1045,4.0,0.0,6.0,0.0,86.0
0.0,3.0,21.0,1.0,0.38,0.39390000000000003,0.62,0.0,4.0,0.0,6.0,0.0,82.0
0.0,3.0,22.0,1.0,0.35999999999999999,0.37880000000000003,0.70999999999999996,0.0,4.0,0.0,6.0,0.0,63.0
0.0,3.0,23.0,1.0,0.38,0.39390000000000003,0.66000000000000003,0.089599999999999999,4.0,0.0,6.0,0.0,49.0
0.0,3.0,0.0,1.0,0.38,0.39390000000000003,0.62,0.1045,4.0,0.0,7.0,0.0,38.0
0.0,3.0,1.0,1.0,0.35999999999999999,0.34850000000000003,0.66000000000000003,0.1343,4.0,0.0,7.0,0.0,33.0
0.0,3.0,3.0,1.0,0.33999999999999997,0.33329999999999999,0.76000000000000001,0.1343,4.0,0.0,7.0,0.0,23.0
0.0,3.0,4.0,1.0,0.33999999999999997,0.33329999999999999,0.66000000000000003,0.16420000000000001,4.0,0.0,7.0,0.0,13.0
0.0,3.0,5.0,1.0,0.35999999999999999,0.34850000000000003,0.62,0.1343,4.0,0.0,7.0,0.0,3.0
0.0,3.0,6.0,1.0,0.33999999999999997,0.36359999999999998,0.66000000000000003,0.0,4.0,0.0,7.0,0.0,2.0
0.0,3.0,7.0,1.0,0.35999999999999999,0.34850000000000003,0.62,0.19399999999999998,4.0,0.0,7.0,0.0,10.0
0.0,3.0,8.0,1.0,0.39999999999999997,0.40909999999999996,0.5,0.29850000000000004,4.0,0.0,7.0,0.0,34.0
0.0,3.0,9.0,1.0,0.39999999999999997,0.40909999999999996,0.5,0.41790000000000005,4.0,0.0,7.0,0.0,44.0
0.0,3.0,10.0,1.0,0.41999999999999998,0.42420000000000002,0.46999999999999997,0.25370000000000004,4.0,0.0,7.0,0.0,122.0
0.0,3.0,11.0,1.0,0.44,0.43939999999999996,0.40999999999999998,0.41790000000000005,4.0,0.0,7.0,0.0,181.0
0.0,3.0,12.0,1.0,0.45999999999999996,0.45450000000000002,0.38,0.3881,4.0,0.0,7.0,0.0,194.0
0.0,3.0,13.0,1.0,0.45999999999999996,0.45450000000000002,0.38,0.3881,4.0,0.0,7.0,0.0,221.0
0.0,3.0,14.0,1.0,0.45999999999999996,0.45450000000000002,0.40999999999999998,0.29850000000000004,4.0,0.0,7.0,0.0,250.0
0.0,3.0,15.0,1.0,0.47999999999999998,0.46970000000000001,0.39000000000000001,0.32840000000000003,4.0,0.0,7.0,0.0,304.0
0.0,3.0,16.0,1.0,0.45999999999999996,0.45450000000000002,0.40999999999999998,0.3881,4.0,0.0,7.0,0.0,256.0
0.0,3.0,17.0,1.0,0.44,0.43939999999999996,0.40999999999999998,0.35820000000000002,4.0,0.0,7.0,0.0,241.0
0.0,3.0,18.0,1.0,0.39999999999999997,0.40909999999999996,0.42999999999999999,0.35820000000000002,4.0,0.0,7.0,0.0,147.0
0.0,3.0,19.0,1.0,0.35999999999999999,0.33329999999999999,0.5,0.35820000000000002,4.0,0.0,7.0,0.0,101.0
0.0,3.0,20.0,1.0,0.32000000000000001,0.30299999999999999,0.56999999999999995,0.29850000000000004,4.0,0.0,7.0,0.0,77.0
0.0,3.0,21.0,1.0,0.30000000000000004,0.28789999999999999,0.56000000000000005,0.25370000000000004,4.0,0.0,7.0,0.0,58.0
0.0,3.0,22.0,1.0,0.30000000000000004,0.2727,0.56000000000000005,0.32840000000000003,4.0,0.0,7.0,0.0,37.0
0.0,3.0,23.0,1.0,0.26000000000000001,0.2576,0.65000000000000002,0.22390000000000002,4.0,0.0,7.0,0.0,28.0
0.0,3.0,0.0,1.0,0.26000000000000001,0.2727,0.65000000000000002,0.1045,4.0,0.0,1.0,1.0,11.0
0.0,3.0,1.0,1.0,0.26000000000000001,0.28789999999999999,0.65000000000000002,0.089599999999999999,4.0,0.0,1.0,1.0,1.0
0.0,3.0,2.0,1.0,0.26000000000000001,0.28789999999999999,0.65000000000000002,0.089599999999999999,4.0,0.0,1.0,1.0,1.0
0.0,3.0,3.0,1.0,0.26000000000000001,0.2727,0.65000000000000002,0.1343,4.0,0.0,1.0,1.0,3.0
0.0,3.0,5.0,1.0,0.23999999999999999,0.24239999999999998,0.69999999999999996,0.1343,4.0,0.0,1.0,1.0,8.0
0.0,3.0,6.0,1.0,0.26000000000000001,0.2727,0.65000000000000002,0.1343,4.0,0.0,1.0,1.0,28.0
0.0,3.0,7.0,2.0,0.28000000000000003,0.31819999999999998,0.60999999999999999,0.0,4.0,0.0,1.0,1.0,88.0
0.0,3.0,8.0,2.0,0.30000000000000004,0.30299999999999999,0.56000000000000005,0.1343,4.0,0.0,1.0,1.0,241.0
0.0,3.0,9.0,1.0,0.32000000000000001,0.30299999999999999,0.53000000000000003,0.32840000000000003,4.0,0.0,1.0,1.0,140.0
0.0,3.0,10.0,1.0,0.33999999999999997,0.31819999999999998,0.41999999999999998,0.25370000000000004,4.0,0.0,1.0,1.0,84.0
0.0,3.0,11.0,1.0,0.35999999999999999,0.33329999999999999,0.40000000000000002,0.25370000000000004,4.0,0.0,1.0,1.0,71.0
0.0,3.0,12.0,1.0,0.38,0.39390000000000003,0.37,0.0,4.0,0.0,1.0,1.0,94.0
0.0,3.0,13.0,1.0,0.38,0.39390000000000003,0.35999999999999999,0.32840000000000003,4.0,0.0,1.0,1.0,75.0
0.0,3.0,14.0,2.0,0.38,0.39390000000000003,0.34000000000000002,0.0,4.0,0.0,1.0,1.0,79.0
0.0,3.0,15.0,1.0,0.38,0.39390000000000003,0.37,0.16420000000000001,4.0,0.0,1.0,1.0,101.0
0.0,3.0,16.0,1.0,0.39999999999999997,0.40909999999999996,0.34999999999999998,0.1045,4.0,0.0,1.0,1.0,107.0
0.0,3.0,17.0,1.0,0.38,0.39390000000000003,0.40000000000000002,0.19399999999999998,4.0,0.0,1.0,1.0,271.0
0.0,3.0,18.0,1.0,0.35999999999999999,0.36359999999999998,0.40000000000000002,0.1045,4.0,0.0,1.0,1.0,235.0
0.0,3.0,19.0,1.0,0.35999999999999999,0.34850000000000003,0.42999999999999999,0.1343,4.0,0.0,1.0,1.0,150.0
0.0,3.0,20.0,1.0,0.33999999999999997,0.31819999999999998,0.46000000000000002,0.22390000000000002,4.0,0.0,1.0,1.0,129.0
0.0,3.0,21.0,1.0,0.33999999999999997,0.33329999999999999,0.46000000000000002,0.1343,4.0,0.0,1.0,1.0,63.0
0.0,3.0,22.0,1.0,0.32000000000000001,0.33329999999999999,0.48999999999999999,0.1045,4.0,0.0,1.0,1.0,47.0
0.0,3.0,23.0,1.0,0.32000000000000001,0.34850000000000003,0.53000000000000003,0.0,4.0,0.0,1.0,1.0,19.0
0.0,3.0,0.0,1.0,0.32000000000000001,0.34850000000000003,0.53000000000000003,0.0,4.0,0.0,2.0,1.0,14.0
0.0,3.0,1.0,1.0,0.30000000000000004,0.30299999999999999,0.62,0.089599999999999999,4.0,0.0,2.0,1.0,10.0
0.0,3.0,2.0,1.0,0.30000000000000004,0.30299999999999999,0.62,0.089599999999999999,4.0,0.0,2.0,1.0,3.0
0.0,3.0,4.0,1.0,0.23999999999999999,0.2576,0.75,0.089599999999999999,4.0,0.0,2.0,1.0,2.0
0.0,3.0,5.0,1.0,0.23999999999999999,0.2273,0.75,0.19399999999999998,4.0,0.0,2.0,1.0,11.0
0.0,3.0,6.0,1.0,0.22,0.2273,0.80000000000000004,0.19399999999999998,4.0,0.0,2.0,1.0,35.0
0.0,3.0,7.0,1.0,0.23999999999999999,0.24239999999999998,0.75,0.16420000000000001,4.0,0.0,2.0,1.0,119.0
0.0,3.0,8.0,1.0,0.26000000000000001,0.28789999999999999,0.69999999999999996,0.089599999999999999,4.0,0.0,2.0,1.0,282.0
0.0,3.0,9.0,2.0,0.30000000000000004,0.33329999999999999,0.69999999999999996,0.0,4.0,0.0,2.0,1.0,157.0
0.0,3.0,10.0,2.0,0.32000000000000001,0.31819999999999998,0.66000000000000003,0.19399999999999998,4.0,0.0,2.0,1.0,78.0
0.0,3.0,11.0,2.0,0.33999999999999997,0.31819999999999998,0.56999999999999995,0.22390000000000002,4.0,0.0,2.0,1.0,78.0
0.0,3.0,12.0,2.0,0.35999999999999999,0.34850000000000003,0.5,0.22390000000000002,4.0,0.0,2.0,1.0,102.0
0.0,3.0,13.0,2.0,0.35999999999999999,0.33329999999999999,0.56999999999999995,0.28360000000000002,4.0,0.0,2.0,1.0,97.0
0.0,3.0,14.0,2.0,0.38,0.39390000000000003,0.46000000000000002,0.29850000000000004,4.0,0.0,2.0,1.0,88.0
0.0,3.0,15.0,2.0,0.38,0.39390000000000003,0.42999999999999999,0.28360000000000002,4.0,0.0,2.0,1.0,90.0
0.0,3.0,16.0,2.0,0.38,0.39390000000000003,0.46000000000000002,0.32840000000000003,4.0,0.0,2.0,1.0,114.0
0.0,3.0,17.0,2.0,0.35999999999999999,0.34850000000000003,0.62,0.19399999999999998,4.0,0.0,2.0,1.0,217.0
0.0,3.0,18.0,2.0,0.35999999999999999,0.33329999999999999,0.62,0.29850000000000004,4.0,0.0,2.0,1.0,225.0
0.0,3.0,19.0,2.0,0.33999999999999997,0.31819999999999998,0.70999999999999996,0.28360000000000002,4.0,0.0,2.0,1.0,152.0
0.0,3.0,20.0,2.0,0.33999999999999997,0.31819999999999998,0.70999999999999996,0.28360000000000002,4.0,0.0,2.0,1.0,88.0
0.0,3.0,21.0,3.0,0.32000000000000001,0.33329999999999999,0.81000000000000005,0.1045,4.0,0.0,2.0,1.0,55.0
0.0,3.0,22.0,2.0,0.32000000000000001,0.31819999999999998,0.87,0.16420000000000001,4.0,0.0,2.0,1.0,21.0
0.0,3.0,23.0,2.0,0.32000000000000001,0.31819999999999998,0.87,0.16420000000000001,4.0,0.0,2.0,1.0,18.0
0.0,3.0,0.0,3.0,0.30000000000000004,0.28789999999999999,0.93000000000000005,0.25370000000000004,4.0,0.0,3.0,1.0,8.0
0.0,3.0,1.0,3.0,0.30000000000000004,0.2727,1.0,0.29850000000000004,4.0,0.0,3.0,1.0,3.0
0.0,3.0,3.0,2.0,0.28000000000000003,0.2727,1.0,0.22390000000000002,4.0,0.0,3.0,1.0,3.0
0.0,3.0,4.0,2.0,0.30000000000000004,0.30299999999999999,0.93000000000000005,0.16420000000000001,4.0,0.0,3.0,1.0,1.0
0.0,3.0,5.0,2.0,0.30000000000000004,0.31819999999999998,0.93000000000000005,0.1045,4.0,0.0,3.0,1.0,3.0
0.0,3.0,6.0,2.0,0.30000000000000004,0.31819999999999998,0.93000000000000005,0.1045,4.0,0.0,3.0,1.0,31.0
0.0,3.0,7.0,2.0,0.30000000000000004,0.28789999999999999,0.93000000000000005,0.19399999999999998,4.0,0.0,3.0,1.0,111.0
0.0,3.0,8.0,2.0,0.32000000000000001,0.31819999999999998,0.93000000000000005,0.0,4.0,0.0,3.0,1.0,253.0
0.0,3.0,9.0,2.0,0.32000000000000001,0.33329999999999999,0.93000000000000005,0.1343,4.0,0.0,3.0,1.0,154.0
0.0,3.0,10.0,2.0,0.35999999999999999,0.34850000000000003,0.81000000000000005,0.16420000000000001,4.0,0.0,3.0,1.0,68.0
0.0,3.0,11.0,2.0,0.35999999999999999,0.34850000000000003,0.81000000000000005,0.1343,4.0,0.0,3.0,1.0,75.0
0.0,3.0,12.0,2.0,0.39999999999999997,0.40909999999999996,0.70999999999999996,0.1045,4.0,0.0,3.0,1.0,88.0
0.0,3.0,13.0,2.0,0.39999999999999997,0.40909999999999996,0.76000000000000001,0.1343,4.0,0.0,3.0,1.0,99.0
0.0,3.0,14.0,2.0,0.39999999999999997,0.40909999999999996,0.76000000000000001,0.22390000000000002,4.0,0.0,3.0,1.0,100.0
0.0,3.0,15.0,2.0,0.39999999999999997,0.40909999999999996,0.76000000000000001,0.25370000000000004,4.0,0.0,3.0,1.0,101.0
0.0,3.0,16.0,2.0,0.39999999999999997,0.40909999999999996,0.76000000000000001,0.16420000000000001,4.0,0.0,3.0,1.0,151.0
0.0,3.0,17.0,2.0,0.44,0.43939999999999996,0.54000000000000004,0.29850000000000004,4.0,0.0,3.0,1.0,253.0
0.0,3.0,18.0,2.0,0.44,0.43939999999999996,0.54000000000000004,0.22390000000000002,4.0,0.0,3.0,1.0,237.0
0.0,3.0,19.0,2.0,0.44,0.43939999999999996,0.51000000000000001,0.32840000000000003,4.0,0.0,3.0,1.0,168.0
0.0,3.0,20.0,2.0,0.41999999999999998,0.42420000000000002,0.54000000000000004,0.29850000000000004,4.0,0.0,3.0,1.0,121.0
0.0,3.0,21.0,2.0,0.41999999999999998,0.42420000000000002,0.57999999999999996,0.28360000000000002,4.0,0.0,3.0,1.0,78.0
0.0,3.0,22.0,2.0,0.39999999999999997,0.40909999999999996,0.62,0.3881,4.0,0.0,3.0,1.0,59.0
0.0,3.0,23.0,1.0,0.39999999999999997,0.40909999999999996,0.65000000000000002,0.19399999999999998,4.0,0.0,3.0,1.0,27.0
0.0,3.0,0.0,1.0,0.38,0.39390000000000003,0.66000000000000003,0.25370000000000004,4.0,0.0,4.0,1.0,23.0
0.0,3.0,1.0,1.0,0.35999999999999999,0.34850000000000003,0.70999999999999996,0.22390000000000002,4.0,0.0,4.0,1.0,12.0
0.0,3.0,2.0,1.0,0.33999999999999997,0.30299999999999999,0.70999999999999996,0.29850000000000004,4.0,0.0,4.0,1.0,8.0
0.0,3.0,3.0,1.0,0.33999999999999997,0.33329999999999999,0.66000000000000003,0.16420000000000001,4.0,0.0,4.0,1.0,2.0
0.0,3.0,4.0,1.0,0.33999999999999997,0.33329999999999999,0.70999999999999996,0.19399999999999998,4.0,0.0,4.0,1.0,3.0
0.0,3.0,5.0,1.0,0.32000000000000001,0.33329999999999999,0.76000000000000001,0.1045,4.0,0.0,4.0,1.0,13.0
0.0,3.0,6.0,1.0,0.32000000000000001,0.31819999999999998,0.76000000000000001,0.19399999999999998,4.0,0.0,4.0,1.0,51.0
0.0,3.0,7.0,1.0,0.32000000000000001,0.33329999999999999,0.76000000000000001,0.1343,4.0,0.0,4.0,1.0,140.0
0.0,3.0,8.0,1.0,0.35999999999999999,0.34850000000000003,0.66000000000000003,0.1343,4.0,0.0,4.0,1.0,299.0
0.0,3.0,9.0,1.0,0.39999999999999997,0.40909999999999996,0.62,0.25370000000000004,4.0,0.0,4.0,1.0,185.0
0.0,3.0,10.0,1.0,0.44,0.43939999999999996,0.54000000000000004,0.32840000000000003,4.0,0.0,4.0,1.0,78.0
0.0,3.0,11.0,1.0,0.44,0.43939999999999996,0.54000000000000004,0.28360000000000002,4.0,0.0,4.0,1.0,86.0
0.0,3.0,12.0,1.0,0.5,0.48479999999999995,0.45000000000000001,0.22390000000000002,4.0,0.0,4.0,1.0,105.0
0.0,3.0,13.0,2.0,0.52000000000000002,0.5,0.41999999999999998,0.089599999999999999,4.0,0.0,4.0,1.0,111.0
0.0,3.0,14.0,1.0,0.5,0.48479999999999995,0.45000000000000001,0.1045,4.0,0.0,4.0,1.0,119.0
0.0,3.0,15.0,1.0,0.52000000000000002,0.5,0.41999999999999998,0.25370000000000004,4.0,0.0,4.0,1.0,125.0
0.0,3.0,16.0,1.0,0.5,0.48479999999999995,0.47999999999999998,0.28360000000000002,4.0,0.0,4.0,1.0,142.0
0.0,3.0,17.0,1.0,0.5,0.48479999999999995,0.41999999999999998,0.19399999999999998,4.0,0.0,4.0,1.0,313.0
0.0,3.0,18.0,2.0,0.45999999999999996,0.45450000000000002,0.58999999999999997,0.16420000000000001,4.0,0.0,4.0,1.0,310.0
0.0,3.0,19.0,1.0,0.44,0.43939999999999996,0.57999999999999996,0.19399999999999998,4.0,0.0,4.0,1.0,207.0
0.0,3.0,20.0,1.0,0.41999999999999998,0.42420000000000002,0.67000000000000004,0.22390000000000002,4.0,0.0,4.0,1.0,137.0
0.0,3.0,21.0,1.0,0.41999999999999998,0.42420000000000002,0.62,0.22390000000000002,4.0,0.0,4.0,1.0,138.0
0.0,3.0,22.0,1.0,0.39999999999999997,0.40909999999999996,0.66000000000000003,0.22390000000000002,4.0,0.0,4.0,1.0,87.0
0.0,3.0,23.0,1.0,0.41999999999999998,0.42420000000000002,0.62,0.28360000000000002,4.0,0.0,4.0,1.0,50.0
0.0,3.0,0.0,1.0,0.41999999999999998,0.42420000000000002,0.57999999999999996,0.28360000000000002,4.0,0.0,5.0,1.0,29.0
0.0,3.0,1.0,1.0,0.39999999999999997,0.40909999999999996,0.62,0.25370000000000004,4.0,0.0,5.0,1.0,16.0
0.0,3.0,2.0,1.0,0.39999999999999997,0.40909999999999996,0.62,0.19399999999999998,4.0,0.0,5.0,1.0,14.0
0.0,3.0,3.0,1.0,0.35999999999999999,0.34850000000000003,0.70999999999999996,0.19399999999999998,4.0,0.0,5.0,1.0,5.0
0.0,3.0,5.0,1.0,0.38,0.39390000000000003,0.66000000000000003,0.16420000000000001,4.0,0.0,5.0,1.0,10.0
0.0,3.0,6.0,1.0,0.39999999999999997,0.40909999999999996,0.66000000000000003,0.19399999999999998,4.0,0.0,5.0,1.0,36.0
0.0,3.0,7.0,1.0,0.39999999999999997,0.40909999999999996,0.66000000000000003,0.19399999999999998,4.0,0.0,5.0,1.0,123.0
0.0,3.0,8.0,1.0,0.41999999999999998,0.42420000000000002,0.67000000000000004,0.25370000000000004,4.0,0.0,5.0,1.0,280.0
0.0,3.0,9.0,1.0,0.45999999999999996,0.45450000000000002,0.63,0.22390000000000002,4.0,0.0,5.0,1.0,210.0
0.0,3.0,10.0,1.0,0.52000000000000002,0.5,0.53000000000000003,0.28360000000000002,4.0,0.0,5.0,1.0,117.0
0.0,3.0,11.0,1.0,0.54000000000000004,0.51519999999999999,0.52000000000000002,0.28360000000000002,4.0,0.0,5.0,1.0,159.0
0.0,3.0,12.0,2.0,0.56000000000000005,0.53029999999999999,0.48999999999999999,0.35820000000000002,4.0,0.0,5.0,1.0,195.0
0.0,3.0,13.0,1.0,0.64000000000000001,0.62119999999999997,0.40999999999999998,0.28360000000000002,4.0,0.0,5.0,1.0,175.0
0.0,3.0,14.0,1.0,0.65999999999999992,0.62119999999999997,0.39000000000000001,0.25370000000000004,4.0,0.0,5.0,1.0,174.0
0.0,3.0,15.0,2.0,0.67999999999999994,0.63639999999999997,0.39000000000000001,0.35820000000000002,4.0,0.0,5.0,1.0,173.0
0.0,3.0,16.0,1.0,0.67999999999999994,0.63639999999999997,0.39000000000000001,0.28360000000000002,4.0,0.0,5.0,1.0,204.0
0.0,3.0,17.0,1.0,0.69999999999999996,0.63639999999999997,0.37,0.32840000000000003,4.0,0.0,5.0,1.0,332.0
0.0,3.0,18.0,1.0,0.67999999999999994,0.63639999999999997,0.39000000000000001,0.16420000000000001,4.0,0.0,5.0,1.0,331.0
0.0,3.0,19.0,1.0,0.65999999999999992,0.62119999999999997,0.44,0.1343,4.0,0.0,5.0,1.0,190.0
0.0,3.0,20.0,1.0,0.62,0.62119999999999997,0.46000000000000002,0.1343,4.0,0.0,5.0,1.0,149.0
0.0,3.0,21.0,1.0,0.62,0.62119999999999997,0.46000000000000002,0.1045,4.0,0.0,5.0,1.0,113.0
0.0,3.0,22.0,1.0,0.62,0.62119999999999997,0.5,0.16420000000000001,4.0,0.0,5.0,1.0,118.0
0.0,3.0,23.0,2.0,0.60000000000000009,0.62119999999999997,0.53000000000000003,0.22390000000000002,4.0,0.0,5.0,1.0,86.0
0.0,3.0,0.0,2.0,0.60000000000000009,0.62119999999999997,0.53000000000000003,0.25370000000000004,4.0,0.0,6.0,0.0,76.0
0.0,3.0,1.0,2.0,0.58000000000000007,0.54549999999999998,0.46000000000000002,0.35820000000000002,4.0,0.0,6.0,0.0,51.0
0.0,3.0,2.0,2.0,0.56000000000000005,0.53029999999999999,0.42999999999999999,0.22390000000000002,4.0,0.0,6.0,0.0,25.0
0.0,3.0,3.0,2.0,0.54000000000000004,0.51519999999999999,0.39000000000000001,0.32840000000000003,4.0,0.0,6.0,0.0,8.0
0.0,3.0,4.0,1.0,0.52000000000000002,0.5,0.34000000000000002,0.41790000000000005,4.0,0.0,6.0,0.0,3.0
0.0,3.0,5.0,1.0,0.52000000000000002,0.5,0.34000000000000002,0.41790000000000005,4.0,0.0,6.0,0.0,2.0
0.0,3.0,6.0,1.0,0.44,0.43939999999999996,0.44,0.41790000000000005,4.0,0.0,6.0,0.0,10.0
0.0,3.0,7.0,1.0,0.39999999999999997,0.40909999999999996,0.5,0.32840000000000003,4.0,0.0,6.0,0.0,13.0
0.0,3.0,8.0,1.0,0.41999999999999998,0.42420000000000002,0.46999999999999997,0.49250000000000005,4.0,0.0,6.0,0.0,48.0
0.0,3.0,9.0,1.0,0.41999999999999998,0.42420000000000002,0.44,0.4627,4.0,0.0,6.0,0.0,76.0
0.0,3.0,10.0,1.0,0.44,0.43939999999999996,0.38,0.41790000000000005,4.0,0.0,6.0,0.0,140.0
0.0,3.0,11.0,1.0,0.45999999999999996,0.45450000000000002,0.35999999999999999,0.44780000000000003,4.0,0.0,6.0,0.0,196.0
0.0,3.0,12.0,1.0,0.45999999999999996,0.45450000000000002,0.33000000000000002,0.41790000000000005,4.0,0.0,6.0,0.0,267.0
0.0,3.0,13.0,1.0,0.5,0.48479999999999995,0.34000000000000002,0.4627,4.0,0.0,6.0,0.0,301.0
0.0,3.0,14.0,1.0,0.5,0.48479999999999995,0.31,0.49250000000000005,4.0,0.0,6.0,0.0,312.0
0.0,3.0,15.0,1.0,0.5,0.48479999999999995,0.28999999999999998,0.41790000000000005,4.0,0.0,6.0,0.0,313.0
0.0,3.0,16.0,1.0,0.5,0.48479999999999995,0.31,0.3881,4.0,0.0,6.0,0.0,304.0
0.0,3.0,17.0,1.0,0.47999999999999998,0.46970000000000001,0.31,0.32840000000000003,4.0,0.0,6.0,0.0,278.0
0.0,3.0,18.0,1.0,0.45999999999999996,0.45450000000000002,0.31,0.32840000000000003,4.0,0.0,6.0,0.0,217.0
0.0,3.0,19.0,1.0,0.44,0.43939999999999996,0.33000000000000002,0.28360000000000002,4.0,0.0,6.0,0.0,154.0
0.0,3.0,20.0,1.0,0.41999999999999998,0.42420000000000002,0.34999999999999998,0.22390000000000002,4.0,0.0,6.0,0.0,108.0
0.0,3.0,21.0,1.0,0.39999999999999997,0.40909999999999996,0.37,0.29850000000000004,4.0,0.0,6.0,0.0,93.0
0.0,3.0,22.0,1.0,0.39999999999999997,0.40909999999999996,0.37,0.32840000000000003,4.0,0.0,6.0,0.0,72.0
0.0,3.0,23.0,1.0,0.38,0.39390000000000003,0.40000000000000002,0.29850000000000004,4.0,0.0,6.0,0.0,50.0
0.0,3.0,0.0,1.0,0.33999999999999997,0.30299999999999999,0.48999999999999999,0.41790000000000005,4.0,0.0,7.0,0.0,40.0
0.0,3.0,1.0,1.0,0.32000000000000001,0.28789999999999999,0.53000000000000003,0.35820000000000002,4.0,0.0,7.0,0.0,24.0
0.0,3.0,2.0,1.0,0.30000000000000004,0.28789999999999999,0.52000000000000002,0.28360000000000002,4.0,0.0,7.0,0.0,30.0
0.0,3.0,3.0,1.0,0.28000000000000003,0.2727,0.56000000000000005,0.25370000000000004,4.0,0.0,7.0,0.0,12.0
0.0,3.0,4.0,1.0,0.26000000000000001,0.2576,0.56000000000000005,0.22390000000000002,4.0,0.0,7.0,0.0,3.0
0.0,3.0,5.0,1.0,0.26000000000000001,0.2576,0.59999999999999998,0.19399999999999998,4.0,0.0,7.0,0.0,9.0
0.0,3.0,6.0,1.0,0.26000000000000001,0.2576,0.59999999999999998,0.22390000000000002,4.0,0.0,7.0,0.0,4.0
0.0,3.0,7.0,1.0,0.23999999999999999,0.2273,0.59999999999999998,0.22390000000000002,4.0,0.0,7.0,0.0,14.0
0.0,3.0,8.0,1.0,0.28000000000000003,0.2727,0.56000000000000005,0.16420000000000001,4.0,0.0,7.0,0.0,37.0
0.0,3.0,9.0,1.0,0.30000000000000004,0.30299999999999999,0.52000000000000002,0.1343,4.0,0.0,7.0,0.0,78.0
0.0,3.0,10.0,2.0,0.32000000000000001,0.34850000000000003,0.45000000000000001,0.0,4.0,0.0,7.0,0.0,136.0
0.0,3.0,11.0,1.0,0.33999999999999997,0.34850000000000003,0.39000000000000001,0.1045,4.0,0.0,7.0,0.0,203.0
0.0,3.0,12.0,1.0,0.35999999999999999,0.36359999999999998,0.40000000000000002,0.1045,4.0,0.0,7.0,0.0,228.0
0.0,3.0,13.0,1.0,0.38,0.39390000000000003,0.34000000000000002,0.0,4.0,0.0,7.0,0.0,203.0
0.0,3.0,14.0,1.0,0.39999999999999997,0.40909999999999996,0.29999999999999999,0.0,4.0,0.0,7.0,0.0,279.0
0.0,3.0,15.0,1.0,0.39999999999999997,0.40909999999999996,0.32000000000000001,0.089599999999999999,4.0,0.0,7.0,0.0,308.0
0.0,3.0,16.0,1.0,0.41999999999999998,0.42420000000000002,0.32000000000000001,0.0,4.0,0.0,7.0,0.0,224.0
0.0,3.0,17.0,1.0,0.39999999999999997,0.40909999999999996,0.34999999999999998,0.28360000000000002,4.0,0.0,7.0,0.0,226.0
0.0,3.0,18.0,1.0,0.38,0.39390000000000003,0.40000000000000002,0.35820000000000002,4.0,0.0,7.0,0.0,156.0
0.0,3.0,19.0,1.0,0.35999999999999999,0.33329999999999999,0.42999999999999999,0.28360000000000002,4.0,0.0,7.0,0.0,79.0
0.0,3.0,20.0,1.0,0.35999999999999999,0.33329999999999999,0.46000000000000002,0.28360000000000002,4.0,0.0,7.0,0.0,67.0
0.0,3.0,21.0,2.0,0.33999999999999997,0.31819999999999998,0.53000000000000003,0.28360000000000002,4.0,0.0,7.0,0.0,49.0
0.0,3.0,22.0,2.0,0.33999999999999997,0.30299999999999999,0.53000000000000003,0.32840000000000003,4.0,0.0,7.0,0.0,38.0
0.0,3.0,23.0,3.0,0.33999999999999997,0.30299999999999999,0.60999999999999999,0.3881,4.0,0.0,7.0,0.0,24.0
0.0,3.0,0.0,3.0,0.33999999999999997,0.30299999999999999,0.66000000000000003,0.3881,4.0,0.0,1.0,1.0,13.0
0.0,3.0,1.0,2.0,0.33999999999999997,0.30299999999999999,0.70999999999999996,0.3881,4.0,0.0,1.0,1.0,7.0
0.0,3.0,2.0,2.0,0.33999999999999997,0.30299999999999999,0.70999999999999996,0.32840000000000003,4.0,0.0,1.0,1.0,6.0
0.0,3.0,3.0,2.0,0.33999999999999997,0.30299999999999999,0.70999999999999996,0.32840000000000003,4.0,0.0,1.0,1.0,1.0
0.0,3.0,5.0,1.0,0.32000000000000001,0.30299999999999999,0.81000000000000005,0.29850000000000004,4.0,0.0,1.0,1.0,2.0
0.0,3.0,6.0,3.0,0.32000000000000001,0.30299999999999999,0.76000000000000001,0.25370000000000004,4.0,0.0,1.0,1.0,32.0
0.0,3.0,7.0,3.0,0.30000000000000004,0.2727,0.87,0.41790000000000005,4.0,0.0,1.0,1.0,18.0
0.0,3.0,8.0,2.0,0.30000000000000004,0.2727,0.87,0.41790000000000005,4.0,0.0,1.0,1.0,98.0
0.0,3.0,9.0,2.0,0.33999999999999997,0.30299999999999999,0.81000000000000005,0.32840000000000003,4.0,0.0,1.0,1.0,127.0
0.0,3.0,10.0,2.0,0.38,0.39390000000000003,0.76000000000000001,0.3881,4.0,0.0,1.0,1.0,62.0
0.0,3.0,11.0,2.0,0.41999999999999998,0.42420000000000002,0.70999999999999996,0.29850000000000004,4.0,0.0,1.0,1.0,79.0
0.0,3.0,12.0,2.0,0.44,0.43939999999999996,0.77000000000000002,0.25370000000000004,4.0,0.0,1.0,1.0,81.0
0.0,3.0,13.0,2.0,0.5,0.48479999999999995,0.63,0.22390000000000002,4.0,0.0,1.0,1.0,112.0
0.0,3.0,14.0,2.0,0.54000000000000004,0.51519999999999999,0.64000000000000001,0.22390000000000002,4.0,0.0,1.0,1.0,101.0
0.0,3.0,15.0,2.0,0.56000000000000005,0.53029999999999999,0.59999999999999998,0.22390000000000002,4.0,0.0,1.0,1.0,107.0
0.0,3.0,16.0,2.0,0.54000000000000004,0.51519999999999999,0.64000000000000001,0.28360000000000002,4.0,0.0,1.0,1.0,141.0
0.0,3.0,17.0,2.0,0.54000000000000004,0.51519999999999999,0.64000000000000001,0.25370000000000004,4.0,0.0,1.0,1.0,272.0
0.0,3.0,18.0,2.0,0.52000000000000002,0.5,0.71999999999999997,0.22390000000000002,4.0,0.0,1.0,1.0,276.0
0.0,3.0,19.0,1.0,0.58000000000000007,0.54549999999999998,0.59999999999999998,0.41790000000000005,4.0,0.0,1.0,1.0,221.0
0.0,3.0,20.0,1.0,0.56000000000000005,0.53029999999999999,0.64000000000000001,0.19399999999999998,4.0,0.0,1.0,1.0,122.0
0.0,3.0,21.0,1.0,0.45999999999999996,0.45450000000000002,0.93999999999999995,0.19399999999999998,4.0,0.0,1.0,1.0,91.0
0.0,3.0,22.0,1.0,0.45999999999999996,0.45450000000000002,0.88,0.22390000000000002,4.0,0.0,1.0,1.0,78.0
0.0,3.0,23.0,1.0,0.45999999999999996,0.45450000000000002,0.88,0.089599999999999999,4.0,0.0,1.0,1.0,30.0
0.0,3.0,0.0,1.0,0.45999999999999996,0.45450000000000002,0.88,0.19399999999999998,1.0,0.0,2.0,1.0,11.0
0.0,3.0,1.0,1.0,0.41999999999999998,0.42420000000000002,1.0,0.1343,1.0,0.0,2.0,1.0,19.0
0.0,3.0,2.0,1.0,0.44,0.43939999999999996,0.93999999999999995,0.089599999999999999,1.0,0.0,2.0,1.0,1.0
0.0,3.0,3.0,1.0,0.44,0.43939999999999996,0.81999999999999995,0.22390000000000002,1.0,0.0,2.0,1.0,5.0
0.0,3.0,4.0,2.0,0.41999999999999998,0.42420000000000002,0.81999999999999995,0.16420000000000001,1.0,0.0,2.0,1.0,1.0
0.0,3.0,5.0,2.0,0.39999999999999997,0.40909999999999996,0.87,0.1343,1.0,0.0,2.0,1.0,12.0
0.0,3.0,6.0,1.0,0.39999999999999997,0.40909999999999996,0.87,0.25370000000000004,1.0,0.0,2.0,1.0,60.0
0.0,3.0,7.0,2.0,0.39999999999999997,0.40909999999999996,0.76000000000000001,0.1045,1.0,0.0,2.0,1.0,136.0
0.0,3.0,8.0,2.0,0.39999999999999997,0.40909999999999996,0.57999999999999996,0.29850000000000004,1.0,0.0,2.0,1.0,336.0
0.0,3.0,9.0,2.0,0.39999999999999997,0.40909999999999996,0.57999999999999996,0.4627,1.0,0.0,2.0,1.0,178.0
0.0,3.0,10.0,2.0,0.44,0.43939999999999996,0.54000000000000004,0.29850000000000004,1.0,0.0,2.0,1.0,124.0
0.0,3.0,11.0,1.0,0.44,0.43939999999999996,0.51000000000000001,0.32840000000000003,1.0,0.0,2.0,1.0,86.0
0.0,3.0,12.0,1.0,0.45999999999999996,0.45450000000000002,0.46999999999999997,0.25370000000000004,1.0,0.0,2.0,1.0,121.0
0.0,3.0,13.0,1.0,0.5,0.48479999999999995,0.45000000000000001,0.22390000000000002,1.0,0.0,2.0,1.0,106.0
0.0,3.0,14.0,1.0,0.5,0.48479999999999995,0.41999999999999998,0.32840000000000003,1.0,0.0,2.0,1.0,101.0
0.0,3.0,15.0,1.0,0.5,0.48479999999999995,0.41999999999999998,0.22390000000000002,1.0,0.0,2.0,1.0,134.0
0.0,3.0,16.0,1.0,0.5,0.48479999999999995,0.41999999999999998,0.1045,1.0,0.0,2.0,1.0,165.0
0.0,3.0,17.0,1.0,0.5,0.48479999999999995,0.41999999999999998,0.1045,1.0,0.0,2.0,1.0,307.0
0.0,3.0,18.0,1.0,0.47999999999999998,0.46970000000000001,0.44,0.089599999999999999,1.0,0.0,2.0,1.0,312.0
0.0,3.0,19.0,2.0,0.44,0.43939999999999996,0.54000000000000004,0.25370000000000004,1.0,0.0,2.0,1.0,164.0
0.0,3.0,20.0,2.0,0.44,0.43939999999999996,0.54000000000000004,0.35820000000000002,1.0,0.0,2.0,1.0,135.0
0.0,3.0,21.0,2.0,0.41999999999999998,0.42420000000000002,0.54000000000000004,0.28360000000000002,1.0,0.0,2.0,1.0,87.0
0.0,3.0,22.0,2.0,0.39999999999999997,0.40909999999999996,0.57999999999999996,0.25370000000000004,1.0,0.0,2.0,1.0,70.0
0.0,3.0,23.0,2.0,0.39999999999999997,0.40909999999999996,0.57999999999999996,0.25370000000000004,1.0,0.0,2.0,1.0,32.0
0.0,3.0,0.0,3.0,0.35999999999999999,0.34850000000000003,0.70999999999999996,0.22390000000000002,1.0,0.0,3.0,1.0,11.0
0.0,3.0,1.0,3.0,0.33999999999999997,0.31819999999999998,0.76000000000000001,0.22390000000000002,1.0,0.0,3.0,1.0,7.0
0.0,3.0,2.0,3.0,0.33999999999999997,0.31819999999999998,0.76000000000000001,0.22390000000000002,1.0,0.0,3.0,1.0,2.0
0.0,3.0,3.0,2.0,0.33999999999999997,0.31819999999999998,0.76000000000000001,0.25370000000000004,1.0,0.0,3.0,1.0,3.0
0.0,3.0,5.0,3.0,0.32000000000000001,0.31819999999999998,0.87,0.19399999999999998,1.0,0.0,3.0,1.0,10.0
0.0,3.0,6.0,2.0,0.33999999999999997,0.31819999999999998,0.87,0.25370000000000004,1.0,0.0,3.0,1.0,44.0
0.0,3.0,7.0,2.0,0.32000000000000001,0.30299999999999999,0.93000000000000005,0.22390000000000002,1.0,0.0,3.0,1.0,118.0
0.0,3.0,8.0,2.0,0.32000000000000001,0.31819999999999998,0.87,0.19399999999999998,1.0,0.0,3.0,1.0,261.0
0.0,3.0,9.0,2.0,0.32000000000000001,0.30299999999999999,0.81000000000000005,0.25370000000000004,1.0,0.0,3.0,1.0,182.0
0.0,3.0,10.0,2.0,0.33999999999999997,0.31819999999999998,0.81000000000000005,0.28360000000000002,1.0,0.0,3.0,1.0,75.0
0.0,3.0,11.0,2.0,0.33999999999999997,0.33329999999999999,0.87,0.19399999999999998,1.0,0.0,3.0,1.0,71.0
0.0,3.0,12.0,2.0,0.33999999999999997,0.31819999999999998,0.87,0.22390000000000002,1.0,0.0,3.0,1.0,87.0
0.0,3.0,13.0,3.0,0.33999999999999997,0.33329999999999999,0.87,0.1343,1.0,0.0,3.0,1.0,108.0
0.0,3.0,14.0,2.0,0.35999999999999999,0.36359999999999998,0.87,0.1045,1.0,0.0,3.0,1.0,84.0
0.0,3.0,15.0,2.0,0.38,0.39390000000000003,0.81999999999999995,0.22390000000000002,1.0,0.0,3.0,1.0,85.0
0.0,3.0,16.0,2.0,0.39999999999999997,0.40909999999999996,0.76000000000000001,0.22390000000000002,1.0,0.0,3.0,1.0,136.0
0.0,3.0,17.0,2.0,0.39999999999999997,0.40909999999999996,0.76000000000000001,0.22390000000000002,1.0,0.0,3.0,1.0,273.0
0.0,3.0,18.0,3.0,0.38,0.39390000000000003,0.81999999999999995,0.25370000000000004,1.0,0.0,3.0,1.0,238.0
0.0,3.0,19.0,3.0,0.38,0.39390000000000003,0.81999999999999995,0.25370000000000004,1.0,0.0,3.0,1.0,159.0
0.0,3.0,20.0,3.0,0.35999999999999999,0.30299999999999999,0.87,0.64179999999999993,1.0,0.0,3.0,1.0,75.0
0.0,3.0,21.0,3.0,0.32000000000000001,0.28789999999999999,1.0,0.41790000000000005,1.0,0.0,3.0,1.0,22.0
0.0,3.0,22.0,2.0,0.32000000000000001,0.31819999999999998,0.93000000000000005,0.16420000000000001,1.0,0.0,3.0,1.0,44.0
0.0,3.0,23.0,3.0,0.32000000000000001,0.33329999999999999,0.90000000000000002,0.0,1.0,0.0,3.0,1.0,26.0
0.0,3.0,0.0,2.0,0.32000000000000001,0.30299999999999999,0.93000000000000005,0.22390000000000002,1.0,0.0,4.0,1.0,11.0
0.0,3.0,1.0,2.0,0.30000000000000004,0.28789999999999999,1.0,0.22390000000000002,1.0,0.0,4.0,1.0,3.0
0.0,3.0,2.0,2.0,0.30000000000000004,0.28789999999999999,1.0,0.25370000000000004,1.0,0.0,4.0,1.0,6.0
0.0,3.0,3.0,2.0,0.28000000000000003,0.2727,1.0,0.19399999999999998,1.0,0.0,4.0,1.0,1.0
0.0,3.0,4.0,2.0,0.28000000000000003,0.2727,1.0,0.19399999999999998,1.0,0.0,4.0,1.0,1.0
0.0,3.0,5.0,2.0,0.28000000000000003,0.2727,0.93000000000000005,0.22390000000000002,1.0,0.0,4.0,1.0,9.0
0.0,3.0,6.0,2.0,0.28000000000000003,0.2727,0.93000000000000005,0.22390000000000002,1.0,0.0,4.0,1.0,41.0
0.0,3.0,7.0,3.0,0.26000000000000001,0.2576,1.0,0.22390000000000002,1.0,0.0,4.0,1.0,108.0
0.0,3.0,8.0,3.0,0.26000000000000001,0.2273,1.0,0.29850000000000004,1.0,0.0,4.0,1.0,124.0
0.0,3.0,9.0,2.0,0.26000000000000001,0.2576,0.93000000000000005,0.22390000000000002,1.0,0.0,4.0,1.0,97.0
0.0,3.0,10.0,2.0,0.26000000000000001,0.2273,0.93000000000000005,0.32840000000000003,1.0,0.0,4.0,1.0,65.0
0.0,3.0,11.0,2.0,0.30000000000000004,0.2727,0.81000000000000005,0.29850000000000004,1.0,0.0,4.0,1.0,71.0
0.0,3.0,12.0,2.0,0.30000000000000004,0.2727,0.69999999999999996,0.32840000000000003,1.0,0.0,4.0,1.0,94.0
0.0,3.0,13.0,2.0,0.32000000000000001,0.30299999999999999,0.69999999999999996,0.22390000000000002,1.0,0.0,4.0,1.0,101.0
0.0,3.0,14.0,2.0,0.30000000000000004,0.30299999999999999,0.69999999999999996,0.1343,1.0,0.0,4.0,1.0,83.0
0.0,3.0,15.0,2.0,0.30000000000000004,0.28789999999999999,0.69999999999999996,0.25370000000000004,1.0,0.0,4.0,1.0,90.0
0.0,3.0,16.0,2.0,0.30000000000000004,0.28789999999999999,0.65000000000000002,0.22390000000000002,1.0,0.0,4.0,1.0,84.0
0.0,3.0,17.0,2.0,0.30000000000000004,0.28789999999999999,0.69999999999999996,0.22390000000000002,1.0,0.0,4.0,1.0,233.0
0.0,3.0,18.0,2.0,0.30000000000000004,0.2727,0.60999999999999999,0.29850000000000004,1.0,0.0,4.0,1.0,214.0
0.0,3.0,19.0,1.0,0.30000000000000004,0.2727,0.56000000000000005,0.3881,1.0,0.0,4.0,1.0,138.0
0.0,3.0,20.0,1.0,0.28000000000000003,0.2576,0.60999999999999999,0.28360000000000002,1.0,0.0,4.0,1.0,118.0
0.0,3.0,21.0,1.0,0.26000000000000001,0.2576,0.65000000000000002,0.22390000000000002,1.0,0.0,4.0,1.0,78.0
0.0,3.0,22.0,1.0,0.26000000000000001,0.2576,0.65000000000000002,0.16420000000000001,1.0,0.0,4.0,1.0,62.0
0.0,3.0,23.0,1.0,0.23999999999999999,0.2273,0.65000000000000002,0.19399999999999998,1.0,0.0,4.0,1.0,33.0
0.0,3.0,0.0,1.0,0.23999999999999999,0.2273,0.59999999999999998,0.19399999999999998,1.0,0.0,5.0,1.0,18.0
0.0,3.0,1.0,1.0,0.19999999999999998,0.21210000000000001,0.68999999999999995,0.16420000000000001,1.0,0.0,5.0,1.0,5.0
0.0,3.0,2.0,1.0,0.19999999999999998,0.19699999999999998,0.68999999999999995,0.22390000000000002,1.0,0.0,5.0,1.0,5.0
0.0,3.0,3.0,1.0,0.19999999999999998,0.2273,0.68999999999999995,0.1045,1.0,0.0,5.0,1.0,2.0
0.0,3.0,4.0,1.0,0.17999999999999999,0.21210000000000001,0.73999999999999999,0.1045,1.0,0.0,5.0,1.0,5.0
0.0,3.0,5.0,1.0,0.17999999999999999,0.19699999999999998,0.73999999999999999,0.16420000000000001,1.0,0.0,5.0,1.0,9.0
0.0,3.0,6.0,1.0,0.17999999999999999,0.18179999999999999,0.73999999999999999,0.22390000000000002,1.0,0.0,5.0,1.0,32.0
0.0,3.0,7.0,1.0,0.19999999999999998,0.18179999999999999,0.58999999999999997,0.35820000000000002,1.0,0.0,5.0,1.0,104.0
0.0,3.0,8.0,1.0,0.22,0.21210000000000001,0.51000000000000001,0.28360000000000002,1.0,0.0,5.0,1.0,237.0
0.0,3.0,9.0,1.0,0.23999999999999999,0.21210000000000001,0.47999999999999998,0.29850000000000004,1.0,0.0,5.0,1.0,166.0
0.0,3.0,10.0,1.0,0.26000000000000001,0.2576,0.47999999999999998,0.0,1.0,0.0,5.0,1.0,68.0
0.0,3.0,11.0,1.0,0.30000000000000004,0.28789999999999999,0.45000000000000001,0.28360000000000002,1.0,0.0,5.0,1.0,75.0
0.0,3.0,12.0,1.0,0.32000000000000001,0.30299999999999999,0.41999999999999998,0.25370000000000004,1.0,0.0,5.0,1.0,145.0
0.0,3.0,13.0,1.0,0.32000000000000001,0.31819999999999998,0.39000000000000001,0.19399999999999998,1.0,0.0,5.0,1.0,138.0
0.0,3.0,14.0,1.0,0.35999999999999999,0.33329999999999999,0.32000000000000001,0.32840000000000003,1.0,0.0,5.0,1.0,133.0
0.0,3.0,15.0,2.0,0.33999999999999997,0.31819999999999998,0.35999999999999999,0.25370000000000004,1.0,0.0,5.0,1.0,122.0
0.0,3.0,16.0,2.0,0.33999999999999997,0.30299999999999999,0.34000000000000002,0.29850000000000004,1.0,0.0,5.0,1.0,150.0
0.0,3.0,17.0,2.0,0.32000000000000001,0.28789999999999999,0.35999999999999999,0.35820000000000002,1.0,0.0,5.0,1.0,225.0
0.0,3.0,18.0,1.0,0.30000000000000004,0.28789999999999999,0.39000000000000001,0.25370000000000004,1.0,0.0,5.0,1.0,198.0
0.0,3.0,19.0,2.0,0.30000000000000004,0.28789999999999999,0.35999999999999999,0.28360000000000002,1.0,0.0,5.0,1.0,135.0
0.0,3.0,20.0,2.0,0.30000000000000004,0.30299999999999999,0.39000000000000001,0.1343,1.0,0.0,5.0,1.0,81.0
0.0,3.0,21.0,2.0,0.30000000000000004,0.30299999999999999,0.39000000000000001,0.16420000000000001,1.0,0.0,5.0,1.0,75.0
0.0,3.0,22.0,2.0,0.28000000000000003,0.2576,0.38,0.32840000000000003,1.0,0.0,5.0,1.0,43.0
0.0,3.0,23.0,2.0,0.26000000000000001,0.24239999999999998,0.38,0.28360000000000002,1.0,0.0,5.0,1.0,39.0
0.0,3.0,0.0,2.0,0.26000000000000001,0.24239999999999998,0.38,0.28360000000000002,1.0,0.0,6.0,0.0,28.0
0.0,3.0,1.0,1.0,0.26000000000000001,0.2273,0.38,0.29850000000000004,1.0,0.0,6.0,0.0,27.0
0.0,3.0,2.0,1.0,0.22,0.21210000000000001,0.44,0.22390000000000002,1.0,0.0,6.0,0.0,25.0
0.0,3.0,3.0,1.0,0.19999999999999998,0.19699999999999998,0.46999999999999997,0.19399999999999998,1.0,0.0,6.0,0.0,9.0
0.0,3.0,4.0,1.0,0.22,0.21210000000000001,0.44,0.22390000000000002,1.0,0.0,6.0,0.0,6.0
0.0,3.0,5.0,1.0,0.19999999999999998,0.19699999999999998,0.51000000000000001,0.19399999999999998,1.0,0.0,6.0,0.0,8.0
0.0,3.0,6.0,1.0,0.17999999999999999,0.18179999999999999,0.55000000000000004,0.19399999999999998,1.0,0.0,6.0,0.0,10.0
0.0,3.0,7.0,1.0,0.19999999999999998,0.19699999999999998,0.51000000000000001,0.19399999999999998,1.0,0.0,6.0,0.0,41.0
0.0,3.0,8.0,1.0,0.22,0.2273,0.44,0.1343,1.0,0.0,6.0,0.0,66.0
0.0,3.0,9.0,1.0,0.23999999999999999,0.24239999999999998,0.40999999999999998,0.1343,1.0,0.0,6.0,0.0,100.0
0.0,3.0,10.0,1.0,0.26000000000000001,0.2576,0.40999999999999998,0.16420000000000001,1.0,0.0,6.0,0.0,125.0
0.0,3.0,11.0,1.0,0.28000000000000003,0.2727,0.38,0.16420000000000001,1.0,0.0,6.0,0.0,168.0
0.0,3.0,12.0,1.0,0.30000000000000004,0.28789999999999999,0.35999999999999999,0.19399999999999998,1.0,0.0,6.0,0.0,227.0
0.0,3.0,13.0,1.0,0.32000000000000001,0.30299999999999999,0.33000000000000002,0.22390000000000002,1.0,0.0,6.0,0.0,239.0
0.0,3.0,14.0,1.0,0.33999999999999997,0.31819999999999998,0.28999999999999998,0.22390000000000002,1.0,0.0,6.0,0.0,216.0
0.0,3.0,15.0,1.0,0.33999999999999997,0.33329999999999999,0.28999999999999998,0.19399999999999998,1.0,0.0,6.0,0.0,219.0
0.0,3.0,16.0,1.0,0.33999999999999997,0.33329999999999999,0.23000000000000001,0.19399999999999998,1.0,0.0,6.0,0.0,248.0
0.0,3.0,17.0,1.0,0.32000000000000001,0.30299999999999999,0.23999999999999999,0.22390000000000002,1.0,0.0,6.0,0.0,203.0
0.0,3.0,18.0,2.0,0.32000000000000001,0.31819999999999998,0.20999999999999999,0.16420000000000001,1.0,0.0,6.0,0.0,153.0
0.0,3.0,19.0,2.0,0.28000000000000003,0.2727,0.45000000000000001,0.25370000000000004,1.0,0.0,6.0,0.0,138.0
0.0,3.0,20.0,2.0,0.28000000000000003,0.2727,0.45000000000000001,0.25370000000000004,1.0,0.0,6.0,0.0,85.0
0.0,3.0,21.0,2.0,0.26000000000000001,0.2576,0.44,0.19399999999999998,1.0,0.0,6.0,0.0,51.0
0.0,3.0,22.0,2.0,0.28000000000000003,0.2727,0.40999999999999998,0.22390000000000002,1.0,0.0,6.0,0.0,63.0
0.0,3.0,23.0,2.0,0.26000000000000001,0.24239999999999998,0.44,0.28360000000000002,1.0,0.0,6.0,0.0,41.0
0.0,3.0,0.0,2.0,0.26000000000000001,0.2576,0.40999999999999998,0.16420000000000001,1.0,0.0,7.0,0.0,31.0
0.0,3.0,1.0,2.0,0.23999999999999999,0.2273,0.52000000000000002,0.19399999999999998,1.0,0.0,7.0,0.0,20.0
0.0,3.0,2.0,3.0,0.22,0.2273,0.55000000000000004,0.19399999999999998,1.0,0.0,7.0,0.0,21.0
0.0,3.0,3.0,3.0,0.19999999999999998,0.19699999999999998,0.68999999999999995,0.22390000000000002,1.0,0.0,7.0,0.0,14.0
0.0,3.0,4.0,3.0,0.17999999999999999,0.19699999999999998,0.73999999999999999,0.16420000000000001,1.0,0.0,7.0,0.0,6.0
0.0,3.0,6.0,3.0,0.16,0.18179999999999999,0.85999999999999999,0.1343,1.0,0.0,7.0,0.0,2.0
0.0,3.0,7.0,3.0,0.16,0.16670000000000001,0.85999999999999999,0.16420000000000001,1.0,0.0,7.0,0.0,7.0
0.0,3.0,8.0,1.0,0.19999999999999998,0.19699999999999998,0.68999999999999995,0.22390000000000002,1.0,0.0,7.0,0.0,14.0
0.0,3.0,9.0,1.0,0.22,0.2273,0.55000000000000004,0.1343,1.0,0.0,7.0,0.0,54.0
0.0,3.0,10.0,2.0,0.22,0.21210000000000001,0.55000000000000004,0.22390000000000002,1.0,0.0,7.0,0.0,86.0
0.0,3.0,11.0,2.0,0.23999999999999999,0.24239999999999998,0.47999999999999998,0.16420000000000001,1.0,0.0,7.0,0.0,108.0
0.0,3.0,12.0,2.0,0.26000000000000001,0.2576,0.44,0.22390000000000002,1.0,0.0,7.0,0.0,163.0
0.0,3.0,13.0,1.0,0.30000000000000004,0.28789999999999999,0.39000000000000001,0.22390000000000002,1.0,0.0,7.0,0.0,147.0
0.0,3.0,14.0,1.0,0.32000000000000001,0.31819999999999998,0.35999999999999999,0.16420000000000001,1.0,0.0,7.0,0.0,164.0
0.0,3.0,15.0,1.0,0.32000000000000001,0.30299999999999999,0.35999999999999999,0.28360000000000002,1.0,0.0,7.0,0.0,172.0
0.0,3.0,16.0,1.0,0.33999999999999997,0.33329999999999999,0.34000000000000002,0.0,1.0,0.0,7.0,0.0,143.0
0.0,3.0,17.0,1.0,0.32000000000000001,0.30299999999999999,0.31,0.25370000000000004,1.0,0.0,7.0,0.0,159.0
0.0,3.0,18.0,1.0,0.30000000000000004,0.28789999999999999,0.33000000000000002,0.19399999999999998,1.0,0.0,7.0,0.0,137.0
0.0,3.0,19.0,1.0,0.30000000000000004,0.28789999999999999,0.31,0.22390000000000002,1.0,0.0,7.0,0.0,103.0
0.0,3.0,20.0,1.0,0.28000000000000003,0.2727,0.35999999999999999,0.16420000000000001,1.0,0.0,7.0,0.0,57.0
0.0,3.0,21.0,1.0,0.26000000000000001,0.2576,0.40999999999999998,0.16420000000000001,1.0,0.0,7.0,0.0,36.0
0.0,3.0,22.0,1.0,0.26000000000000001,0.2576,0.40999999999999998,0.16420000000000001,1.0,0.0,7.0,0.0,30.0
0.0,3.0,23.0,1.0,0.26000000000000001,0.2576,0.44,0.19399999999999998,1.0,0.0,7.0,0.0,19.0
0.0,3.0,0.0,1.0,0.22,0.2273,0.55000000000000004,0.19399999999999998,1.0,0.0,1.0,1.0,12.0
0.0,3.0,1.0,1.0,0.22,0.2273,0.44,0.19399999999999998,1.0,0.0,1.0,1.0,6.0
0.0,3.0,2.0,1.0,0.22,0.2273,0.44,0.16420000000000001,1.0,0.0,1.0,1.0,5.0
0.0,3.0,3.0,1.0,0.22,0.2273,0.44,0.16420000000000001,1.0,0.0,1.0,1.0,2.0
0.0,3.0,5.0,1.0,0.17999999999999999,0.18179999999999999,0.42999999999999999,0.19399999999999998,1.0,0.0,1.0,1.0,8.0
0.0,3.0,6.0,1.0,0.17999999999999999,0.16670000000000001,0.34000000000000002,0.28360000000000002,1.0,0.0,1.0,1.0,40.0
0.0,3.0,7.0,1.0,0.19999999999999998,0.18179999999999999,0.32000000000000001,0.32840000000000003,1.0,0.0,1.0,1.0,110.0
0.0,3.0,8.0,1.0,0.19999999999999998,0.19699999999999998,0.34000000000000002,0.22390000000000002,1.0,0.0,1.0,1.0,254.0
0.0,3.0,9.0,2.0,0.22,0.21210000000000001,0.32000000000000001,0.22390000000000002,1.0,0.0,1.0,1.0,121.0
0.0,3.0,10.0,1.0,0.23999999999999999,0.2273,0.29999999999999999,0.19399999999999998,1.0,0.0,1.0,1.0,69.0
0.0,3.0,11.0,2.0,0.26000000000000001,0.24239999999999998,0.29999999999999999,0.28360000000000002,1.0,0.0,1.0,1.0,57.0
0.0,3.0,12.0,2.0,0.26000000000000001,0.2727,0.25,0.0,1.0,0.0,1.0,1.0,79.0
0.0,3.0,13.0,2.0,0.30000000000000004,0.28789999999999999,0.23999999999999999,0.22390000000000002,1.0,0.0,1.0,1.0,83.0
0.0,3.0,14.0,1.0,0.32000000000000001,0.30299999999999999,0.22,0.22390000000000002,1.0,0.0,1.0,1.0,80.0
0.0,3.0,15.0,1.0,0.32000000000000001,0.30299999999999999,0.23999999999999999,0.28360000000000002,1.0,0.0,1.0,1.0,72.0
0.0,3.0,16.0,1.0,0.33999999999999997,0.31819999999999998,0.23000000000000001,0.22390000000000002,1.0,0.0,1.0,1.0,132.0
0.0,3.0,17.0,1.0,0.33999999999999997,0.30299999999999999,0.23000000000000001,0.29850000000000004,1.0,0.0,1.0,1.0,252.0
0.0,3.0,18.0,1.0,0.32000000000000001,0.30299999999999999,0.20999999999999999,0.28360000000000002,1.0,0.0,1.0,1.0,241.0
0.0,3.0,19.0,1.0,0.30000000000000004,0.30299999999999999,0.22,0.1343,1.0,0.0,1.0,1.0,173.0
0.0,3.0,20.0,1.0,0.32000000000000001,0.33329999999999999,0.22,0.1045,1.0,0.0,1.0,1.0,112.0
0.0,3.0,21.0,1.0,0.32000000000000001,0.33329999999999999,0.20999999999999999,0.1343,1.0,0.0,1.0,1.0,61.0
0.0,3.0,22.0,1.0,0.30000000000000004,0.28789999999999999,0.22,0.22390000000000002,1.0,0.0,1.0,1.0,40.0
0.0,3.0,23.0,1.0,0.28000000000000003,0.2576,0.23999999999999999,0.29850000000000004,1.0,0.0,1.0,1.0,19.0
0.0,3.0,0.0,1.0,0.26000000000000001,0.2273,0.28000000000000003,0.32840000000000003,1.0,0.0,2.0,1.0,16.0
0.0,3.0,1.0,1.0,0.23999999999999999,0.21210000000000001,0.32000000000000001,0.29850000000000004,1.0,0.0,2.0,1.0,4.0
0.0,3.0,2.0,1.0,0.23999999999999999,0.21210000000000001,0.32000000000000001,0.29850000000000004,1.0,0.0,2.0,1.0,3.0
0.0,3.0,3.0,1.0,0.23999999999999999,0.21210000000000001,0.32000000000000001,0.29850000000000004,1.0,0.0,2.0,1.0,3.0
0.0,3.0,4.0,1.0,0.19999999999999998,0.21210000000000001,0.44,0.16420000000000001,1.0,0.0,2.0,1.0,2.0
0.0,3.0,5.0,1.0,0.22,0.21210000000000001,0.37,0.25370000000000004,1.0,0.0,2.0,1.0,8.0
0.0,3.0,6.0,1.0,0.22,0.21210000000000001,0.40999999999999998,0.29850000000000004,1.0,0.0,2.0,1.0,50.0
0.0,3.0,7.0,1.0,0.22,0.19699999999999998,0.40999999999999998,0.35820000000000002,1.0,0.0,2.0,1.0,133.0
0.0,3.0,8.0,1.0,0.23999999999999999,0.21210000000000001,0.34999999999999998,0.35820000000000002,1.0,0.0,2.0,1.0,287.0
0.0,3.0,9.0,1.0,0.28000000000000003,0.2576,0.28000000000000003,0.3881,1.0,0.0,2.0,1.0,172.0
0.0,3.0,10.0,1.0,0.30000000000000004,0.2727,0.23999999999999999,0.29850000000000004,1.0,0.0,2.0,1.0,59.0
0.0,3.0,11.0,2.0,0.33999999999999997,0.30299999999999999,0.25,0.3881,1.0,0.0,2.0,1.0,81.0
0.0,3.0,12.0,1.0,0.33999999999999997,0.33329999999999999,0.25,0.16420000000000001,1.0,0.0,2.0,1.0,106.0
0.0,3.0,13.0,1.0,0.33999999999999997,0.30299999999999999,0.25,0.29850000000000004,1.0,0.0,2.0,1.0,104.0
0.0,3.0,14.0,1.0,0.35999999999999999,0.33329999999999999,0.25,0.25370000000000004,1.0,0.0,2.0,1.0,86.0
0.0,3.0,15.0,1.0,0.38,0.39390000000000003,0.25,0.22390000000000002,1.0,0.0,2.0,1.0,87.0
0.0,3.0,16.0,1.0,0.38,0.39390000000000003,0.22,0.16420000000000001,1.0,0.0,2.0,1.0,136.0
0.0,3.0,17.0,1.0,0.39999999999999997,0.40909999999999996,0.20000000000000001,0.1343,1.0,0.0,2.0,1.0,299.0
0.0,3.0,18.0,1.0,0.35999999999999999,0.36359999999999998,0.20999999999999999,0.089599999999999999,1.0,0.0,2.0,1.0,294.0
0.0,3.0,19.0,1.0,0.33999999999999997,0.33329999999999999,0.23000000000000001,0.19399999999999998,1.0,0.0,2.0,1.0,190.0
0.0,3.0,20.0,1.0,0.35999999999999999,0.36359999999999998,0.20999999999999999,0.089599999999999999,1.0,0.0,2.0,1.0,132.0
0.0,3.0,21.0,1.0,0.33999999999999997,0.36359999999999998,0.41999999999999998,0.0,1.0,0.0,2.0,1.0,83.0
0.0,3.0,22.0,1.0,0.33999999999999997,0.36359999999999998,0.48999999999999999,0.0,1.0,0.0,2.0,1.0,55.0
0.0,3.0,23.0,2.0,0.32000000000000001,0.33329999999999999,0.56999999999999995,0.1045,1.0,0.0,2.0,1.0,35.0
0.0,3.0,0.0,2.0,0.32000000000000001,0.34850000000000003,0.56999999999999995,0.0,1.0,0.0,3.0,1.0,11.0
0.0,3.0,1.0,1.0,0.32000000000000001,0.34850000000000003,0.39000000000000001,0.0,1.0,0.0,3.0,1.0,10.0
0.0,3.0,2.0,2.0,0.32000000000000001,0.34850000000000003,0.56999999999999995,0.0,1.0,0.0,3.0,1.0,4.0
0.0,3.0,3.0,2.0,0.32000000000000001,0.34850000000000003,0.48999999999999999,0.0,1.0,0.0,3.0,1.0,4.0
0.0,3.0,4.0,2.0,0.32000000000000001,0.34850000000000003,0.56999999999999995,0.0,1.0,0.0,3.0,1.0,1.0
0.0,3.0,5.0,2.0,0.30000000000000004,0.28789999999999999,0.56000000000000005,0.19399999999999998,1.0,0.0,3.0,1.0,7.0
0.0,3.0,6.0,2.0,0.30000000000000004,0.30299999999999999,0.48999999999999999,0.1343,1.0,0.0,3.0,1.0,48.0
0.0,3.0,7.0,2.0,0.32000000000000001,0.33329999999999999,0.45000000000000001,0.1045,1.0,0.0,3.0,1.0,136.0
0.0,3.0,8.0,2.0,0.32000000000000001,0.31819999999999998,0.48999999999999999,0.16420000000000001,1.0,0.0,3.0,1.0,263.0
0.0,3.0,9.0,2.0,0.32000000000000001,0.30299999999999999,0.45000000000000001,0.22390000000000002,1.0,0.0,3.0,1.0,154.0
0.0,3.0,10.0,2.0,0.33999999999999997,0.31819999999999998,0.46000000000000002,0.22390000000000002,1.0,0.0,3.0,1.0,64.0
0.0,3.0,11.0,2.0,0.33999999999999997,0.31819999999999998,0.46000000000000002,0.25370000000000004,1.0,0.0,3.0,1.0,90.0
0.0,3.0,12.0,2.0,0.33999999999999997,0.33329999999999999,0.46000000000000002,0.16420000000000001,1.0,0.0,3.0,1.0,80.0
0.0,3.0,13.0,2.0,0.35999999999999999,0.34850000000000003,0.46000000000000002,0.22390000000000002,1.0,0.0,3.0,1.0,98.0
0.0,3.0,14.0,2.0,0.35999999999999999,0.33329999999999999,0.46000000000000002,0.29850000000000004,1.0,0.0,3.0,1.0,80.0
0.0,3.0,15.0,3.0,0.28000000000000003,0.2576,0.81000000000000005,0.29850000000000004,1.0,0.0,3.0,1.0,70.0
0.0,3.0,16.0,3.0,0.28000000000000003,0.2727,0.87,0.25370000000000004,1.0,0.0,3.0,1.0,36.0
0.0,3.0,17.0,3.0,0.26000000000000001,0.2727,0.93000000000000005,0.1045,1.0,0.0,3.0,1.0,116.0
0.0,3.0,18.0,2.0,0.26000000000000001,0.2576,0.93000000000000005,0.22390000000000002,1.0,0.0,3.0,1.0,85.0
0.0,3.0,19.0,2.0,0.26000000000000001,0.2576,0.93000000000000005,0.22390000000000002,1.0,0.0,3.0,1.0,72.0
0.0,3.0,20.0,3.0,0.23999999999999999,0.21210000000000001,0.93000000000000005,0.29850000000000004,1.0,0.0,3.0,1.0,44.0
0.0,3.0,21.0,2.0,0.23999999999999999,0.2273,0.93000000000000005,0.25370000000000004,1.0,0.0,3.0,1.0,27.0
0.0,3.0,22.0,3.0,0.23999999999999999,0.2273,0.93000000000000005,0.22390000000000002,1.0,0.0,3.0,1.0,24.0
0.0,3.0,23.0,3.0,0.23999999999999999,0.21210000000000001,0.93000000000000005,0.28360000000000002,1.0,0.0,3.0,1.0,12.0
0.0,3.0,0.0,3.0,0.23999999999999999,0.2273,0.93000000000000005,0.22390000000000002,1.0,0.0,4.0,1.0,3.0
0.0,3.0,1.0,3.0,0.23999999999999999,0.2273,0.93000000000000005,0.19399999999999998,1.0,0.0,4.0,1.0,5.0
0.0,3.0,2.0,3.0,0.23999999999999999,0.2273,0.93000000000000005,0.19399999999999998,1.0,0.0,4.0,1.0,5.0
0.0,3.0,3.0,3.0,0.23999999999999999,0.2273,0.93000000000000005,0.22390000000000002,1.0,0.0,4.0,1.0,1.0
0.0,3.0,4.0,3.0,0.23999999999999999,0.2273,0.93000000000000005,0.25370000000000004,1.0,0.0,4.0,1.0,2.0
0.0,3.0,5.0,3.0,0.23999999999999999,0.2273,0.93000000000000005,0.22390000000000002,1.0,0.0,4.0,1.0,8.0
0.0,3.0,6.0,3.0,0.23999999999999999,0.21210000000000001,0.93000000000000005,0.29850000000000004,1.0,0.0,4.0,1.0,36.0
0.0,3.0,7.0,3.0,0.23999999999999999,0.2273,0.93000000000000005,0.25370000000000004,1.0,0.0,4.0,1.0,92.0
0.0,3.0,8.0,2.0,0.23999999999999999,0.2273,1.0,0.25370000000000004,1.0,0.0,4.0,1.0,192.0
0.0,3.0,9.0,3.0,0.26000000000000001,0.24239999999999998,0.93000000000000005,0.25370000000000004,1.0,0.0,4.0,1.0,132.0
0.0,3.0,10.0,3.0,0.26000000000000001,0.24239999999999998,0.93000000000000005,0.25370000000000004,1.0,0.0,4.0,1.0,69.0
0.0,3.0,11.0,3.0,0.28000000000000003,0.2727,0.93000000000000005,0.19399999999999998,1.0,0.0,4.0,1.0,58.0
0.0,3.0,12.0,3.0,0.28000000000000003,0.2727,0.93000000000000005,0.19399999999999998,1.0,0.0,4.0,1.0,90.0
0.0,3.0,13.0,3.0,0.30000000000000004,0.30299999999999999,0.87,0.1343,1.0,0.0,4.0,1.0,68.0
0.0,3.0,14.0,3.0,0.30000000000000004,0.30299999999999999,0.87,0.1343,1.0,0.0,4.0,1.0,76.0
0.0,3.0,15.0,3.0,0.30000000000000004,0.2727,0.87,0.29850000000000004,1.0,0.0,4.0,1.0,65.0
0.0,3.0,16.0,2.0,0.30000000000000004,0.28789999999999999,0.87,0.25370000000000004,1.0,0.0,4.0,1.0,85.0
0.0,3.0,17.0,2.0,0.30000000000000004,0.28789999999999999,0.87,0.25370000000000004,1.0,0.0,4.0,1.0,168.0
0.0,3.0,18.0,2.0,0.30000000000000004,0.30299999999999999,0.87,0.1343,1.0,0.0,4.0,1.0,177.0
0.0,3.0,19.0,2.0,0.30000000000000004,0.30299999999999999,0.87,0.1343,1.0,0.0,4.0,1.0,130.0
0.0,3.0,20.0,3.0,0.28000000000000003,0.2576,0.93000000000000005,0.28360000000000002,1.0,0.0,4.0,1.0,85.0
0.0,3.0,21.0,2.0,0.28000000000000003,0.2727,0.93000000000000005,0.16420000000000001,1.0,0.0,4.0,1.0,60.0
0.0,3.0,22.0,3.0,0.28000000000000003,0.2727,0.93000000000000005,0.25370000000000004,1.0,0.0,4.0,1.0,51.0
0.0,3.0,23.0,3.0,0.26000000000000001,0.2576,1.0,0.16420000000000001,1.0,0.0,4.0,1.0,27.0
0.0,4.0,0.0,3.0,0.26000000000000001,0.2576,1.0,0.16420000000000001,1.0,0.0,5.0,1.0,6.0
0.0,4.0,1.0,3.0,0.26000000000000001,0.2576,1.0,0.16420000000000001,1.0,0.0,5.0,1.0,4.0
0.0,4.0,2.0,3.0,0.26000000000000001,0.2576,0.93000000000000005,0.19399999999999998,1.0,0.0,5.0,1.0,7.0
0.0,4.0,3.0,2.0,0.23999999999999999,0.2273,0.93000000000000005,0.25370000000000004,1.0,0.0,5.0,1.0,4.0
0.0,4.0,4.0,2.0,0.23999999999999999,0.2273,0.93000000000000005,0.25370000000000004,1.0,0.0,5.0,1.0,3.0
0.0,4.0,5.0,3.0,0.23999999999999999,0.2273,0.93000000000000005,0.22390000000000002,1.0,0.0,5.0,1.0,12.0
0.0,4.0,6.0,3.0,0.23999999999999999,0.2273,0.93000000000000005,0.22390000000000002,1.0,0.0,5.0,1.0,28.0
0.0,4.0,7.0,3.0,0.23999999999999999,0.24239999999999998,0.93000000000000005,0.0,1.0,0.0,5.0,1.0,95.0
0.0,4.0,8.0,2.0,0.26000000000000001,0.24239999999999998,0.87,0.25370000000000004,1.0,0.0,5.0,1.0,206.0
0.0,4.0,9.0,1.0,0.32000000000000001,0.28789999999999999,0.69999999999999996,0.35820000000000002,1.0,0.0,5.0,1.0,173.0
0.0,4.0,10.0,1.0,0.32000000000000001,0.30299999999999999,0.66000000000000003,0.28360000000000002,1.0,0.0,5.0,1.0,75.0
0.0,4.0,11.0,1.0,0.32000000000000001,0.28789999999999999,0.60999999999999999,0.35820000000000002,1.0,0.0,5.0,1.0,89.0
0.0,4.0,12.0,1.0,0.33999999999999997,0.30299999999999999,0.53000000000000003,0.35820000000000002,1.0,0.0,5.0,1.0,95.0
0.0,4.0,13.0,1.0,0.35999999999999999,0.33329999999999999,0.5,0.35820000000000002,1.0,0.0,5.0,1.0,110.0
0.0,4.0,14.0,2.0,0.35999999999999999,0.33329999999999999,0.46000000000000002,0.35820000000000002,1.0,0.0,5.0,1.0,87.0
0.0,4.0,15.0,1.0,0.33999999999999997,0.30299999999999999,0.46000000000000002,0.41790000000000005,1.0,0.0,5.0,1.0,111.0
0.0,4.0,16.0,1.0,0.33999999999999997,0.30299999999999999,0.46000000000000002,0.41790000000000005,1.0,0.0,5.0,1.0,167.0
0.0,4.0,17.0,1.0,0.33999999999999997,0.30299999999999999,0.46000000000000002,0.32840000000000003,1.0,0.0,5.0,1.0,281.0
0.0,4.0,18.0,1.0,0.33999999999999997,0.30299999999999999,0.46000000000000002,0.32840000000000003,1.0,0.0,5.0,1.0,241.0
0.0,4.0,19.0,1.0,0.33999999999999997,0.30299999999999999,0.48999999999999999,0.32840000000000003,1.0,0.0,5.0,1.0,136.0
0.0,4.0,20.0,1.0,0.32000000000000001,0.31819999999999998,0.53000000000000003,0.19399999999999998,1.0,0.0,5.0,1.0,77.0
0.0,4.0,21.0,1.0,0.32000000000000001,0.33329999999999999,0.53000000000000003,0.1343,1.0,0.0,5.0,1.0,93.0
0.0,4.0,22.0,1.0,0.30000000000000004,0.30299999999999999,0.56000000000000005,0.16420000000000001,1.0,0.0,5.0,1.0,74.0
0.0,4.0,23.0,1.0,0.30000000000000004,0.31819999999999998,0.60999999999999999,0.089599999999999999,1.0,0.0,5.0,1.0,53.0
0.0,4.0,0.0,2.0,0.30000000000000004,0.33329999999999999,0.60999999999999999,0.0,1.0,0.0,6.0,0.0,32.0
0.0,4.0,1.0,1.0,0.26000000000000001,0.2727,0.65000000000000002,0.1343,1.0,0.0,6.0,0.0,32.0
0.0,4.0,2.0,1.0,0.23999999999999999,0.24239999999999998,0.75,0.1343,1.0,0.0,6.0,0.0,21.0
0.0,4.0,3.0,1.0,0.23999999999999999,0.24239999999999998,0.69999999999999996,0.16420000000000001,1.0,0.0,6.0,0.0,9.0
0.0,4.0,4.0,1.0,0.23999999999999999,0.24239999999999998,0.69999999999999996,0.16420000000000001,1.0,0.0,6.0,0.0,5.0
0.0,4.0,5.0,2.0,0.23999999999999999,0.24239999999999998,0.75,0.16420000000000001,1.0,0.0,6.0,0.0,5.0
0.0,4.0,6.0,1.0,0.26000000000000001,0.2727,0.69999999999999996,0.1045,1.0,0.0,6.0,0.0,12.0
0.0,4.0,7.0,2.0,0.26000000000000001,0.2727,0.69999999999999996,0.1045,1.0,0.0,6.0,0.0,18.0
0.0,4.0,8.0,1.0,0.30000000000000004,0.31819999999999998,0.69999999999999996,0.1045,1.0,0.0,6.0,0.0,55.0
0.0,4.0,9.0,2.0,0.33999999999999997,0.34850000000000003,0.66000000000000003,0.1045,1.0,0.0,6.0,0.0,87.0
0.0,4.0,10.0,2.0,0.35999999999999999,0.34850000000000003,0.56999999999999995,0.16420000000000001,1.0,0.0,6.0,0.0,154.0
0.0,4.0,11.0,2.0,0.39999999999999997,0.40909999999999996,0.46999999999999997,0.16420000000000001,1.0,0.0,6.0,0.0,198.0
0.0,4.0,12.0,3.0,0.32000000000000001,0.33329999999999999,0.81000000000000005,0.1343,1.0,0.0,6.0,0.0,184.0
0.0,4.0,13.0,1.0,0.33999999999999997,0.33329999999999999,0.81000000000000005,0.1343,1.0,0.0,6.0,0.0,137.0
0.0,4.0,14.0,3.0,0.32000000000000001,0.30299999999999999,0.76000000000000001,0.32840000000000003,1.0,0.0,6.0,0.0,190.0
0.0,4.0,15.0,3.0,0.33999999999999997,0.30299999999999999,0.76000000000000001,0.3881,1.0,0.0,6.0,0.0,136.0
0.0,4.0,16.0,1.0,0.38,0.39390000000000003,0.62,0.32840000000000003,1.0,0.0,6.0,0.0,196.0
0.0,4.0,17.0,1.0,0.38,0.39390000000000003,0.54000000000000004,0.35820000000000002,1.0,0.0,6.0,0.0,184.0
0.0,4.0,18.0,1.0,0.38,0.39390000000000003,0.54000000000000004,0.19399999999999998,1.0,0.0,6.0,0.0,179.0
0.0,4.0,19.0,1.0,0.35999999999999999,0.33329999999999999,0.53000000000000003,0.35820000000000002,1.0,0.0,6.0,0.0,148.0
0.0,4.0,20.0,1.0,0.33999999999999997,0.31819999999999998,0.53000000000000003,0.28360000000000002,1.0,0.0,6.0,0.0,85.0
0.0,4.0,21.0,1.0,0.32000000000000001,0.30299999999999999,0.60999999999999999,0.25370000000000004,1.0,0.0,6.0,0.0,77.0
0.0,4.0,22.0,1.0,0.32000000000000001,0.30299999999999999,0.60999999999999999,0.29850000000000004,1.0,0.0,6.0,0.0,55.0
0.0,4.0,23.0,1.0,0.32000000000000001,0.31819999999999998,0.60999999999999999,0.16420000000000001,1.0,0.0,6.0,0.0,53.0
0.0,4.0,0.0,1.0,0.30000000000000004,0.28789999999999999,0.65000000000000002,0.19399999999999998,1.0,0.0,7.0,0.0,39.0
0.0,4.0,1.0,1.0,0.30000000000000004,0.31819999999999998,0.60999999999999999,0.1045,1.0,0.0,7.0,0.0,34.0
0.0,4.0,2.0,1.0,0.26000000000000001,0.2727,0.69999999999999996,0.1343,1.0,0.0,7.0,0.0,24.0
0.0,4.0,3.0,1.0,0.30000000000000004,0.33329999999999999,0.60999999999999999,0.0,1.0,0.0,7.0,0.0,11.0
0.0,4.0,4.0,1.0,0.28000000000000003,0.30299999999999999,0.69999999999999996,0.089599999999999999,1.0,0.0,7.0,0.0,3.0
0.0,4.0,5.0,1.0,0.28000000000000003,0.2727,0.65000000000000002,0.22390000000000002,1.0,0.0,7.0,0.0,5.0
0.0,4.0,6.0,1.0,0.28000000000000003,0.2727,0.65000000000000002,0.19399999999999998,1.0,0.0,7.0,0.0,33.0
0.0,4.0,7.0,1.0,0.32000000000000001,0.30299999999999999,0.56999999999999995,0.22390000000000002,1.0,0.0,7.0,0.0,33.0
0.0,4.0,8.0,1.0,0.33999999999999997,0.33329999999999999,0.56999999999999995,0.16420000000000001,1.0,0.0,7.0,0.0,62.0
0.0,4.0,9.0,1.0,0.35999999999999999,0.31819999999999998,0.5,0.49250000000000005,1.0,0.0,7.0,0.0,142.0
0.0,4.0,10.0,1.0,0.39999999999999997,0.40909999999999996,0.42999999999999999,0.41790000000000005,1.0,0.0,7.0,0.0,215.0
0.0,4.0,11.0,1.0,0.41999999999999998,0.42420000000000002,0.40999999999999998,0.25370000000000004,1.0,0.0,7.0,0.0,243.0
0.0,4.0,12.0,1.0,0.44,0.43939999999999996,0.38,0.28360000000000002,1.0,0.0,7.0,0.0,313.0
0.0,4.0,13.0,1.0,0.44,0.43939999999999996,0.33000000000000002,0.29850000000000004,1.0,0.0,7.0,0.0,367.0
0.0,4.0,14.0,1.0,0.45999999999999996,0.45450000000000002,0.31,0.1343,1.0,0.0,7.0,0.0,349.0
0.0,4.0,15.0,2.0,0.45999999999999996,0.45450000000000002,0.33000000000000002,0.0,1.0,0.0,7.0,0.0,292.0
0.0,4.0,16.0,2.0,0.45999999999999996,0.45450000000000002,0.31,0.19399999999999998,1.0,0.0,7.0,0.0,303.0
0.0,4.0,17.0,2.0,0.45999999999999996,0.45450000000000002,0.28000000000000003,0.1343,1.0,0.0,7.0,0.0,274.0
0.0,4.0,18.0,2.0,0.45999999999999996,0.45450000000000002,0.31,0.0,1.0,0.0,7.0,0.0,172.0
0.0,4.0,19.0,2.0,0.41999999999999998,0.42420000000000002,0.44,0.19399999999999998,1.0,0.0,7.0,0.0,144.0
0.0,4.0,20.0,3.0,0.41999999999999998,0.42420000000000002,0.40999999999999998,0.22390000000000002,1.0,0.0,7.0,0.0,79.0
0.0,4.0,21.0,2.0,0.41999999999999998,0.42420000000000002,0.44,0.22390000000000002,1.0,0.0,7.0,0.0,45.0
0.0,4.0,22.0,1.0,0.39999999999999997,0.40909999999999996,0.42999999999999999,0.1045,1.0,0.0,7.0,0.0,36.0
0.0,4.0,23.0,1.0,0.39999999999999997,0.40909999999999996,0.5,0.089599999999999999,1.0,0.0,7.0,0.0,31.0
0.0,4.0,0.0,1.0,0.39999999999999997,0.40909999999999996,0.5,0.22390000000000002,1.0,0.0,1.0,1.0,6.0
0.0,4.0,1.0,1.0,0.39999999999999997,0.40909999999999996,0.56000000000000005,0.35820000000000002,1.0,0.0,1.0,1.0,11.0
0.0,4.0,2.0,1.0,0.38,0.39390000000000003,0.66000000000000003,0.25370000000000004,1.0,0.0,1.0,1.0,2.0
0.0,4.0,3.0,1.0,0.38,0.39390000000000003,0.66000000000000003,0.28360000000000002,1.0,0.0,1.0,1.0,1.0
0.0,4.0,4.0,1.0,0.38,0.39390000000000003,0.70999999999999996,0.29850000000000004,1.0,0.0,1.0,1.0,2.0
0.0,4.0,5.0,1.0,0.39999999999999997,0.40909999999999996,0.62,0.25370000000000004,1.0,0.0,1.0,1.0,7.0
0.0,4.0,6.0,1.0,0.41999999999999998,0.42420000000000002,0.57999999999999996,0.28360000000000002,1.0,0.0,1.0,1.0,46.0
0.0,4.0,7.0,2.0,0.44,0.43939999999999996,0.54000000000000004,0.25370000000000004,1.0,0.0,1.0,1.0,157.0
0.0,4.0,8.0,2.0,0.45999999999999996,0.45450000000000002,0.55000000000000004,0.29850000000000004,1.0,0.0,1.0,1.0,339.0
0.0,4.0,9.0,2.0,0.5,0.48479999999999995,0.51000000000000001,0.3881,1.0,0.0,1.0,1.0,158.0
0.0,4.0,10.0,2.0,0.54000000000000004,0.51519999999999999,0.45000000000000001,0.35820000000000002,1.0,0.0,1.0,1.0,90.0
0.0,4.0,11.0,1.0,0.60000000000000009,0.62119999999999997,0.40000000000000002,0.3881,1.0,0.0,1.0,1.0,124.0
0.0,4.0,12.0,1.0,0.64000000000000001,0.62119999999999997,0.35999999999999999,0.4627,1.0,0.0,1.0,1.0,157.0
0.0,4.0,13.0,1.0,0.67999999999999994,0.63639999999999997,0.34000000000000002,0.32840000000000003,1.0,0.0,1.0,1.0,139.0
0.0,4.0,14.0,2.0,0.73999999999999999,0.65150000000000008,0.27000000000000002,0.49250000000000005,1.0,0.0,1.0,1.0,123.0
0.0,4.0,15.0,1.0,0.76000000000000001,0.66670000000000007,0.23000000000000001,0.55220000000000002,1.0,0.0,1.0,1.0,143.0
0.0,4.0,16.0,1.0,0.76000000000000001,0.65150000000000008,0.22,0.52239999999999998,1.0,0.0,1.0,1.0,189.0
0.0,4.0,17.0,1.0,0.73999999999999999,0.65150000000000008,0.23000000000000001,0.6119,1.0,0.0,1.0,1.0,366.0
0.0,4.0,18.0,2.0,0.71999999999999997,0.63639999999999997,0.23000000000000001,0.49250000000000005,1.0,0.0,1.0,1.0,386.0
0.0,4.0,19.0,1.0,0.69999999999999996,0.63639999999999997,0.23999999999999999,0.4627,1.0,0.0,1.0,1.0,278.0
0.0,4.0,20.0,2.0,0.69999999999999996,0.63639999999999997,0.23999999999999999,0.55220000000000002,1.0,0.0,1.0,1.0,173.0
0.0,4.0,21.0,2.0,0.69999999999999996,0.63639999999999997,0.29999999999999999,0.44780000000000003,1.0,0.0,1.0,1.0,95.0
0.0,4.0,22.0,2.0,0.67999999999999994,0.63639999999999997,0.35999999999999999,0.4627,1.0,0.0,1.0,1.0,75.0
0.0,4.0,23.0,2.0,0.64000000000000001,0.62119999999999997,0.46999999999999997,0.22390000000000002,1.0,0.0,1.0,1.0,48.0
0.0,4.0,0.0,1.0,0.62,0.62119999999999997,0.5,0.1045,1.0,0.0,2.0,1.0,22.0
0.0,4.0,1.0,3.0,0.62,0.62119999999999997,0.56999999999999995,0.41790000000000005,1.0,0.0,2.0,1.0,15.0
0.0,4.0,2.0,2.0,0.54000000000000004,0.51519999999999999,0.72999999999999998,0.32840000000000003,1.0,0.0,2.0,1.0,5.0
0.0,4.0,3.0,2.0,0.54000000000000004,0.51519999999999999,0.72999999999999998,0.32840000000000003,1.0,0.0,2.0,1.0,4.0
0.0,4.0,4.0,3.0,0.5,0.48479999999999995,0.88,0.49250000000000005,1.0,0.0,2.0,1.0,2.0
0.0,4.0,5.0,3.0,0.45999999999999996,0.45450000000000002,0.93999999999999995,0.29850000000000004,1.0,0.0,2.0,1.0,5.0
0.0,4.0,6.0,2.0,0.47999999999999998,0.46970000000000001,0.88,0.32840000000000003,1.0,0.0,2.0,1.0,38.0
0.0,4.0,7.0,2.0,0.47999999999999998,0.46970000000000001,0.88,0.32840000000000003,1.0,0.0,2.0,1.0,134.0
0.0,4.0,8.0,3.0,0.38,0.39390000000000003,0.87,0.58210000000000006,1.0,0.0,2.0,1.0,157.0
0.0,4.0,9.0,3.0,0.35999999999999999,0.31819999999999998,0.87,0.49250000000000005,1.0,0.0,2.0,1.0,46.0
0.0,4.0,10.0,3.0,0.33999999999999997,0.30299999999999999,0.81000000000000005,0.3881,1.0,0.0,2.0,1.0,28.0
0.0,4.0,11.0,3.0,0.32000000000000001,0.28789999999999999,0.81000000000000005,0.44780000000000003,1.0,0.0,2.0,1.0,19.0
0.0,4.0,12.0,2.0,0.33999999999999997,0.30299999999999999,0.70999999999999996,0.3881,1.0,0.0,2.0,1.0,38.0
0.0,4.0,13.0,2.0,0.35999999999999999,0.33329999999999999,0.63,0.41790000000000005,1.0,0.0,2.0,1.0,56.0
0.0,4.0,14.0,2.0,0.35999999999999999,0.31819999999999998,0.56999999999999995,0.49250000000000005,1.0,0.0,2.0,1.0,76.0
0.0,4.0,15.0,1.0,0.39999999999999997,0.40909999999999996,0.46000000000000002,0.4627,1.0,0.0,2.0,1.0,68.0
0.0,4.0,16.0,1.0,0.38,0.39390000000000003,0.46000000000000002,0.41790000000000005,1.0,0.0,2.0,1.0,130.0
0.0,4.0,17.0,1.0,0.41999999999999998,0.42420000000000002,0.38,0.41790000000000005,1.0,0.0,2.0,1.0,273.0
0.0,4.0,18.0,1.0,0.38,0.39390000000000003,0.40000000000000002,0.49250000000000005,1.0,0.0,2.0,1.0,267.0
0.0,4.0,19.0,1.0,0.35999999999999999,0.33329999999999999,0.42999999999999999,0.29850000000000004,1.0,0.0,2.0,1.0,160.0
0.0,4.0,20.0,1.0,0.33999999999999997,0.31819999999999998,0.46000000000000002,0.28360000000000002,1.0,0.0,2.0,1.0,91.0
0.0,4.0,21.0,1.0,0.33999999999999997,0.28789999999999999,0.46000000000000002,0.52239999999999998,1.0,0.0,2.0,1.0,89.0
0.0,4.0,22.0,1.0,0.32000000000000001,0.30299999999999999,0.48999999999999999,0.29850000000000004,1.0,0.0,2.0,1.0,46.0
0.0,4.0,23.0,1.0,0.30000000000000004,0.28789999999999999,0.48999999999999999,0.28360000000000002,1.0,0.0,2.0,1.0,26.0
0.0,4.0,0.0,1.0,0.30000000000000004,0.31819999999999998,0.48999999999999999,0.1045,1.0,0.0,3.0,1.0,15.0
0.0,4.0,1.0,1.0,0.26000000000000001,0.2727,0.59999999999999998,0.1343,1.0,0.0,3.0,1.0,2.0
0.0,4.0,2.0,1.0,0.23999999999999999,0.24239999999999998,0.69999999999999996,0.1343,1.0,0.0,3.0,1.0,5.0
0.0,4.0,3.0,1.0,0.26000000000000001,0.2727,0.59999999999999998,0.1343,1.0,0.0,3.0,1.0,4.0
0.0,4.0,4.0,1.0,0.23999999999999999,0.24239999999999998,0.65000000000000002,0.1343,1.0,0.0,3.0,1.0,1.0
0.0,4.0,5.0,1.0,0.23999999999999999,0.2576,0.69999999999999996,0.1045,1.0,0.0,3.0,1.0,13.0
0.0,4.0,6.0,1.0,0.23999999999999999,0.2576,0.69999999999999996,0.1045,1.0,0.0,3.0,1.0,56.0
0.0,4.0,7.0,1.0,0.26000000000000001,0.2727,0.65000000000000002,0.1045,1.0,0.0,3.0,1.0,133.0
0.0,4.0,8.0,1.0,0.32000000000000001,0.30299999999999999,0.60999999999999999,0.22390000000000002,1.0,0.0,3.0,1.0,325.0
0.0,4.0,9.0,1.0,0.35999999999999999,0.33329999999999999,0.46000000000000002,0.25370000000000004,1.0,0.0,3.0,1.0,165.0
0.0,4.0,10.0,1.0,0.39999999999999997,0.40909999999999996,0.37,0.3881,1.0,0.0,3.0,1.0,69.0
0.0,4.0,11.0,1.0,0.41999999999999998,0.42420000000000002,0.38,0.3881,1.0,0.0,3.0,1.0,93.0
0.0,4.0,12.0,1.0,0.44,0.43939999999999996,0.40999999999999998,0.25370000000000004,1.0,0.0,3.0,1.0,134.0
0.0,4.0,13.0,1.0,0.45999999999999996,0.45450000000000002,0.38,0.49250000000000005,1.0,0.0,3.0,1.0,112.0
0.0,4.0,14.0,1.0,0.5,0.48479999999999995,0.34000000000000002,0.41790000000000005,1.0,0.0,3.0,1.0,115.0
0.0,4.0,15.0,1.0,0.52000000000000002,0.5,0.32000000000000001,0.32840000000000003,1.0,0.0,3.0,1.0,117.0
0.0,4.0,16.0,1.0,0.54000000000000004,0.51519999999999999,0.28000000000000003,0.41790000000000005,1.0,0.0,3.0,1.0,169.0
0.0,4.0,17.0,1.0,0.52000000000000002,0.5,0.32000000000000001,0.44780000000000003,1.0,0.0,3.0,1.0,356.0
0.0,4.0,18.0,1.0,0.52000000000000002,0.5,0.28999999999999998,0.35820000000000002,1.0,0.0,3.0,1.0,325.0
0.0,4.0,19.0,1.0,0.5,0.48479999999999995,0.31,0.29850000000000004,1.0,0.0,3.0,1.0,232.0
0.0,4.0,20.0,1.0,0.45999999999999996,0.45450000000000002,0.51000000000000001,0.22390000000000002,1.0,0.0,3.0,1.0,141.0
0.0,4.0,21.0,1.0,0.45999999999999996,0.45450000000000002,0.40999999999999998,0.28360000000000002,1.0,0.0,3.0,1.0,102.0
0.0,4.0,22.0,1.0,0.45999999999999996,0.45450000000000002,0.40999999999999998,0.28360000000000002,1.0,0.0,3.0,1.0,84.0
0.0,4.0,23.0,1.0,0.45999999999999996,0.45450000000000002,0.40999999999999998,0.29850000000000004,1.0,0.0,3.0,1.0,40.0
0.0,4.0,0.0,1.0,0.45999999999999996,0.45450000000000002,0.40999999999999998,0.28360000000000002,1.0,0.0,4.0,1.0,20.0
0.0,4.0,1.0,1.0,0.41999999999999998,0.42420000000000002,0.46999999999999997,0.1343,1.0,0.0,4.0,1.0,13.0
0.0,4.0,2.0,1.0,0.41999999999999998,0.42420000000000002,0.54000000000000004,0.0,1.0,0.0,4.0,1.0,7.0
0.0,4.0,3.0,1.0,0.35999999999999999,0.34850000000000003,0.66000000000000003,0.19399999999999998,1.0,0.0,4.0,1.0,3.0
0.0,4.0,4.0,1.0,0.33999999999999997,0.33329999999999999,0.76000000000000001,0.19399999999999998,1.0,0.0,4.0,1.0,1.0
0.0,4.0,5.0,1.0,0.33999999999999997,0.31819999999999998,0.76000000000000001,0.22390000000000002,1.0,0.0,4.0,1.0,6.0
0.0,4.0,6.0,1.0,0.32000000000000001,0.30299999999999999,0.81000000000000005,0.25370000000000004,1.0,0.0,4.0,1.0,64.0
0.0,4.0,7.0,2.0,0.33999999999999997,0.33329999999999999,0.76000000000000001,0.16420000000000001,1.0,0.0,4.0,1.0,160.0
0.0,4.0,8.0,1.0,0.35999999999999999,0.34850000000000003,0.76000000000000001,0.19399999999999998,1.0,0.0,4.0,1.0,314.0
0.0,4.0,9.0,2.0,0.39999999999999997,0.40909999999999996,0.66000000000000003,0.1343,1.0,0.0,4.0,1.0,170.0
0.0,4.0,10.0,2.0,0.41999999999999998,0.42420000000000002,0.67000000000000004,0.1045,1.0,0.0,4.0,1.0,95.0
0.0,4.0,11.0,2.0,0.45999999999999996,0.45450000000000002,0.55000000000000004,0.0,1.0,0.0,4.0,1.0,122.0
0.0,4.0,12.0,2.0,0.45999999999999996,0.45450000000000002,0.55000000000000004,0.0,1.0,0.0,4.0,1.0,153.0
0.0,4.0,13.0,2.0,0.52000000000000002,0.5,0.47999999999999998,0.089599999999999999,1.0,0.0,4.0,1.0,135.0
0.0,4.0,14.0,1.0,0.56000000000000005,0.53029999999999999,0.42999999999999999,0.089599999999999999,1.0,0.0,4.0,1.0,157.0
0.0,4.0,15.0,1.0,0.60000000000000009,0.62119999999999997,0.38,0.1045,1.0,0.0,4.0,1.0,160.0
0.0,4.0,16.0,1.0,0.60000000000000009,0.62119999999999997,0.34999999999999998,0.0,1.0,0.0,4.0,1.0,213.0
0.0,4.0,17.0,1.0,0.52000000000000002,0.5,0.52000000000000002,0.28360000000000002,1.0,0.0,4.0,1.0,343.0
0.0,4.0,18.0,1.0,0.47999999999999998,0.46970000000000001,0.55000000000000004,0.25370000000000004,1.0,0.0,4.0,1.0,333.0
0.0,4.0,19.0,1.0,0.45999999999999996,0.45450000000000002,0.58999999999999997,0.29850000000000004,1.0,0.0,4.0,1.0,226.0
0.0,4.0,20.0,1.0,0.44,0.43939999999999996,0.62,0.16420000000000001,1.0,0.0,4.0,1.0,203.0
0.0,4.0,21.0,2.0,0.44,0.43939999999999996,0.67000000000000004,0.28360000000000002,1.0,0.0,4.0,1.0,108.0
0.0,4.0,22.0,2.0,0.39999999999999997,0.40909999999999996,0.76000000000000001,0.19399999999999998,1.0,0.0,4.0,1.0,81.0
0.0,4.0,23.0,1.0,0.38,0.39390000000000003,0.76000000000000001,0.25370000000000004,1.0,0.0,4.0,1.0,54.0
0.0,4.0,0.0,2.0,0.35999999999999999,0.34850000000000003,0.76000000000000001,0.22390000000000002,1.0,0.0,5.0,1.0,25.0
0.0,4.0,1.0,2.0,0.33999999999999997,0.33329999999999999,0.76000000000000001,0.1343,1.0,0.0,5.0,1.0,9.0
0.0,4.0,2.0,3.0,0.33999999999999997,0.33329999999999999,0.76000000000000001,0.16420000000000001,1.0,0.0,5.0,1.0,13.0
0.0,4.0,3.0,3.0,0.33999999999999997,0.33329999999999999,0.76000000000000001,0.16420000000000001,1.0,0.0,5.0,1.0,1.0
0.0,4.0,4.0,2.0,0.33999999999999997,0.33329999999999999,0.85999999999999999,0.1343,1.0,0.0,5.0,1.0,1.0
0.0,4.0,5.0,2.0,0.32000000000000001,0.31819999999999998,0.87,0.19399999999999998,1.0,0.0,5.0,1.0,9.0
0.0,4.0,6.0,2.0,0.33999999999999997,0.36359999999999998,0.87,0.0,1.0,0.0,5.0,1.0,35.0
0.0,4.0,7.0,3.0,0.33999999999999997,0.33329999999999999,0.87,0.16420000000000001,1.0,0.0,5.0,1.0,113.0
0.0,4.0,8.0,3.0,0.33999999999999997,0.33329999999999999,0.87,0.16420000000000001,1.0,0.0,5.0,1.0,221.0
0.0,4.0,9.0,2.0,0.35999999999999999,0.34850000000000003,0.76000000000000001,0.19399999999999998,1.0,0.0,5.0,1.0,185.0
0.0,4.0,10.0,2.0,0.35999999999999999,0.33329999999999999,0.70999999999999996,0.28360000000000002,1.0,0.0,5.0,1.0,73.0
0.0,4.0,11.0,2.0,0.39999999999999997,0.40909999999999996,0.62,0.3881,1.0,0.0,5.0,1.0,98.0
0.0,4.0,12.0,3.0,0.38,0.39390000000000003,0.66000000000000003,0.22390000000000002,1.0,0.0,5.0,1.0,80.0
0.0,4.0,13.0,3.0,0.35999999999999999,0.33329999999999999,0.76000000000000001,0.28360000000000002,1.0,0.0,5.0,1.0,42.0
0.0,4.0,14.0,3.0,0.33999999999999997,0.31819999999999998,0.87,0.22390000000000002,1.0,0.0,5.0,1.0,15.0
0.0,4.0,15.0,3.0,0.33999999999999997,0.31819999999999998,0.87,0.22390000000000002,1.0,0.0,5.0,1.0,25.0
0.0,4.0,16.0,2.0,0.32000000000000001,0.30299999999999999,0.93000000000000005,0.25370000000000004,1.0,0.0,5.0,1.0,60.0
0.0,4.0,17.0,3.0,0.32000000000000001,0.30299999999999999,0.93000000000000005,0.25370000000000004,1.0,0.0,5.0,1.0,148.0
0.0,4.0,18.0,3.0,0.32000000000000001,0.30299999999999999,0.93000000000000005,0.25370000000000004,1.0,0.0,5.0,1.0,62.0
0.0,4.0,19.0,3.0,0.30000000000000004,0.2727,0.93000000000000005,0.41790000000000005,1.0,0.0,5.0,1.0,53.0
0.0,4.0,20.0,2.0,0.30000000000000004,0.2727,0.93000000000000005,0.32840000000000003,1.0,0.0,5.0,1.0,63.0
0.0,4.0,21.0,2.0,0.30000000000000004,0.28789999999999999,0.93000000000000005,0.25370000000000004,1.0,0.0,5.0,1.0,54.0
0.0,4.0,22.0,2.0,0.30000000000000004,0.2727,0.93000000000000005,0.29850000000000004,1.0,0.0,5.0,1.0,51.0
0.0,4.0,23.0,2.0,0.30000000000000004,0.28789999999999999,0.93000000000000005,0.22390000000000002,1.0,0.0,5.0,1.0,35.0
0.0,4.0,0.0,2.0,0.30000000000000004,0.28789999999999999,0.87,0.22390000000000002,1.0,0.0,6.0,0.0,31.0
0.0,4.0,1.0,2.0,0.30000000000000004,0.30299999999999999,0.87,0.1343,1.0,0.0,6.0,0.0,20.0
0.0,4.0,2.0,2.0,0.32000000000000001,0.30299999999999999,0.87,0.22390000000000002,1.0,0.0,6.0,0.0,17.0
0.0,4.0,3.0,3.0,0.30000000000000004,0.28789999999999999,1.0,0.25370000000000004,1.0,0.0,6.0,0.0,14.0
0.0,4.0,4.0,3.0,0.30000000000000004,0.2727,1.0,0.25370000000000004,1.0,0.0,6.0,0.0,3.0
0.0,4.0,5.0,2.0,0.30000000000000004,0.28789999999999999,0.93000000000000005,0.22390000000000002,1.0,0.0,6.0,0.0,5.0
0.0,4.0,6.0,2.0,0.30000000000000004,0.28789999999999999,0.93000000000000005,0.19399999999999998,1.0,0.0,6.0,0.0,13.0
0.0,4.0,7.0,2.0,0.30000000000000004,0.30299999999999999,0.93000000000000005,0.16420000000000001,1.0,0.0,6.0,0.0,21.0
0.0,4.0,8.0,2.0,0.32000000000000001,0.30299999999999999,0.93000000000000005,0.16420000000000001,1.0,0.0,6.0,0.0,54.0
0.0,4.0,9.0,2.0,0.33999999999999997,0.34850000000000003,0.87,0.1045,1.0,0.0,6.0,0.0,98.0
0.0,4.0,10.0,2.0,0.33999999999999997,0.33329999999999999,0.87,0.1343,1.0,0.0,6.0,0.0,133.0
0.0,4.0,11.0,2.0,0.35999999999999999,0.36359999999999998,0.81000000000000005,0.0,1.0,0.0,6.0,0.0,142.0
0.0,4.0,12.0,2.0,0.35999999999999999,0.34850000000000003,0.81000000000000005,0.1343,1.0,0.0,6.0,0.0,202.0
0.0,4.0,13.0,2.0,0.35999999999999999,0.37880000000000003,0.81000000000000005,0.0,1.0,0.0,6.0,0.0,222.0
0.0,4.0,14.0,2.0,0.35999999999999999,0.34850000000000003,0.81000000000000005,0.1343,1.0,0.0,6.0,0.0,212.0
0.0,4.0,15.0,2.0,0.35999999999999999,0.37880000000000003,0.87,0.0,1.0,0.0,6.0,0.0,201.0
0.0,4.0,16.0,2.0,0.38,0.39390000000000003,0.81999999999999995,0.0,1.0,0.0,6.0,0.0,191.0
0.0,4.0,17.0,2.0,0.38,0.39390000000000003,0.81999999999999995,0.089599999999999999,1.0,0.0,6.0,0.0,257.0
0.0,4.0,18.0,2.0,0.38,0.39390000000000003,0.81999999999999995,0.1045,1.0,0.0,6.0,0.0,177.0
0.0,4.0,19.0,2.0,0.38,0.39390000000000003,0.81999999999999995,0.1343,1.0,0.0,6.0,0.0,130.0
0.0,4.0,20.0,2.0,0.38,0.39390000000000003,0.87,0.16420000000000001,1.0,0.0,6.0,0.0,93.0
0.0,4.0,21.0,2.0,0.35999999999999999,0.34850000000000003,0.93000000000000005,0.1343,1.0,0.0,6.0,0.0,75.0
0.0,4.0,22.0,2.0,0.35999999999999999,0.34850000000000003,0.93000000000000005,0.1343,1.0,0.0,6.0,0.0,87.0
0.0,4.0,23.0,2.0,0.38,0.39390000000000003,0.87,0.089599999999999999,1.0,0.0,6.0,0.0,57.0
0.0,4.0,0.0,2.0,0.38,0.39390000000000003,0.87,0.089599999999999999,1.0,0.0,7.0,0.0,53.0
0.0,4.0,1.0,2.0,0.38,0.39390000000000003,0.87,0.1343,1.0,0.0,7.0,0.0,37.0
0.0,4.0,2.0,2.0,0.38,0.39390000000000003,0.87,0.089599999999999999,1.0,0.0,7.0,0.0,36.0
0.0,4.0,3.0,2.0,0.38,0.39390000000000003,0.87,0.1343,1.0,0.0,7.0,0.0,16.0
0.0,4.0,4.0,2.0,0.35999999999999999,0.36359999999999998,0.93000000000000005,0.1045,1.0,0.0,7.0,0.0,5.0
0.0,4.0,5.0,2.0,0.35999999999999999,0.36359999999999998,0.93000000000000005,0.089599999999999999,1.0,0.0,7.0,0.0,4.0
0.0,4.0,6.0,2.0,0.35999999999999999,0.36359999999999998,0.93000000000000005,0.089599999999999999,1.0,0.0,7.0,0.0,4.0
0.0,4.0,7.0,2.0,0.35999999999999999,0.36359999999999998,1.0,0.089599999999999999,1.0,0.0,7.0,0.0,10.0
0.0,4.0,8.0,2.0,0.38,0.39390000000000003,0.93999999999999995,0.089599999999999999,1.0,0.0,7.0,0.0,55.0
0.0,4.0,9.0,2.0,0.38,0.39390000000000003,0.93999999999999995,0.1343,1.0,0.0,7.0,0.0,81.0
0.0,4.0,10.0,2.0,0.39999999999999997,0.40909999999999996,0.87,0.0,1.0,0.0,7.0,0.0,150.0
0.0,4.0,11.0,2.0,0.39999999999999997,0.40909999999999996,0.87,0.1343,1.0,0.0,7.0,0.0,202.0
0.0,4.0,12.0,2.0,0.41999999999999998,0.42420000000000002,0.88,0.1343,1.0,0.0,7.0,0.0,230.0
0.0,4.0,13.0,1.0,0.45999999999999996,0.45450000000000002,0.81999999999999995,0.1045,1.0,0.0,7.0,0.0,263.0
0.0,4.0,14.0,1.0,0.5,0.48479999999999995,0.71999999999999997,0.19399999999999998,1.0,0.0,7.0,0.0,281.0
0.0,4.0,15.0,1.0,0.5,0.48479999999999995,0.77000000000000002,0.22390000000000002,1.0,0.0,7.0,0.0,297.0
0.0,4.0,16.0,2.0,0.52000000000000002,0.5,0.71999999999999997,0.16420000000000001,1.0,0.0,7.0,0.0,288.0
0.0,4.0,17.0,2.0,0.52000000000000002,0.5,0.71999999999999997,0.19399999999999998,1.0,0.0,7.0,0.0,236.0
0.0,4.0,18.0,1.0,0.5,0.48479999999999995,0.77000000000000002,0.19399999999999998,1.0,0.0,7.0,0.0,240.0
0.0,4.0,19.0,1.0,0.5,0.48479999999999995,0.77000000000000002,0.19399999999999998,1.0,0.0,7.0,0.0,131.0
0.0,4.0,20.0,1.0,0.45999999999999996,0.45450000000000002,0.81999999999999995,0.1343,1.0,0.0,7.0,0.0,92.0
0.0,4.0,21.0,1.0,0.44,0.43939999999999996,0.88,0.19399999999999998,1.0,0.0,7.0,0.0,95.0
0.0,4.0,22.0,1.0,0.44,0.43939999999999996,0.93999999999999995,0.25370000000000004,1.0,0.0,7.0,0.0,57.0
0.0,4.0,23.0,1.0,0.45999999999999996,0.45450000000000002,0.88,0.35820000000000002,1.0,0.0,7.0,0.0,32.0
0.0,4.0,0.0,1.0,0.47999999999999998,0.46970000000000001,0.88,0.32840000000000003,1.0,0.0,1.0,1.0,23.0
0.0,4.0,1.0,1.0,0.45999999999999996,0.45450000000000002,0.93999999999999995,0.28360000000000002,1.0,0.0,1.0,1.0,4.0
0.0,4.0,2.0,1.0,0.45999999999999996,0.45450000000000002,0.93999999999999995,0.28360000000000002,1.0,0.0,1.0,1.0,9.0
0.0,4.0,4.0,1.0,0.45999999999999996,0.45450000000000002,0.93999999999999995,0.19399999999999998,1.0,0.0,1.0,1.0,1.0
0.0,4.0,5.0,1.0,0.45999999999999996,0.45450000000000002,0.93999999999999995,0.19399999999999998,1.0,0.0,1.0,1.0,13.0
0.0,4.0,6.0,2.0,0.45999999999999996,0.45450000000000002,1.0,0.22390000000000002,1.0,0.0,1.0,1.0,61.0
0.0,4.0,7.0,2.0,0.5,0.48479999999999995,0.88,0.22390000000000002,1.0,0.0,1.0,1.0,176.0
0.0,4.0,8.0,2.0,0.52000000000000002,0.5,0.88,0.28360000000000002,1.0,0.0,1.0,1.0,314.0
0.0,4.0,9.0,2.0,0.56000000000000005,0.53029999999999999,0.82999999999999996,0.28360000000000002,1.0,0.0,1.0,1.0,165.0
0.0,4.0,10.0,2.0,0.56000000000000005,0.53029999999999999,0.82999999999999996,0.29850000000000004,1.0,0.0,1.0,1.0,96.0
0.0,4.0,11.0,2.0,0.60000000000000009,0.59089999999999998,0.72999999999999998,0.29850000000000004,1.0,0.0,1.0,1.0,104.0
0.0,4.0,12.0,2.0,0.60000000000000009,0.59089999999999998,0.72999999999999998,0.32840000000000003,1.0,0.0,1.0,1.0,134.0
0.0,4.0,13.0,2.0,0.64000000000000001,0.60609999999999997,0.68999999999999995,0.41790000000000005,1.0,0.0,1.0,1.0,139.0
0.0,4.0,14.0,2.0,0.71999999999999997,0.66670000000000007,0.54000000000000004,0.35820000000000002,1.0,0.0,1.0,1.0,145.0
0.0,4.0,15.0,1.0,0.73999999999999999,0.66670000000000007,0.47999999999999998,0.52239999999999998,1.0,0.0,1.0,1.0,141.0
0.0,4.0,16.0,1.0,0.73999999999999999,0.66670000000000007,0.47999999999999998,0.52239999999999998,1.0,0.0,1.0,1.0,235.0
0.0,4.0,17.0,1.0,0.73999999999999999,0.66670000000000007,0.47999999999999998,0.52239999999999998,1.0,0.0,1.0,1.0,452.0
0.0,4.0,18.0,1.0,0.71999999999999997,0.66670000000000007,0.51000000000000001,0.3881,1.0,0.0,1.0,1.0,383.0
0.0,4.0,19.0,1.0,0.71999999999999997,0.66670000000000007,0.51000000000000001,0.44780000000000003,1.0,0.0,1.0,1.0,284.0
0.0,4.0,20.0,1.0,0.67999999999999994,0.63639999999999997,0.56999999999999995,0.52239999999999998,1.0,0.0,1.0,1.0,166.0
0.0,4.0,21.0,1.0,0.65999999999999992,0.62119999999999997,0.60999999999999999,0.25370000000000004,1.0,0.0,1.0,1.0,158.0
0.0,4.0,22.0,2.0,0.64000000000000001,0.62119999999999997,0.5,0.28360000000000002,1.0,0.0,1.0,1.0,91.0
0.0,4.0,23.0,3.0,0.58000000000000007,0.54549999999999998,0.59999999999999998,0.0,1.0,0.0,1.0,1.0,54.0
0.0,4.0,0.0,2.0,0.62,0.62119999999999997,0.5,0.1045,1.0,0.0,2.0,1.0,24.0
0.0,4.0,1.0,2.0,0.62,0.62119999999999997,0.5,0.089599999999999999,1.0,0.0,2.0,1.0,13.0
0.0,4.0,2.0,2.0,0.60000000000000009,0.62119999999999997,0.53000000000000003,0.1343,1.0,0.0,2.0,1.0,14.0
0.0,4.0,3.0,2.0,0.58000000000000007,0.54549999999999998,0.56000000000000005,0.1343,1.0,0.0,2.0,1.0,1.0
0.0,4.0,4.0,2.0,0.56000000000000005,0.53029999999999999,0.64000000000000001,0.1343,1.0,0.0,2.0,1.0,6.0
0.0,4.0,5.0,2.0,0.54000000000000004,0.51519999999999999,0.68000000000000005,0.1343,1.0,0.0,2.0,1.0,16.0
0.0,4.0,6.0,2.0,0.54000000000000004,0.51519999999999999,0.68000000000000005,0.28360000000000002,1.0,0.0,2.0,1.0,58.0
0.0,4.0,7.0,2.0,0.54000000000000004,0.51519999999999999,0.68000000000000005,0.22390000000000002,1.0,0.0,2.0,1.0,189.0
0.0,4.0,8.0,3.0,0.47999999999999998,0.46970000000000001,0.88,0.3881,1.0,0.0,2.0,1.0,226.0
0.0,4.0,9.0,3.0,0.45999999999999996,0.45450000000000002,0.93999999999999995,0.49250000000000005,1.0,0.0,2.0,1.0,54.0
0.0,4.0,10.0,3.0,0.5,0.48479999999999995,0.81999999999999995,0.41790000000000005,1.0,0.0,2.0,1.0,40.0
0.0,4.0,11.0,1.0,0.52000000000000002,0.5,0.77000000000000002,0.35820000000000002,1.0,0.0,2.0,1.0,49.0
0.0,4.0,12.0,2.0,0.56000000000000005,0.53029999999999999,0.64000000000000001,0.4627,1.0,0.0,2.0,1.0,92.0
0.0,4.0,13.0,3.0,0.54000000000000004,0.51519999999999999,0.68000000000000005,0.28360000000000002,1.0,0.0,2.0,1.0,106.0
0.0,4.0,14.0,2.0,0.5,0.48479999999999995,0.81999999999999995,0.28360000000000002,1.0,0.0,2.0,1.0,44.0
0.0,4.0,15.0,2.0,0.47999999999999998,0.46970000000000001,0.77000000000000002,0.52239999999999998,1.0,0.0,2.0,1.0,78.0
0.0,4.0,16.0,2.0,0.47999999999999998,0.46970000000000001,0.77000000000000002,0.3881,1.0,0.0,2.0,1.0,99.0
0.0,4.0,17.0,3.0,0.44,0.43939999999999996,0.77000000000000002,0.22390000000000002,1.0,0.0,2.0,1.0,291.0
0.0,4.0,18.0,3.0,0.44,0.43939999999999996,0.77000000000000002,0.22390000000000002,1.0,0.0,2.0,1.0,224.0
0.0,4.0,19.0,2.0,0.41999999999999998,0.42420000000000002,0.81999999999999995,0.28360000000000002,1.0,0.0,2.0,1.0,130.0
0.0,4.0,20.0,2.0,0.41999999999999998,0.42420000000000002,0.81999999999999995,0.28360000000000002,1.0,0.0,2.0,1.0,103.0
0.0,4.0,21.0,2.0,0.41999999999999998,0.42420000000000002,0.81999999999999995,0.19399999999999998,1.0,0.0,2.0,1.0,84.0
0.0,4.0,22.0,2.0,0.39999999999999997,0.40909999999999996,0.93999999999999995,0.29850000000000004,1.0,0.0,2.0,1.0,54.0
0.0,4.0,23.0,2.0,0.39999999999999997,0.40909999999999996,0.93999999999999995,0.25370000000000004,1.0,0.0,2.0,1.0,39.0
0.0,4.0,0.0,2.0,0.39999999999999997,0.40909999999999996,1.0,0.29850000000000004,1.0,0.0,3.0,1.0,15.0
0.0,4.0,1.0,2.0,0.39999999999999997,0.40909999999999996,1.0,0.29850000000000004,1.0,0.0,3.0,1.0,1.0
0.0,4.0,2.0,3.0,0.39999999999999997,0.40909999999999996,1.0,0.29850000000000004,1.0,0.0,3.0,1.0,2.0
0.0,4.0,3.0,3.0,0.39999999999999997,0.40909999999999996,0.93999999999999995,0.32840000000000003,1.0,0.0,3.0,1.0,2.0
0.0,4.0,4.0,3.0,0.39999999999999997,0.40909999999999996,0.93999999999999995,0.32840000000000003,1.0,0.0,3.0,1.0,3.0
0.0,4.0,5.0,3.0,0.38,0.39390000000000003,0.93999999999999995,0.25370000000000004,1.0,0.0,3.0,1.0,5.0
0.0,4.0,6.0,3.0,0.38,0.39390000000000003,0.93999999999999995,0.22390000000000002,1.0,0.0,3.0,1.0,34.0
0.0,4.0,7.0,3.0,0.35999999999999999,0.34850000000000003,1.0,0.22390000000000002,1.0,0.0,3.0,1.0,70.0
0.0,4.0,8.0,3.0,0.38,0.39390000000000003,0.93999999999999995,0.19399999999999998,1.0,0.0,3.0,1.0,164.0
0.0,4.0,9.0,2.0,0.38,0.39390000000000003,0.93999999999999995,0.22390000000000002,1.0,0.0,3.0,1.0,65.0
0.0,4.0,10.0,2.0,0.39999999999999997,0.40909999999999996,0.87,0.19399999999999998,1.0,0.0,3.0,1.0,46.0
0.0,4.0,11.0,2.0,0.41999999999999998,0.42420000000000002,0.81999999999999995,0.19399999999999998,1.0,0.0,3.0,1.0,61.0
0.0,4.0,12.0,3.0,0.41999999999999998,0.42420000000000002,0.81999999999999995,0.25370000000000004,1.0,0.0,3.0,1.0,95.0
0.0,4.0,13.0,2.0,0.44,0.43939999999999996,0.77000000000000002,0.19399999999999998,1.0,0.0,3.0,1.0,61.0
0.0,4.0,14.0,2.0,0.41999999999999998,0.42420000000000002,0.77000000000000002,0.25370000000000004,1.0,0.0,3.0,1.0,106.0
0.0,4.0,15.0,2.0,0.44,0.43939999999999996,0.71999999999999997,0.28360000000000002,1.0,0.0,3.0,1.0,81.0
0.0,4.0,16.0,1.0,0.45999999999999996,0.45450000000000002,0.67000000000000004,0.28360000000000002,1.0,0.0,3.0,1.0,142.0
0.0,4.0,17.0,1.0,0.45999999999999996,0.45450000000000002,0.67000000000000004,0.29850000000000004,1.0,0.0,3.0,1.0,309.0
0.0,4.0,18.0,1.0,0.44,0.43939999999999996,0.62,0.3881,1.0,0.0,3.0,1.0,321.0
0.0,4.0,19.0,1.0,0.44,0.43939999999999996,0.62,0.25370000000000004,1.0,0.0,3.0,1.0,175.0
0.0,4.0,20.0,1.0,0.44,0.43939999999999996,0.62,0.25370000000000004,1.0,0.0,3.0,1.0,126.0
0.0,4.0,21.0,1.0,0.41999999999999998,0.42420000000000002,0.67000000000000004,0.16420000000000001,1.0,0.0,3.0,1.0,117.0
0.0,4.0,22.0,1.0,0.41999999999999998,0.42420000000000002,0.67000000000000004,0.19399999999999998,1.0,0.0,3.0,1.0,99.0
0.0,4.0,23.0,1.0,0.39999999999999997,0.40909999999999996,0.70999999999999996,0.1343,1.0,0.0,3.0,1.0,62.0
0.0,4.0,0.0,1.0,0.38,0.39390000000000003,0.76000000000000001,0.1343,1.0,0.0,4.0,1.0,21.0
0.0,4.0,1.0,1.0,0.38,0.39390000000000003,0.76000000000000001,0.22390000000000002,1.0,0.0,4.0,1.0,10.0
0.0,4.0,2.0,1.0,0.35999999999999999,0.34850000000000003,0.76000000000000001,0.1343,1.0,0.0,4.0,1.0,3.0
0.0,4.0,3.0,1.0,0.33999999999999997,0.33329999999999999,0.81000000000000005,0.1343,1.0,0.0,4.0,1.0,2.0
0.0,4.0,4.0,1.0,0.33999999999999997,0.36359999999999998,0.76000000000000001,0.0,1.0,0.0,4.0,1.0,9.0
0.0,4.0,5.0,1.0,0.33999999999999997,0.34850000000000003,0.76000000000000001,0.089599999999999999,1.0,0.0,4.0,1.0,14.0
0.0,4.0,6.0,1.0,0.33999999999999997,0.34850000000000003,0.76000000000000001,0.1045,1.0,0.0,4.0,1.0,70.0
0.0,4.0,7.0,1.0,0.38,0.39390000000000003,0.66000000000000003,0.0,1.0,0.0,4.0,1.0,193.0
0.0,4.0,8.0,1.0,0.41999999999999998,0.42420000000000002,0.57999999999999996,0.16420000000000001,1.0,0.0,4.0,1.0,337.0
0.0,4.0,9.0,1.0,0.45999999999999996,0.45450000000000002,0.51000000000000001,0.1343,1.0,0.0,4.0,1.0,170.0
0.0,4.0,10.0,1.0,0.5,0.48479999999999995,0.51000000000000001,0.19399999999999998,1.0,0.0,4.0,1.0,89.0
0.0,4.0,11.0,1.0,0.52000000000000002,0.5,0.45000000000000001,0.16420000000000001,1.0,0.0,4.0,1.0,115.0
0.0,4.0,12.0,1.0,0.54000000000000004,0.51519999999999999,0.41999999999999998,0.1343,1.0,0.0,4.0,1.0,145.0
0.0,4.0,13.0,1.0,0.56000000000000005,0.53029999999999999,0.37,0.22390000000000002,1.0,0.0,4.0,1.0,159.0
0.0,4.0,14.0,1.0,0.56000000000000005,0.53029999999999999,0.34999999999999998,0.089599999999999999,1.0,0.0,4.0,1.0,137.0
0.0,4.0,15.0,1.0,0.60000000000000009,0.62119999999999997,0.31,0.089599999999999999,1.0,0.0,4.0,1.0,142.0
0.0,4.0,16.0,1.0,0.60000000000000009,0.60609999999999997,0.26000000000000001,0.1045,1.0,0.0,4.0,1.0,202.0
0.0,4.0,17.0,1.0,0.60000000000000009,0.60609999999999997,0.28000000000000003,0.0,1.0,0.0,4.0,1.0,388.0
0.0,4.0,18.0,1.0,0.56000000000000005,0.53029999999999999,0.29999999999999999,0.0,1.0,0.0,4.0,1.0,337.0
0.0,4.0,19.0,1.0,0.54000000000000004,0.51519999999999999,0.32000000000000001,0.0,1.0,0.0,4.0,1.0,259.0
0.0,4.0,20.0,1.0,0.5,0.48479999999999995,0.51000000000000001,0.19399999999999998,1.0,0.0,4.0,1.0,169.0
0.0,4.0,21.0,1.0,0.45999999999999996,0.45450000000000002,0.63,0.1343,1.0,0.0,4.0,1.0,145.0
0.0,4.0,22.0,1.0,0.47999999999999998,0.46970000000000001,0.55000000000000004,0.1045,1.0,0.0,4.0,1.0,104.0
0.0,4.0,23.0,1.0,0.45999999999999996,0.45450000000000002,0.58999999999999997,0.1045,1.0,0.0,4.0,1.0,47.0
0.0,4.0,0.0,1.0,0.44,0.43939999999999996,0.67000000000000004,0.0,1.0,1.0,5.0,1.0,27.0
0.0,4.0,1.0,1.0,0.44,0.43939999999999996,0.62,0.0,1.0,1.0,5.0,1.0,15.0
0.0,4.0,2.0,1.0,0.39999999999999997,0.40909999999999996,0.76000000000000001,0.0,1.0,1.0,5.0,1.0,18.0
0.0,4.0,3.0,1.0,0.39999999999999997,0.40909999999999996,0.76000000000000001,0.0,1.0,1.0,5.0,1.0,3.0
0.0,4.0,4.0,1.0,0.38,0.39390000000000003,0.81999999999999995,0.089599999999999999,1.0,1.0,5.0,1.0,3.0
0.0,4.0,5.0,1.0,0.35999999999999999,0.36359999999999998,0.81000000000000005,0.1045,1.0,1.0,5.0,1.0,13.0
0.0,4.0,6.0,1.0,0.35999999999999999,0.36359999999999998,0.81000000000000005,0.089599999999999999,1.0,1.0,5.0,1.0,47.0
0.0,4.0,7.0,1.0,0.39999999999999997,0.40909999999999996,0.70999999999999996,0.16420000000000001,1.0,1.0,5.0,1.0,149.0
0.0,4.0,8.0,1.0,0.44,0.43939999999999996,0.62,0.29850000000000004,1.0,1.0,5.0,1.0,300.0
0.0,4.0,9.0,1.0,0.5,0.48479999999999995,0.55000000000000004,0.19399999999999998,1.0,1.0,5.0,1.0,178.0
0.0,4.0,10.0,1.0,0.5,0.48479999999999995,0.55000000000000004,0.19399999999999998,1.0,1.0,5.0,1.0,122.0
0.0,4.0,11.0,1.0,0.52000000000000002,0.5,0.55000000000000004,0.19399999999999998,1.0,1.0,5.0,1.0,136.0
0.0,4.0,12.0,1.0,0.52000000000000002,0.5,0.55000000000000004,0.28360000000000002,1.0,1.0,5.0,1.0,200.0
0.0,4.0,13.0,1.0,0.54000000000000004,0.51519999999999999,0.52000000000000002,0.25370000000000004,1.0,1.0,5.0,1.0,180.0
0.0,4.0,14.0,1.0,0.54000000000000004,0.51519999999999999,0.52000000000000002,0.25370000000000004,1.0,1.0,5.0,1.0,163.0
0.0,4.0,15.0,1.0,0.54000000000000004,0.51519999999999999,0.52000000000000002,0.44780000000000003,1.0,1.0,5.0,1.0,162.0
0.0,4.0,16.0,1.0,0.52000000000000002,0.5,0.55000000000000004,0.49250000000000005,1.0,1.0,5.0,1.0,243.0
0.0,4.0,17.0,2.0,0.5,0.48479999999999995,0.63,0.3881,1.0,1.0,5.0,1.0,331.0
0.0,4.0,18.0,2.0,0.45999999999999996,0.45450000000000002,0.67000000000000004,0.3881,1.0,1.0,5.0,1.0,263.0
0.0,4.0,19.0,1.0,0.41999999999999998,0.42420000000000002,0.77000000000000002,0.3881,1.0,1.0,5.0,1.0,209.0
0.0,4.0,20.0,2.0,0.39999999999999997,0.40909999999999996,0.76000000000000001,0.32840000000000003,1.0,1.0,5.0,1.0,118.0
0.0,4.0,21.0,2.0,0.39999999999999997,0.40909999999999996,0.76000000000000001,0.29850000000000004,1.0,1.0,5.0,1.0,102.0
0.0,4.0,22.0,2.0,0.38,0.39390000000000003,0.81999999999999995,0.3881,1.0,1.0,5.0,1.0,80.0
0.0,4.0,23.0,2.0,0.35999999999999999,0.34850000000000003,0.81000000000000005,0.19399999999999998,1.0,1.0,5.0,1.0,64.0
0.0,4.0,0.0,2.0,0.35999999999999999,0.34850000000000003,0.81000000000000005,0.22390000000000002,1.0,0.0,6.0,0.0,43.0
0.0,4.0,1.0,2.0,0.35999999999999999,0.33329999999999999,0.87,0.28360000000000002,1.0,0.0,6.0,0.0,33.0
0.0,4.0,2.0,2.0,0.35999999999999999,0.34850000000000003,0.87,0.1343,1.0,0.0,6.0,0.0,24.0
0.0,4.0,3.0,2.0,0.35999999999999999,0.34850000000000003,0.87,0.16420000000000001,1.0,0.0,6.0,0.0,14.0
0.0,4.0,4.0,2.0,0.35999999999999999,0.34850000000000003,0.87,0.22390000000000002,1.0,0.0,6.0,0.0,5.0
0.0,4.0,5.0,2.0,0.38,0.39390000000000003,0.87,0.28360000000000002,1.0,0.0,6.0,0.0,4.0
0.0,4.0,6.0,3.0,0.39999999999999997,0.40909999999999996,0.81999999999999995,0.32840000000000003,1.0,0.0,6.0,0.0,10.0
0.0,4.0,7.0,2.0,0.39999999999999997,0.40909999999999996,0.81999999999999995,0.41790000000000005,1.0,0.0,6.0,0.0,21.0
0.0,4.0,8.0,3.0,0.39999999999999997,0.40909999999999996,0.87,0.35820000000000002,1.0,0.0,6.0,0.0,45.0
0.0,4.0,9.0,3.0,0.39999999999999997,0.40909999999999996,1.0,0.29850000000000004,1.0,0.0,6.0,0.0,29.0
0.0,4.0,10.0,3.0,0.41999999999999998,0.42420000000000002,0.93999999999999995,0.3881,1.0,0.0,6.0,0.0,22.0
0.0,4.0,11.0,3.0,0.41999999999999998,0.42420000000000002,0.93999999999999995,0.44780000000000003,1.0,0.0,6.0,0.0,31.0
0.0,4.0,12.0,2.0,0.45999999999999996,0.45450000000000002,0.88,0.58210000000000006,1.0,0.0,6.0,0.0,32.0
0.0,4.0,13.0,3.0,0.45999999999999996,0.45450000000000002,0.93999999999999995,0.52239999999999998,1.0,0.0,6.0,0.0,58.0
0.0,4.0,14.0,3.0,0.52000000000000002,0.5,0.82999999999999996,0.58210000000000006,1.0,0.0,6.0,0.0,63.0
0.0,4.0,15.0,3.0,0.52000000000000002,0.5,0.82999999999999996,0.58210000000000006,1.0,0.0,6.0,0.0,78.0
0.0,4.0,16.0,3.0,0.5,0.48479999999999995,0.88,0.4627,1.0,0.0,6.0,0.0,33.0
0.0,4.0,17.0,3.0,0.5,0.48479999999999995,0.88,0.58210000000000006,1.0,0.0,6.0,0.0,15.0
0.0,4.0,18.0,2.0,0.5,0.48479999999999995,0.93999999999999995,0.3881,1.0,0.0,6.0,0.0,38.0
0.0,4.0,19.0,2.0,0.52000000000000002,0.5,0.93999999999999995,0.41790000000000005,1.0,0.0,6.0,0.0,71.0
0.0,4.0,20.0,3.0,0.44,0.43939999999999996,0.93999999999999995,0.22390000000000002,1.0,0.0,6.0,0.0,53.0
0.0,4.0,21.0,2.0,0.44,0.43939999999999996,0.93999999999999995,0.0,1.0,0.0,6.0,0.0,14.0
0.0,4.0,22.0,3.0,0.41999999999999998,0.42420000000000002,1.0,0.0,1.0,0.0,6.0,0.0,24.0
0.0,4.0,23.0,2.0,0.44,0.43939999999999996,0.77000000000000002,0.28360000000000002,1.0,0.0,6.0,0.0,35.0
0.0,4.0,0.0,2.0,0.44,0.43939999999999996,0.77000000000000002,0.28360000000000002,1.0,0.0,7.0,0.0,33.0
0.0,4.0,1.0,1.0,0.41999999999999998,0.42420000000000002,0.67000000000000004,0.22390000000000002,1.0,0.0,7.0,0.0,31.0
0.0,4.0,2.0,1.0,0.39999999999999997,0.40909999999999996,0.62,0.19399999999999998,1.0,0.0,7.0,0.0,29.0
0.0,4.0,3.0,1.0,0.39999999999999997,0.40909999999999996,0.66000000000000003,0.1343,1.0,0.0,7.0,0.0,25.0
0.0,4.0,4.0,1.0,0.35999999999999999,0.36359999999999998,0.76000000000000001,0.1045,1.0,0.0,7.0,0.0,7.0
0.0,4.0,5.0,1.0,0.35999999999999999,0.34850000000000003,0.70999999999999996,0.16420000000000001,1.0,0.0,7.0,0.0,3.0
0.0,4.0,6.0,1.0,0.35999999999999999,0.31819999999999998,0.66000000000000003,0.44780000000000003,1.0,0.0,7.0,0.0,8.0
0.0,4.0,7.0,1.0,0.35999999999999999,0.33329999999999999,0.5,0.35820000000000002,1.0,0.0,7.0,0.0,16.0
0.0,4.0,8.0,1.0,0.38,0.39390000000000003,0.46000000000000002,0.3881,1.0,0.0,7.0,0.0,43.0
0.0,4.0,9.0,1.0,0.39999999999999997,0.40909999999999996,0.42999999999999999,0.28360000000000002,1.0,0.0,7.0,0.0,102.0
0.0,4.0,10.0,1.0,0.41999999999999998,0.42420000000000002,0.44,0.44780000000000003,1.0,0.0,7.0,0.0,211.0
0.0,4.0,11.0,1.0,0.45999999999999996,0.45450000000000002,0.40999999999999998,0.41790000000000005,1.0,0.0,7.0,0.0,304.0
0.0,4.0,12.0,1.0,0.45999999999999996,0.45450000000000002,0.38,0.3881,1.0,0.0,7.0,0.0,354.0
0.0,4.0,13.0,1.0,0.5,0.48479999999999995,0.34000000000000002,0.3881,1.0,0.0,7.0,0.0,343.0
0.0,4.0,14.0,1.0,0.52000000000000002,0.5,0.34000000000000002,0.3881,1.0,0.0,7.0,0.0,361.0
0.0,4.0,15.0,1.0,0.54000000000000004,0.51519999999999999,0.32000000000000001,0.52239999999999998,1.0,0.0,7.0,0.0,388.0
0.0,4.0,16.0,1.0,0.54000000000000004,0.51519999999999999,0.29999999999999999,0.35820000000000002,1.0,0.0,7.0,0.0,343.0
0.0,4.0,17.0,1.0,0.56000000000000005,0.53029999999999999,0.29999999999999999,0.44780000000000003,1.0,0.0,7.0,0.0,306.0
0.0,4.0,18.0,1.0,0.56000000000000005,0.53029999999999999,0.29999999999999999,0.3881,1.0,0.0,7.0,0.0,277.0
0.0,4.0,19.0,1.0,0.56000000000000005,0.53029999999999999,0.29999999999999999,0.29850000000000004,1.0,0.0,7.0,0.0,210.0
0.0,4.0,20.0,1.0,0.52000000000000002,0.5,0.35999999999999999,0.19399999999999998,1.0,0.0,7.0,0.0,141.0
0.0,4.0,21.0,1.0,0.5,0.48479999999999995,0.41999999999999998,0.19399999999999998,1.0,0.0,7.0,0.0,83.0
0.0,4.0,22.0,1.0,0.5,0.48479999999999995,0.39000000000000001,0.1045,1.0,0.0,7.0,0.0,70.0
0.0,4.0,23.0,1.0,0.44,0.43939999999999996,0.67000000000000004,0.16420000000000001,1.0,0.0,7.0,0.0,56.0
0.0,4.0,0.0,1.0,0.45999999999999996,0.45450000000000002,0.46999999999999997,0.089599999999999999,1.0,0.0,1.0,1.0,39.0
0.0,4.0,1.0,1.0,0.45999999999999996,0.45450000000000002,0.46999999999999997,0.1343,1.0,0.0,1.0,1.0,19.0
0.0,4.0,2.0,1.0,0.41999999999999998,0.42420000000000002,0.67000000000000004,0.1045,1.0,0.0,1.0,1.0,16.0
0.0,4.0,3.0,1.0,0.41999999999999998,0.42420000000000002,0.62,0.1045,1.0,0.0,1.0,1.0,7.0
0.0,4.0,4.0,1.0,0.39999999999999997,0.40909999999999996,0.87,0.16420000000000001,1.0,0.0,1.0,1.0,6.0
0.0,4.0,5.0,1.0,0.39999999999999997,0.40909999999999996,0.76000000000000001,0.089599999999999999,1.0,0.0,1.0,1.0,16.0
0.0,4.0,6.0,1.0,0.39999999999999997,0.40909999999999996,0.81999999999999995,0.0,1.0,0.0,1.0,1.0,54.0
0.0,4.0,7.0,1.0,0.45999999999999996,0.45450000000000002,0.63,0.0,1.0,0.0,1.0,1.0,168.0
0.0,4.0,8.0,1.0,0.45999999999999996,0.45450000000000002,0.63,0.0,1.0,0.0,1.0,1.0,297.0
0.0,4.0,9.0,2.0,0.5,0.48479999999999995,0.55000000000000004,0.1045,1.0,0.0,1.0,1.0,169.0
0.0,4.0,10.0,2.0,0.52000000000000002,0.5,0.55000000000000004,0.1045,1.0,0.0,1.0,1.0,109.0
0.0,4.0,11.0,2.0,0.54000000000000004,0.51519999999999999,0.52000000000000002,0.089599999999999999,1.0,0.0,1.0,1.0,123.0
0.0,4.0,12.0,2.0,0.56000000000000005,0.53029999999999999,0.48999999999999999,0.089599999999999999,1.0,0.0,1.0,1.0,184.0
0.0,4.0,13.0,2.0,0.56000000000000005,0.53029999999999999,0.48999999999999999,0.16420000000000001,1.0,0.0,1.0,1.0,169.0
0.0,4.0,14.0,2.0,0.58000000000000007,0.54549999999999998,0.48999999999999999,0.19399999999999998,1.0,0.0,1.0,1.0,144.0
0.0,4.0,15.0,2.0,0.60000000000000009,0.62119999999999997,0.42999999999999999,0.19399999999999998,1.0,0.0,1.0,1.0,176.0
0.0,4.0,16.0,1.0,0.60000000000000009,0.62119999999999997,0.46000000000000002,0.28360000000000002,1.0,0.0,1.0,1.0,205.0
0.0,4.0,17.0,1.0,0.58000000000000007,0.54549999999999998,0.48999999999999999,0.28360000000000002,1.0,0.0,1.0,1.0,428.0
0.0,4.0,18.0,1.0,0.64000000000000001,0.62119999999999997,0.31,0.35820000000000002,1.0,0.0,1.0,1.0,362.0
0.0,4.0,19.0,1.0,0.56000000000000005,0.53029999999999999,0.46000000000000002,0.25370000000000004,1.0,0.0,1.0,1.0,286.0
0.0,4.0,20.0,1.0,0.60000000000000009,0.62119999999999997,0.33000000000000002,0.29850000000000004,1.0,0.0,1.0,1.0,165.0
0.0,4.0,21.0,1.0,0.56000000000000005,0.53029999999999999,0.37,0.28360000000000002,1.0,0.0,1.0,1.0,151.0
0.0,4.0,22.0,1.0,0.52000000000000002,0.5,0.55000000000000004,0.28360000000000002,1.0,0.0,1.0,1.0,90.0
0.0,4.0,23.0,1.0,0.5,0.48479999999999995,0.58999999999999997,0.25370000000000004,1.0,0.0,1.0,1.0,46.0
0.0,4.0,0.0,1.0,0.5,0.48479999999999995,0.55000000000000004,0.22390000000000002,1.0,0.0,2.0,1.0,25.0
0.0,4.0,1.0,1.0,0.45999999999999996,0.45450000000000002,0.63,0.22390000000000002,1.0,0.0,2.0,1.0,7.0
0.0,4.0,2.0,1.0,0.45999999999999996,0.45450000000000002,0.67000000000000004,0.28360000000000002,1.0,0.0,2.0,1.0,13.0
0.0,4.0,3.0,1.0,0.47999999999999998,0.46970000000000001,0.63,0.22390000000000002,1.0,0.0,2.0,1.0,3.0
0.0,4.0,4.0,1.0,0.45999999999999996,0.45450000000000002,0.67000000000000004,0.089599999999999999,1.0,0.0,2.0,1.0,5.0
0.0,4.0,5.0,2.0,0.45999999999999996,0.45450000000000002,0.71999999999999997,0.19399999999999998,1.0,0.0,2.0,1.0,18.0
0.0,4.0,6.0,2.0,0.47999999999999998,0.46970000000000001,0.67000000000000004,0.0,1.0,0.0,2.0,1.0,65.0
0.0,4.0,7.0,2.0,0.52000000000000002,0.5,0.55000000000000004,0.0,1.0,0.0,2.0,1.0,188.0
0.0,4.0,8.0,2.0,0.5,0.48479999999999995,0.68000000000000005,0.1343,1.0,0.0,2.0,1.0,351.0
0.0,4.0,9.0,3.0,0.52000000000000002,0.5,0.63,0.089599999999999999,1.0,0.0,2.0,1.0,162.0
0.0,4.0,10.0,2.0,0.5,0.48479999999999995,0.71999999999999997,0.22390000000000002,1.0,0.0,2.0,1.0,75.0
0.0,4.0,11.0,2.0,0.54000000000000004,0.51519999999999999,0.68000000000000005,0.16420000000000001,1.0,0.0,2.0,1.0,72.0
0.0,4.0,12.0,2.0,0.54000000000000004,0.51519999999999999,0.64000000000000001,0.089599999999999999,1.0,0.0,2.0,1.0,103.0
0.0,4.0,13.0,2.0,0.54000000000000004,0.51519999999999999,0.68000000000000005,0.22390000000000002,1.0,0.0,2.0,1.0,129.0
0.0,4.0,14.0,2.0,0.54000000000000004,0.51519999999999999,0.64000000000000001,0.19399999999999998,1.0,0.0,2.0,1.0,107.0
0.0,4.0,15.0,2.0,0.54000000000000004,0.51519999999999999,0.65000000000000002,0.16420000000000001,1.0,0.0,2.0,1.0,127.0
0.0,4.0,16.0,1.0,0.56000000000000005,0.53029999999999999,0.52000000000000002,0.29850000000000004,1.0,0.0,2.0,1.0,192.0
0.0,4.0,17.0,1.0,0.56000000000000005,0.53029999999999999,0.59999999999999998,0.1045,1.0,0.0,2.0,1.0,411.0
0.0,4.0,18.0,2.0,0.54000000000000004,0.51519999999999999,0.64000000000000001,0.1343,1.0,0.0,2.0,1.0,421.0
0.0,4.0,19.0,2.0,0.5,0.48479999999999995,0.71999999999999997,0.19399999999999998,1.0,0.0,2.0,1.0,276.0
0.0,4.0,20.0,2.0,0.5,0.48479999999999995,0.71999999999999997,0.22390000000000002,1.0,0.0,2.0,1.0,168.0
0.0,4.0,21.0,2.0,0.5,0.48479999999999995,0.71999999999999997,0.1343,1.0,0.0,2.0,1.0,122.0
0.0,4.0,22.0,1.0,0.47999999999999998,0.46970000000000001,0.77000000000000002,0.089599999999999999,1.0,0.0,2.0,1.0,112.0
0.0,4.0,23.0,1.0,0.45999999999999996,0.45450000000000002,0.88,0.089599999999999999,1.0,0.0,2.0,1.0,52.0
0.0,4.0,0.0,1.0,0.44,0.43939999999999996,0.88,0.1343,1.0,0.0,3.0,1.0,33.0
0.0,4.0,1.0,1.0,0.41999999999999998,0.42420000000000002,0.93999999999999995,0.16420000000000001,1.0,0.0,3.0,1.0,7.0
0.0,4.0,2.0,1.0,0.41999999999999998,0.42420000000000002,0.93999999999999995,0.16420000000000001,1.0,0.0,3.0,1.0,2.0
0.0,4.0,3.0,1.0,0.41999999999999998,0.42420000000000002,0.93999999999999995,0.0,1.0,0.0,3.0,1.0,2.0
0.0,4.0,4.0,1.0,0.39999999999999997,0.40909999999999996,1.0,0.1045,1.0,0.0,3.0,1.0,9.0
0.0,4.0,5.0,1.0,0.39999999999999997,0.40909999999999996,0.93999999999999995,0.19399999999999998,1.0,0.0,3.0,1.0,15.0
0.0,4.0,6.0,1.0,0.41999999999999998,0.42420000000000002,0.93999999999999995,0.16420000000000001,1.0,0.0,3.0,1.0,64.0
0.0,4.0,7.0,1.0,0.44,0.43939999999999996,0.93999999999999995,0.0,1.0,0.0,3.0,1.0,237.0
0.0,4.0,8.0,1.0,0.62,0.60609999999999997,0.68999999999999995,0.4627,1.0,0.0,3.0,1.0,396.0
0.0,4.0,9.0,1.0,0.65999999999999992,0.62119999999999997,0.60999999999999999,0.28360000000000002,1.0,0.0,3.0,1.0,197.0
0.0,4.0,10.0,1.0,0.62,0.60609999999999997,0.68999999999999995,0.089599999999999999,1.0,0.0,3.0,1.0,131.0
0.0,4.0,11.0,1.0,0.62,0.60609999999999997,0.68999999999999995,0.089599999999999999,1.0,0.0,3.0,1.0,118.0
0.0,4.0,12.0,1.0,0.69999999999999996,0.65150000000000008,0.47999999999999998,0.3881,1.0,0.0,3.0,1.0,145.0
0.0,4.0,13.0,1.0,0.69999999999999996,0.65150000000000008,0.47999999999999998,0.3881,1.0,0.0,3.0,1.0,177.0
0.0,4.0,14.0,1.0,0.73999999999999999,0.65150000000000008,0.40000000000000002,0.4627,1.0,0.0,3.0,1.0,148.0
0.0,4.0,15.0,2.0,0.76000000000000001,0.66670000000000007,0.34999999999999998,0.35820000000000002,1.0,0.0,3.0,1.0,145.0
0.0,4.0,16.0,2.0,0.76000000000000001,0.66670000000000007,0.34999999999999998,0.35820000000000002,1.0,0.0,3.0,1.0,255.0
0.0,4.0,17.0,2.0,0.73999999999999999,0.65150000000000008,0.37,0.41790000000000005,1.0,0.0,3.0,1.0,432.0
0.0,4.0,18.0,1.0,0.73999999999999999,0.65150000000000008,0.29999999999999999,0.35820000000000002,1.0,0.0,3.0,1.0,441.0
0.0,4.0,19.0,1.0,0.69999999999999996,0.63639999999999997,0.32000000000000001,0.25370000000000004,1.0,0.0,3.0,1.0,383.0
0.0,4.0,20.0,1.0,0.67999999999999994,0.62119999999999997,0.32000000000000001,0.1045,1.0,0.0,3.0,1.0,225.0
0.0,4.0,21.0,1.0,0.65999999999999992,0.62119999999999997,0.35999999999999999,0.28360000000000002,1.0,0.0,3.0,1.0,172.0
0.0,4.0,22.0,1.0,0.62,0.62119999999999997,0.40999999999999998,0.25370000000000004,1.0,0.0,3.0,1.0,117.0
0.0,4.0,23.0,1.0,0.60000000000000009,0.62119999999999997,0.40000000000000002,0.32840000000000003,1.0,0.0,3.0,1.0,93.0
0.0,4.0,0.0,1.0,0.56000000000000005,0.53029999999999999,0.42999999999999999,0.35820000000000002,1.0,0.0,4.0,1.0,44.0
0.0,4.0,1.0,1.0,0.52000000000000002,0.5,0.45000000000000001,0.22390000000000002,1.0,0.0,4.0,1.0,26.0
0.0,4.0,2.0,1.0,0.5,0.48479999999999995,0.41999999999999998,0.3881,1.0,0.0,4.0,1.0,13.0
0.0,4.0,3.0,2.0,0.45999999999999996,0.45450000000000002,0.51000000000000001,0.4627,1.0,0.0,4.0,1.0,7.0
0.0,4.0,4.0,2.0,0.44,0.43939999999999996,0.54000000000000004,0.44780000000000003,1.0,0.0,4.0,1.0,6.0
0.0,4.0,5.0,2.0,0.41999999999999998,0.42420000000000002,0.54000000000000004,0.55220000000000002,1.0,0.0,4.0,1.0,14.0
0.0,4.0,6.0,2.0,0.39999999999999997,0.40909999999999996,0.57999999999999996,0.58210000000000006,1.0,0.0,4.0,1.0,75.0
0.0,4.0,7.0,2.0,0.41999999999999998,0.42420000000000002,0.46999999999999997,0.4627,1.0,0.0,4.0,1.0,198.0
0.0,4.0,8.0,2.0,0.39999999999999997,0.40909999999999996,0.5,0.49250000000000005,1.0,0.0,4.0,1.0,365.0
0.0,4.0,9.0,2.0,0.41999999999999998,0.42420000000000002,0.46999999999999997,0.28360000000000002,1.0,0.0,4.0,1.0,196.0
0.0,4.0,10.0,1.0,0.41999999999999998,0.42420000000000002,0.44,0.35820000000000002,1.0,0.0,4.0,1.0,98.0
0.0,4.0,11.0,1.0,0.44,0.43939999999999996,0.40999999999999998,0.28360000000000002,1.0,0.0,4.0,1.0,133.0
0.0,4.0,12.0,1.0,0.45999999999999996,0.45450000000000002,0.38,0.16420000000000001,1.0,0.0,4.0,1.0,199.0
0.0,4.0,13.0,1.0,0.47999999999999998,0.46970000000000001,0.33000000000000002,0.32840000000000003,1.0,0.0,4.0,1.0,177.0
0.0,4.0,14.0,1.0,0.5,0.48479999999999995,0.34000000000000002,0.3881,1.0,0.0,4.0,1.0,228.0
0.0,4.0,15.0,1.0,0.52000000000000002,0.5,0.28999999999999998,0.41790000000000005,1.0,0.0,4.0,1.0,235.0
0.0,4.0,16.0,1.0,0.52000000000000002,0.5,0.27000000000000002,0.35820000000000002,1.0,0.0,4.0,1.0,294.0
0.0,4.0,17.0,1.0,0.5,0.48479999999999995,0.28999999999999998,0.16420000000000001,1.0,0.0,4.0,1.0,481.0
0.0,4.0,18.0,1.0,0.5,0.48479999999999995,0.25,0.28360000000000002,1.0,0.0,4.0,1.0,452.0
0.0,4.0,19.0,1.0,0.45999999999999996,0.45450000000000002,0.28000000000000003,0.28360000000000002,1.0,0.0,4.0,1.0,324.0
0.0,4.0,20.0,1.0,0.44,0.43939999999999996,0.29999999999999999,0.1343,1.0,0.0,4.0,1.0,204.0
0.0,4.0,21.0,1.0,0.41999999999999998,0.42420000000000002,0.46999999999999997,0.19399999999999998,1.0,0.0,4.0,1.0,184.0
0.0,4.0,22.0,1.0,0.41999999999999998,0.42420000000000002,0.38,0.089599999999999999,1.0,0.0,4.0,1.0,137.0
0.0,4.0,23.0,1.0,0.39999999999999997,0.40909999999999996,0.42999999999999999,0.1045,1.0,0.0,4.0,1.0,99.0
0.0,4.0,0.0,1.0,0.35999999999999999,0.34850000000000003,0.62,0.19399999999999998,1.0,0.0,5.0,1.0,33.0
0.0,4.0,1.0,1.0,0.35999999999999999,0.33329999999999999,0.53000000000000003,0.25370000000000004,1.0,0.0,5.0,1.0,24.0
0.0,4.0,2.0,1.0,0.35999999999999999,0.33329999999999999,0.53000000000000003,0.29850000000000004,1.0,0.0,5.0,1.0,9.0
0.0,4.0,3.0,1.0,0.35999999999999999,0.33329999999999999,0.53000000000000003,0.29850000000000004,1.0,0.0,5.0,1.0,2.0
0.0,4.0,4.0,1.0,0.33999999999999997,0.31819999999999998,0.53000000000000003,0.28360000000000002,1.0,0.0,5.0,1.0,3.0
0.0,4.0,5.0,1.0,0.33999999999999997,0.31819999999999998,0.53000000000000003,0.22390000000000002,1.0,0.0,5.0,1.0,16.0
0.0,4.0,6.0,1.0,0.33999999999999997,0.31819999999999998,0.53000000000000003,0.28360000000000002,1.0,0.0,5.0,1.0,49.0
0.0,4.0,7.0,2.0,0.33999999999999997,0.31819999999999998,0.53000000000000003,0.28360000000000002,1.0,0.0,5.0,1.0,180.0
0.0,4.0,8.0,2.0,0.33999999999999997,0.31819999999999998,0.53000000000000003,0.25370000000000004,1.0,0.0,5.0,1.0,346.0
0.0,4.0,9.0,3.0,0.33999999999999997,0.30299999999999999,0.60999999999999999,0.29850000000000004,1.0,0.0,5.0,1.0,195.0
0.0,4.0,10.0,2.0,0.35999999999999999,0.34850000000000003,0.62,0.19399999999999998,1.0,0.0,5.0,1.0,136.0
0.0,4.0,11.0,3.0,0.33999999999999997,0.33329999999999999,0.66000000000000003,0.19399999999999998,1.0,0.0,5.0,1.0,106.0
0.0,4.0,12.0,3.0,0.33999999999999997,0.33329999999999999,0.76000000000000001,0.1343,1.0,0.0,5.0,1.0,80.0
0.0,4.0,13.0,3.0,0.33999999999999997,0.33329999999999999,0.87,0.19399999999999998,1.0,0.0,5.0,1.0,40.0
0.0,4.0,14.0,3.0,0.33999999999999997,0.31819999999999998,0.87,0.25370000000000004,1.0,0.0,5.0,1.0,36.0
0.0,4.0,15.0,3.0,0.33999999999999997,0.33329999999999999,0.87,0.19399999999999998,1.0,0.0,5.0,1.0,75.0
0.0,4.0,16.0,3.0,0.33999999999999997,0.33329999999999999,0.87,0.1343,1.0,0.0,5.0,1.0,62.0
0.0,4.0,17.0,3.0,0.32000000000000001,0.30299999999999999,0.93000000000000005,0.22390000000000002,1.0,0.0,5.0,1.0,69.0
0.0,4.0,18.0,3.0,0.32000000000000001,0.30299999999999999,0.93000000000000005,0.22390000000000002,1.0,0.0,5.0,1.0,51.0
0.0,4.0,19.0,3.0,0.32000000000000001,0.30299999999999999,0.93000000000000005,0.22390000000000002,1.0,0.0,5.0,1.0,55.0
0.0,4.0,20.0,3.0,0.32000000000000001,0.30299999999999999,0.87,0.22390000000000002,1.0,0.0,5.0,1.0,47.0
0.0,4.0,21.0,3.0,0.30000000000000004,0.30299999999999999,0.93000000000000005,0.16420000000000001,1.0,0.0,5.0,1.0,28.0
0.0,4.0,22.0,3.0,0.30000000000000004,0.30299999999999999,1.0,0.1343,1.0,0.0,5.0,1.0,24.0
0.0,4.0,23.0,3.0,0.32000000000000001,0.33329999999999999,0.93000000000000005,0.1045,1.0,0.0,5.0,1.0,17.0
0.0,4.0,0.0,2.0,0.32000000000000001,0.31819999999999998,1.0,0.19399999999999998,1.0,0.0,6.0,0.0,18.0
0.0,4.0,1.0,2.0,0.32000000000000001,0.31819999999999998,1.0,0.19399999999999998,1.0,0.0,6.0,0.0,16.0
0.0,4.0,2.0,3.0,0.32000000000000001,0.33329999999999999,1.0,0.1343,1.0,0.0,6.0,0.0,17.0
0.0,4.0,3.0,3.0,0.32000000000000001,0.33329999999999999,1.0,0.089599999999999999,1.0,0.0,6.0,0.0,4.0
0.0,4.0,4.0,3.0,0.33999999999999997,0.36359999999999998,1.0,0.0,1.0,0.0,6.0,0.0,5.0
0.0,4.0,5.0,3.0,0.33999999999999997,0.36359999999999998,1.0,0.0,1.0,0.0,6.0,0.0,7.0
0.0,4.0,6.0,2.0,0.33999999999999997,0.33329999999999999,1.0,0.16420000000000001,1.0,0.0,6.0,0.0,11.0
0.0,4.0,7.0,3.0,0.33999999999999997,0.33329999999999999,1.0,0.16420000000000001,1.0,0.0,6.0,0.0,19.0
0.0,4.0,8.0,2.0,0.35999999999999999,0.33329999999999999,1.0,0.25370000000000004,1.0,0.0,6.0,0.0,47.0
0.0,4.0,9.0,2.0,0.38,0.39390000000000003,0.93999999999999995,0.29850000000000004,1.0,0.0,6.0,0.0,68.0
0.0,4.0,10.0,2.0,0.41999999999999998,0.42420000000000002,0.88,0.22390000000000002,1.0,0.0,6.0,0.0,129.0
0.0,4.0,11.0,2.0,0.45999999999999996,0.45450000000000002,0.88,0.22390000000000002,1.0,0.0,6.0,0.0,232.0
0.0,4.0,12.0,1.0,0.52000000000000002,0.5,0.82999999999999996,0.41790000000000005,1.0,0.0,6.0,0.0,291.0
0.0,4.0,13.0,1.0,0.52000000000000002,0.5,0.82999999999999996,0.3881,1.0,0.0,6.0,0.0,312.0
0.0,4.0,14.0,1.0,0.58000000000000007,0.54549999999999998,0.78000000000000003,0.35820000000000002,1.0,0.0,6.0,0.0,391.0
0.0,4.0,15.0,1.0,0.60000000000000009,0.59089999999999998,0.72999999999999998,0.3881,1.0,0.0,6.0,0.0,397.0
0.0,4.0,16.0,1.0,0.60000000000000009,0.59089999999999998,0.72999999999999998,0.28360000000000002,1.0,0.0,6.0,0.0,426.0
0.0,4.0,17.0,1.0,0.60000000000000009,0.59089999999999998,0.72999999999999998,0.32840000000000003,1.0,0.0,6.0,0.0,383.0
0.0,4.0,18.0,1.0,0.58000000000000007,0.54549999999999998,0.78000000000000003,0.19399999999999998,1.0,0.0,6.0,0.0,376.0
0.0,4.0,19.0,1.0,0.56000000000000005,0.53029999999999999,0.82999999999999996,0.28360000000000002,1.0,0.0,6.0,0.0,283.0
0.0,4.0,20.0,2.0,0.54000000000000004,0.51519999999999999,0.88,0.25370000000000004,1.0,0.0,6.0,0.0,183.0
0.0,4.0,21.0,2.0,0.56000000000000005,0.53029999999999999,0.82999999999999996,0.28360000000000002,1.0,0.0,6.0,0.0,135.0
0.0,4.0,22.0,2.0,0.58000000000000007,0.54549999999999998,0.78000000000000003,0.25370000000000004,1.0,0.0,6.0,0.0,169.0
0.0,4.0,23.0,2.0,0.54000000000000004,0.51519999999999999,0.88,0.16420000000000001,1.0,0.0,6.0,0.0,117.0
0.0,4.0,0.0,1.0,0.52000000000000002,0.5,0.82999999999999996,0.22390000000000002,1.0,0.0,7.0,0.0,96.0
0.0,4.0,1.0,1.0,0.5,0.48479999999999995,0.88,0.19399999999999998,1.0,0.0,7.0,0.0,54.0
0.0,4.0,2.0,1.0,0.5,0.48479999999999995,0.88,0.19399999999999998,1.0,0.0,7.0,0.0,72.0
0.0,4.0,3.0,1.0,0.5,0.48479999999999995,0.93999999999999995,0.089599999999999999,1.0,0.0,7.0,0.0,24.0
0.0,4.0,4.0,1.0,0.5,0.48479999999999995,0.93999999999999995,0.089599999999999999,1.0,0.0,7.0,0.0,5.0
0.0,4.0,5.0,1.0,0.5,0.48479999999999995,0.93999999999999995,0.089599999999999999,1.0,0.0,7.0,0.0,12.0
0.0,4.0,6.0,2.0,0.5,0.48479999999999995,1.0,0.0,1.0,0.0,7.0,0.0,13.0
0.0,4.0,7.0,2.0,0.5,0.48479999999999995,1.0,0.0,1.0,0.0,7.0,0.0,27.0
0.0,4.0,8.0,1.0,0.52000000000000002,0.5,0.93999999999999995,0.22390000000000002,1.0,0.0,7.0,0.0,80.0
0.0,4.0,9.0,1.0,0.56000000000000005,0.53029999999999999,0.88,0.25370000000000004,1.0,0.0,7.0,0.0,177.0
0.0,4.0,10.0,1.0,0.60000000000000009,0.57579999999999998,0.78000000000000003,0.16420000000000001,1.0,0.0,7.0,0.0,289.0
0.0,4.0,11.0,1.0,0.65999999999999992,0.62119999999999997,0.65000000000000002,0.1343,1.0,0.0,7.0,0.0,317.0
0.0,4.0,12.0,1.0,0.67999999999999994,0.63639999999999997,0.65000000000000002,0.25370000000000004,1.0,0.0,7.0,0.0,388.0
0.0,4.0,13.0,1.0,0.69999999999999996,0.65150000000000008,0.57999999999999996,0.28360000000000002,1.0,0.0,7.0,0.0,441.0
0.0,4.0,14.0,1.0,0.69999999999999996,0.65150000000000008,0.54000000000000004,0.32840000000000003,1.0,0.0,7.0,0.0,420.0
0.0,4.0,15.0,1.0,0.65999999999999992,0.62119999999999997,0.60999999999999999,0.25370000000000004,1.0,0.0,7.0,0.0,369.0
0.0,4.0,16.0,1.0,0.73999999999999999,0.66670000000000007,0.47999999999999998,0.3881,1.0,0.0,7.0,0.0,359.0
0.0,4.0,17.0,1.0,0.65999999999999992,0.62119999999999997,0.65000000000000002,0.29850000000000004,1.0,0.0,7.0,0.0,331.0
0.0,4.0,18.0,1.0,0.64000000000000001,0.60609999999999997,0.68999999999999995,0.16420000000000001,1.0,0.0,7.0,0.0,270.0
0.0,4.0,19.0,3.0,0.60000000000000009,0.56059999999999999,0.82999999999999996,0.28360000000000002,1.0,0.0,7.0,0.0,194.0
0.0,4.0,20.0,3.0,0.60000000000000009,0.56059999999999999,0.82999999999999996,0.28360000000000002,1.0,0.0,7.0,0.0,105.0
0.0,4.0,21.0,3.0,0.54000000000000004,0.51519999999999999,0.93999999999999995,0.16420000000000001,1.0,0.0,7.0,0.0,61.0
0.0,4.0,22.0,3.0,0.54000000000000004,0.51519999999999999,1.0,0.16420000000000001,1.0,0.0,7.0,0.0,45.0
0.0,4.0,23.0,3.0,0.54000000000000004,0.51519999999999999,1.0,0.089599999999999999,1.0,0.0,7.0,0.0,42.0
0.0,4.0,0.0,3.0,0.52000000000000002,0.5,1.0,0.0,1.0,0.0,1.0,1.0,12.0
0.0,4.0,1.0,1.0,0.54000000000000004,0.51519999999999999,1.0,0.089599999999999999,1.0,0.0,1.0,1.0,10.0
0.0,4.0,2.0,1.0,0.54000000000000004,0.51519999999999999,1.0,0.089599999999999999,1.0,0.0,1.0,1.0,10.0
0.0,4.0,3.0,2.0,0.5,0.48479999999999995,1.0,0.1045,1.0,0.0,1.0,1.0,10.0
0.0,4.0,4.0,2.0,0.52000000000000002,0.5,1.0,0.0,1.0,0.0,1.0,1.0,5.0
0.0,4.0,5.0,2.0,0.45999999999999996,0.45450000000000002,1.0,0.0,1.0,0.0,1.0,1.0,17.0
0.0,4.0,6.0,2.0,0.5,0.48479999999999995,1.0,0.0,1.0,0.0,1.0,1.0,66.0
0.0,4.0,7.0,2.0,0.52000000000000002,0.5,1.0,0.089599999999999999,1.0,0.0,1.0,1.0,196.0
0.0,4.0,8.0,1.0,0.56000000000000005,0.53029999999999999,0.88,0.1045,1.0,0.0,1.0,1.0,353.0
0.0,4.0,9.0,1.0,0.60000000000000009,0.56059999999999999,0.82999999999999996,0.1343,1.0,0.0,1.0,1.0,174.0
0.0,4.0,10.0,1.0,0.64000000000000001,0.60609999999999997,0.72999999999999998,0.22390000000000002,1.0,0.0,1.0,1.0,125.0
0.0,4.0,11.0,1.0,0.64000000000000001,0.60609999999999997,0.72999999999999998,0.22390000000000002,1.0,0.0,1.0,1.0,147.0
0.0,4.0,12.0,1.0,0.65999999999999992,0.62119999999999997,0.73999999999999999,0.25370000000000004,1.0,0.0,1.0,1.0,188.0
0.0,4.0,13.0,1.0,0.69999999999999996,0.65150000000000008,0.65000000000000002,0.22390000000000002,1.0,0.0,1.0,1.0,203.0
0.0,4.0,14.0,1.0,0.71999999999999997,0.66670000000000007,0.54000000000000004,0.22390000000000002,1.0,0.0,1.0,1.0,146.0
0.0,4.0,15.0,1.0,0.73999999999999999,0.66670000000000007,0.51000000000000001,0.22390000000000002,1.0,0.0,1.0,1.0,175.0
0.0,4.0,16.0,1.0,0.69999999999999996,0.65150000000000008,0.54000000000000004,0.35820000000000002,1.0,0.0,1.0,1.0,239.0
0.0,4.0,17.0,1.0,0.69999999999999996,0.65150000000000008,0.54000000000000004,0.29850000000000004,1.0,0.0,1.0,1.0,521.0
0.0,4.0,18.0,1.0,0.67999999999999994,0.63639999999999997,0.56999999999999995,0.35820000000000002,1.0,0.0,1.0,1.0,499.0
0.0,4.0,19.0,1.0,0.65999999999999992,0.62119999999999997,0.56999999999999995,0.32840000000000003,1.0,0.0,1.0,1.0,382.0
0.0,4.0,20.0,1.0,0.65999999999999992,0.62119999999999997,0.60999999999999999,0.28360000000000002,1.0,0.0,1.0,1.0,237.0
0.0,4.0,21.0,1.0,0.62,0.60609999999999997,0.68999999999999995,0.25370000000000004,1.0,0.0,1.0,1.0,190.0
0.0,4.0,22.0,1.0,0.60000000000000009,0.59089999999999998,0.72999999999999998,0.29850000000000004,1.0,0.0,1.0,1.0,106.0
0.0,4.0,23.0,1.0,0.58000000000000007,0.54549999999999998,0.78000000000000003,0.28360000000000002,1.0,0.0,1.0,1.0,62.0
0.0,4.0,0.0,1.0,0.62,0.60609999999999997,0.68999999999999995,0.28360000000000002,1.0,0.0,2.0,1.0,27.0
0.0,4.0,1.0,1.0,0.62,0.59089999999999998,0.72999999999999998,0.28360000000000002,1.0,0.0,2.0,1.0,21.0
0.0,4.0,2.0,1.0,0.56000000000000005,0.53029999999999999,0.82999999999999996,0.32840000000000003,1.0,0.0,2.0,1.0,26.0
0.0,4.0,3.0,1.0,0.54000000000000004,0.51519999999999999,0.88,0.28360000000000002,1.0,0.0,2.0,1.0,21.0
0.0,4.0,4.0,1.0,0.56000000000000005,0.53029999999999999,0.82999999999999996,0.25370000000000004,1.0,0.0,2.0,1.0,6.0
0.0,4.0,5.0,1.0,0.54000000000000004,0.51519999999999999,0.88,0.25370000000000004,1.0,0.0,2.0,1.0,16.0
0.0,4.0,6.0,1.0,0.56000000000000005,0.53029999999999999,0.88,0.22390000000000002,1.0,0.0,2.0,1.0,80.0
0.0,4.0,7.0,1.0,0.58000000000000007,0.54549999999999998,0.82999999999999996,0.29850000000000004,1.0,0.0,2.0,1.0,270.0
0.0,4.0,8.0,1.0,0.58000000000000007,0.54549999999999998,0.82999999999999996,0.29850000000000004,1.0,0.0,2.0,1.0,449.0
0.0,4.0,9.0,1.0,0.64000000000000001,0.60609999999999997,0.72999999999999998,0.35820000000000002,1.0,0.0,2.0,1.0,199.0
0.0,4.0,10.0,1.0,0.65999999999999992,0.62119999999999997,0.68999999999999995,0.35820000000000002,1.0,0.0,2.0,1.0,120.0
0.0,4.0,11.0,1.0,0.67999999999999994,0.63639999999999997,0.65000000000000002,0.3881,1.0,0.0,2.0,1.0,172.0
0.0,4.0,12.0,1.0,0.69999999999999996,0.65150000000000008,0.60999999999999999,0.41790000000000005,1.0,0.0,2.0,1.0,186.0
0.0,4.0,13.0,1.0,0.73999999999999999,0.66670000000000007,0.51000000000000001,0.44780000000000003,1.0,0.0,2.0,1.0,176.0
0.0,4.0,14.0,1.0,0.71999999999999997,0.66670000000000007,0.57999999999999996,0.32840000000000003,1.0,0.0,2.0,1.0,155.0
0.0,4.0,15.0,1.0,0.69999999999999996,0.65150000000000008,0.60999999999999999,0.35820000000000002,1.0,0.0,2.0,1.0,153.0
0.0,4.0,16.0,1.0,0.69999999999999996,0.65150000000000008,0.57999999999999996,0.3881,1.0,0.0,2.0,1.0,291.0
0.0,4.0,17.0,1.0,0.67999999999999994,0.63639999999999997,0.60999999999999999,0.35820000000000002,1.0,0.0,2.0,1.0,521.0
0.0,4.0,18.0,1.0,0.67999999999999994,0.63639999999999997,0.65000000000000002,0.44780000000000003,1.0,0.0,2.0,1.0,528.0
0.0,4.0,19.0,1.0,0.64000000000000001,0.60609999999999997,0.72999999999999998,0.41790000000000005,1.0,0.0,2.0,1.0,328.0
0.0,4.0,20.0,1.0,0.64000000000000001,0.60609999999999997,0.72999999999999998,0.35820000000000002,1.0,0.0,2.0,1.0,234.0
0.0,4.0,21.0,1.0,0.62,0.59089999999999998,0.78000000000000003,0.28360000000000002,1.0,0.0,2.0,1.0,195.0
0.0,4.0,22.0,2.0,0.60000000000000009,0.56059999999999999,0.82999999999999996,0.19399999999999998,1.0,0.0,2.0,1.0,148.0
0.0,4.0,23.0,2.0,0.60000000000000009,0.56059999999999999,0.82999999999999996,0.22390000000000002,1.0,0.0,2.0,1.0,78.0
0.0,4.0,0.0,1.0,0.60000000000000009,0.56059999999999999,0.82999999999999996,0.22390000000000002,1.0,0.0,3.0,1.0,27.0
0.0,4.0,1.0,1.0,0.60000000000000009,0.56059999999999999,0.82999999999999996,0.25370000000000004,1.0,0.0,3.0,1.0,17.0
0.0,4.0,2.0,1.0,0.58000000000000007,0.54549999999999998,0.88,0.25370000000000004,1.0,0.0,3.0,1.0,5.0
0.0,4.0,3.0,2.0,0.58000000000000007,0.54549999999999998,0.88,0.28360000000000002,1.0,0.0,3.0,1.0,7.0
0.0,4.0,4.0,1.0,0.56000000000000005,0.53029999999999999,0.93999999999999995,0.22390000000000002,1.0,0.0,3.0,1.0,6.0
0.0,4.0,5.0,2.0,0.56000000000000005,0.53029999999999999,0.93999999999999995,0.25370000000000004,1.0,0.0,3.0,1.0,17.0
0.0,4.0,6.0,1.0,0.56000000000000005,0.53029999999999999,0.93999999999999995,0.25370000000000004,1.0,0.0,3.0,1.0,84.0
0.0,4.0,7.0,2.0,0.58000000000000007,0.54549999999999998,0.88,0.28360000000000002,1.0,0.0,3.0,1.0,246.0
0.0,4.0,8.0,2.0,0.58000000000000007,0.54549999999999998,0.88,0.32840000000000003,1.0,0.0,3.0,1.0,444.0
0.0,4.0,9.0,2.0,0.60000000000000009,0.54549999999999998,0.88,0.41790000000000005,1.0,0.0,3.0,1.0,181.0
0.0,4.0,10.0,2.0,0.62,0.57579999999999998,0.82999999999999996,0.28360000000000002,1.0,0.0,3.0,1.0,92.0
0.0,4.0,11.0,2.0,0.64000000000000001,0.59089999999999998,0.78000000000000003,0.28360000000000002,1.0,0.0,3.0,1.0,156.0
0.0,4.0,12.0,1.0,0.65999999999999992,0.60609999999999997,0.78000000000000003,0.32840000000000003,1.0,0.0,3.0,1.0,173.0
0.0,4.0,13.0,1.0,0.64000000000000001,0.59089999999999998,0.78000000000000003,0.29850000000000004,1.0,0.0,3.0,1.0,150.0
0.0,4.0,14.0,1.0,0.67999999999999994,0.63639999999999997,0.73999999999999999,0.28360000000000002,1.0,0.0,3.0,1.0,148.0
0.0,4.0,15.0,1.0,0.69999999999999996,0.65150000000000008,0.65000000000000002,0.49250000000000005,1.0,0.0,3.0,1.0,138.0
0.0,4.0,16.0,1.0,0.69999999999999996,0.65150000000000008,0.69999999999999996,0.3881,1.0,0.0,3.0,1.0,218.0
0.0,4.0,17.0,3.0,0.65999999999999992,0.60609999999999997,0.82999999999999996,0.3881,1.0,0.0,3.0,1.0,521.0
0.0,4.0,18.0,3.0,0.65999999999999992,0.60609999999999997,0.82999999999999996,0.3881,1.0,0.0,3.0,1.0,412.0
0.0,4.0,19.0,1.0,0.62,0.59089999999999998,0.78000000000000003,0.28360000000000002,1.0,0.0,3.0,1.0,260.0
0.0,4.0,20.0,1.0,0.64000000000000001,0.57579999999999998,0.82999999999999996,0.32840000000000003,1.0,0.0,3.0,1.0,218.0
0.0,4.0,21.0,1.0,0.62,0.56059999999999999,0.88,0.28360000000000002,1.0,0.0,3.0,1.0,145.0
0.0,4.0,22.0,2.0,0.62,0.56059999999999999,0.88,0.32840000000000003,1.0,0.0,3.0,1.0,129.0
0.0,4.0,23.0,2.0,0.62,0.56059999999999999,0.88,0.35820000000000002,1.0,0.0,3.0,1.0,78.0
0.0,4.0,0.0,1.0,0.64000000000000001,0.59089999999999998,0.78000000000000003,0.35820000000000002,1.0,0.0,4.0,1.0,54.0
0.0,4.0,1.0,2.0,0.62,0.57579999999999998,0.82999999999999996,0.3881,1.0,0.0,4.0,1.0,20.0
0.0,4.0,2.0,2.0,0.62,0.57579999999999998,0.82999999999999996,0.44780000000000003,1.0,0.0,4.0,1.0,21.0
0.0,4.0,3.0,2.0,0.64000000000000001,0.59089999999999998,0.78000000000000003,0.3881,1.0,0.0,4.0,1.0,3.0
0.0,4.0,4.0,2.0,0.62,0.57579999999999998,0.82999999999999996,0.41790000000000005,1.0,0.0,4.0,1.0,9.0
0.0,4.0,5.0,2.0,0.62,0.57579999999999998,0.82999999999999996,0.3881,1.0,0.0,4.0,1.0,13.0
0.0,4.0,6.0,2.0,0.64000000000000001,0.59089999999999998,0.78000000000000003,0.4627,1.0,0.0,4.0,1.0,86.0
0.0,4.0,7.0,2.0,0.64000000000000001,0.59089999999999998,0.78000000000000003,0.44780000000000003,1.0,0.0,4.0,1.0,215.0
0.0,4.0,8.0,2.0,0.65999999999999992,0.60609999999999997,0.78000000000000003,0.44780000000000003,1.0,0.0,4.0,1.0,398.0
0.0,4.0,9.0,3.0,0.62,0.56059999999999999,0.88,0.32840000000000003,1.0,0.0,4.0,1.0,183.0
0.0,4.0,10.0,2.0,0.62,0.56059999999999999,0.88,0.28360000000000002,1.0,0.0,4.0,1.0,54.0
0.0,4.0,11.0,2.0,0.62,0.57579999999999998,0.82999999999999996,0.28360000000000002,1.0,0.0,4.0,1.0,84.0
0.0,4.0,12.0,2.0,0.62,0.59089999999999998,0.78000000000000003,0.25370000000000004,1.0,0.0,4.0,1.0,107.0
0.0,4.0,13.0,2.0,0.62,0.57579999999999998,0.82999999999999996,0.29850000000000004,1.0,0.0,4.0,1.0,121.0
0.0,4.0,14.0,1.0,0.62,0.57579999999999998,0.82999999999999996,0.29850000000000004,1.0,0.0,4.0,1.0,142.0
0.0,4.0,15.0,1.0,0.65999999999999992,0.62119999999999997,0.68999999999999995,0.32840000000000003,1.0,0.0,4.0,1.0,163.0
0.0,4.0,16.0,1.0,0.62,0.59089999999999998,0.78000000000000003,0.25370000000000004,1.0,0.0,4.0,1.0,270.0
0.0,4.0,17.0,1.0,0.64000000000000001,0.62119999999999997,0.46999999999999997,0.35820000000000002,1.0,0.0,4.0,1.0,455.0
0.0,4.0,18.0,1.0,0.64000000000000001,0.62119999999999997,0.46999999999999997,0.35820000000000002,1.0,0.0,4.0,1.0,530.0
0.0,4.0,19.0,1.0,0.62,0.62119999999999997,0.42999999999999999,0.29850000000000004,1.0,0.0,4.0,1.0,404.0
0.0,4.0,20.0,1.0,0.58000000000000007,0.54549999999999998,0.42999999999999999,0.22390000000000002,1.0,0.0,4.0,1.0,269.0
0.0,4.0,21.0,1.0,0.56000000000000005,0.53029999999999999,0.46000000000000002,0.1343,1.0,0.0,4.0,1.0,194.0
0.0,4.0,22.0,1.0,0.54000000000000004,0.51519999999999999,0.45000000000000001,0.16420000000000001,1.0,0.0,4.0,1.0,153.0
0.0,4.0,23.0,1.0,0.54000000000000004,0.51519999999999999,0.39000000000000001,0.089599999999999999,1.0,0.0,4.0,1.0,110.0
0.0,4.0,0.0,1.0,0.52000000000000002,0.5,0.39000000000000001,0.28360000000000002,1.0,0.0,5.0,1.0,48.0
0.0,4.0,1.0,1.0,0.5,0.48479999999999995,0.45000000000000001,0.089599999999999999,1.0,0.0,5.0,1.0,31.0
0.0,4.0,2.0,1.0,0.45999999999999996,0.45450000000000002,0.63,0.1045,1.0,0.0,5.0,1.0,10.0
0.0,4.0,3.0,1.0,0.45999999999999996,0.45450000000000002,0.58999999999999997,0.089599999999999999,1.0,0.0,5.0,1.0,5.0
0.0,4.0,4.0,1.0,0.45999999999999996,0.45450000000000002,0.51000000000000001,0.1343,1.0,0.0,5.0,1.0,6.0
0.0,4.0,5.0,1.0,0.45999999999999996,0.45450000000000002,0.46999999999999997,0.1343,1.0,0.0,5.0,1.0,25.0
0.0,4.0,6.0,1.0,0.5,0.48479999999999995,0.45000000000000001,0.28360000000000002,1.0,0.0,5.0,1.0,71.0
0.0,4.0,7.0,1.0,0.52000000000000002,0.5,0.41999999999999998,0.19399999999999998,1.0,0.0,5.0,1.0,240.0
0.0,4.0,8.0,1.0,0.54000000000000004,0.51519999999999999,0.39000000000000001,0.29850000000000004,1.0,0.0,5.0,1.0,421.0
0.0,4.0,9.0,1.0,0.54000000000000004,0.51519999999999999,0.39000000000000001,0.32840000000000003,1.0,0.0,5.0,1.0,230.0
0.0,4.0,10.0,1.0,0.56000000000000005,0.53029999999999999,0.40000000000000002,0.28360000000000002,1.0,0.0,5.0,1.0,156.0
0.0,4.0,11.0,1.0,0.60000000000000009,0.62119999999999997,0.38,0.22390000000000002,1.0,0.0,5.0,1.0,157.0
0.0,4.0,12.0,1.0,0.56000000000000005,0.53029999999999999,0.37,0.28360000000000002,1.0,0.0,5.0,1.0,223.0
0.0,4.0,13.0,1.0,0.56000000000000005,0.53029999999999999,0.37,0.29850000000000004,1.0,0.0,5.0,1.0,308.0
0.0,4.0,14.0,1.0,0.60000000000000009,0.62119999999999997,0.34999999999999998,0.32840000000000003,1.0,0.0,5.0,1.0,248.0
0.0,4.0,15.0,2.0,0.56000000000000005,0.53029999999999999,0.40000000000000002,0.29850000000000004,1.0,0.0,5.0,1.0,252.0
0.0,4.0,16.0,2.0,0.54000000000000004,0.51519999999999999,0.41999999999999998,0.35820000000000002,1.0,0.0,5.0,1.0,299.0
0.0,4.0,17.0,2.0,0.52000000000000002,0.5,0.45000000000000001,0.3881,1.0,0.0,5.0,1.0,508.0
0.0,4.0,18.0,1.0,0.52000000000000002,0.5,0.47999999999999998,0.35820000000000002,1.0,0.0,5.0,1.0,439.0
0.0,4.0,19.0,1.0,0.45999999999999996,0.45450000000000002,0.55000000000000004,0.32840000000000003,1.0,0.0,5.0,1.0,270.0
0.0,4.0,20.0,1.0,0.47999999999999998,0.46970000000000001,0.47999999999999998,0.22390000000000002,1.0,0.0,5.0,1.0,194.0
0.0,4.0,21.0,1.0,0.45999999999999996,0.45450000000000002,0.51000000000000001,0.19399999999999998,1.0,0.0,5.0,1.0,195.0
0.0,4.0,22.0,1.0,0.41999999999999998,0.42420000000000002,0.57999999999999996,0.16420000000000001,1.0,0.0,5.0,1.0,146.0
0.0,4.0,23.0,2.0,0.44,0.43939999999999996,0.54000000000000004,0.089599999999999999,1.0,0.0,5.0,1.0,113.0
0.0,4.0,0.0,2.0,0.44,0.43939999999999996,0.54000000000000004,0.25370000000000004,1.0,0.0,6.0,0.0,106.0
0.0,4.0,1.0,2.0,0.44,0.43939999999999996,0.54000000000000004,0.16420000000000001,1.0,0.0,6.0,0.0,74.0
0.0,4.0,2.0,2.0,0.44,0.43939999999999996,0.54000000000000004,0.22390000000000002,1.0,0.0,6.0,0.0,65.0
0.0,4.0,3.0,2.0,0.41999999999999998,0.42420000000000002,0.54000000000000004,0.19399999999999998,1.0,0.0,6.0,0.0,17.0
0.0,4.0,4.0,2.0,0.41999999999999998,0.42420000000000002,0.54000000000000004,0.22390000000000002,1.0,0.0,6.0,0.0,7.0
0.0,4.0,5.0,1.0,0.41999999999999998,0.42420000000000002,0.54000000000000004,0.3881,1.0,0.0,6.0,0.0,7.0
0.0,4.0,6.0,1.0,0.39999999999999997,0.40909999999999996,0.57999999999999996,0.28360000000000002,1.0,0.0,6.0,0.0,21.0
0.0,4.0,7.0,1.0,0.39999999999999997,0.40909999999999996,0.54000000000000004,0.3881,1.0,0.0,6.0,0.0,48.0
0.0,4.0,8.0,1.0,0.39999999999999997,0.40909999999999996,0.54000000000000004,0.29850000000000004,1.0,0.0,6.0,0.0,91.0
0.0,4.0,9.0,1.0,0.44,0.43939999999999996,0.51000000000000001,0.35820000000000002,1.0,0.0,6.0,0.0,156.0
0.0,4.0,10.0,1.0,0.47999999999999998,0.46970000000000001,0.44,0.3881,1.0,0.0,6.0,0.0,279.0
0.0,4.0,11.0,1.0,0.5,0.48479999999999995,0.41999999999999998,0.35820000000000002,1.0,0.0,6.0,0.0,321.0
0.0,4.0,12.0,1.0,0.52000000000000002,0.5,0.41999999999999998,0.3881,1.0,0.0,6.0,0.0,416.0
0.0,4.0,13.0,1.0,0.54000000000000004,0.51519999999999999,0.39000000000000001,0.29850000000000004,1.0,0.0,6.0,0.0,455.0
0.0,4.0,14.0,1.0,0.54000000000000004,0.51519999999999999,0.39000000000000001,0.22390000000000002,1.0,0.0,6.0,0.0,452.0
0.0,4.0,15.0,1.0,0.56000000000000005,0.53029999999999999,0.37,0.1343,1.0,0.0,6.0,0.0,499.0
0.0,4.0,16.0,1.0,0.58000000000000007,0.54549999999999998,0.37,0.19399999999999998,1.0,0.0,6.0,0.0,464.0
0.0,4.0,17.0,1.0,0.56000000000000005,0.53029999999999999,0.42999999999999999,0.1343,1.0,0.0,6.0,0.0,407.0
0.0,4.0,18.0,1.0,0.54000000000000004,0.51519999999999999,0.42999999999999999,0.1343,1.0,0.0,6.0,0.0,371.0
0.0,4.0,19.0,1.0,0.54000000000000004,0.51519999999999999,0.42999999999999999,0.1343,1.0,0.0,6.0,0.0,387.0
0.0,4.0,20.0,1.0,0.44,0.43939999999999996,0.62,0.1343,1.0,0.0,6.0,0.0,224.0
0.0,4.0,21.0,1.0,0.44,0.43939999999999996,0.62,0.1343,1.0,0.0,6.0,0.0,177.0
0.0,4.0,22.0,1.0,0.44,0.43939999999999996,0.67000000000000004,0.1045,1.0,0.0,6.0,0.0,143.0
0.0,4.0,23.0,1.0,0.44,0.43939999999999996,0.67000000000000004,0.1045,1.0,0.0,6.0,0.0,125.0
0.0,5.0,0.0,1.0,0.41999999999999998,0.42420000000000002,0.67000000000000004,0.089599999999999999,1.0,0.0,7.0,0.0,96.0
0.0,5.0,1.0,1.0,0.41999999999999998,0.42420000000000002,0.68999999999999995,0.1045,1.0,0.0,7.0,0.0,59.0
0.0,5.0,2.0,1.0,0.41999999999999998,0.42420000000000002,0.77000000000000002,0.1045,1.0,0.0,7.0,0.0,50.0
0.0,5.0,3.0,1.0,0.39999999999999997,0.40909999999999996,0.81999999999999995,0.1045,1.0,0.0,7.0,0.0,23.0
0.0,5.0,4.0,1.0,0.39999999999999997,0.40909999999999996,0.76000000000000001,0.1045,1.0,0.0,7.0,0.0,17.0
0.0,5.0,5.0,1.0,0.39999999999999997,0.40909999999999996,0.81999999999999995,0.089599999999999999,1.0,0.0,7.0,0.0,10.0
0.0,5.0,6.0,2.0,0.39999999999999997,0.40909999999999996,0.81999999999999995,0.089599999999999999,1.0,0.0,7.0,0.0,13.0
0.0,5.0,7.0,2.0,0.41999999999999998,0.42420000000000002,0.77000000000000002,0.089599999999999999,1.0,0.0,7.0,0.0,33.0
0.0,5.0,8.0,2.0,0.44,0.43939999999999996,0.77000000000000002,0.1343,1.0,0.0,7.0,0.0,59.0
0.0,5.0,9.0,2.0,0.45999999999999996,0.45450000000000002,0.71999999999999997,0.1343,1.0,0.0,7.0,0.0,141.0
0.0,5.0,10.0,2.0,0.47999999999999998,0.46970000000000001,0.63,0.19399999999999998,1.0,0.0,7.0,0.0,264.0
0.0,5.0,11.0,1.0,0.45999999999999996,0.45450000000000002,0.81999999999999995,0.1045,1.0,0.0,7.0,0.0,250.0
0.0,5.0,12.0,2.0,0.47999999999999998,0.46970000000000001,0.77000000000000002,0.1045,1.0,0.0,7.0,0.0,281.0
0.0,5.0,13.0,2.0,0.5,0.48479999999999995,0.63,0.16420000000000001,1.0,0.0,7.0,0.0,332.0
0.0,5.0,14.0,2.0,0.5,0.48479999999999995,0.68000000000000005,0.1045,1.0,0.0,7.0,0.0,238.0
0.0,5.0,15.0,2.0,0.5,0.48479999999999995,0.71999999999999997,0.0,1.0,0.0,7.0,0.0,266.0
0.0,5.0,16.0,2.0,0.5,0.48479999999999995,0.71999999999999997,0.19399999999999998,1.0,0.0,7.0,0.0,214.0
0.0,5.0,17.0,2.0,0.47999999999999998,0.46970000000000001,0.81999999999999995,0.25370000000000004,1.0,0.0,7.0,0.0,196.0
0.0,5.0,18.0,2.0,0.45999999999999996,0.45450000000000002,0.81999999999999995,0.089599999999999999,1.0,0.0,7.0,0.0,159.0
0.0,5.0,19.0,2.0,0.45999999999999996,0.45450000000000002,0.83999999999999997,0.1045,1.0,0.0,7.0,0.0,178.0
0.0,5.0,20.0,2.0,0.45999999999999996,0.45450000000000002,0.81999999999999995,0.0,1.0,0.0,7.0,0.0,121.0
0.0,5.0,21.0,2.0,0.45999999999999996,0.45450000000000002,0.81999999999999995,0.0,1.0,0.0,7.0,0.0,105.0
0.0,5.0,22.0,2.0,0.45999999999999996,0.45450000000000002,0.81999999999999995,0.0,1.0,0.0,7.0,0.0,100.0
0.0,5.0,23.0,1.0,0.45999999999999996,0.45450000000000002,0.77000000000000002,0.19399999999999998,1.0,0.0,7.0,0.0,146.0
0.0,5.0,0.0,1.0,0.45999999999999996,0.45450000000000002,0.71999999999999997,0.1343,1.0,0.0,1.0,1.0,177.0
0.0,5.0,1.0,1.0,0.45999999999999996,0.45450000000000002,0.71999999999999997,0.1343,1.0,0.0,1.0,1.0,114.0
0.0,5.0,2.0,2.0,0.44,0.43939999999999996,0.77000000000000002,0.22390000000000002,1.0,0.0,1.0,1.0,35.0
0.0,5.0,3.0,1.0,0.44,0.43939999999999996,0.77000000000000002,0.1343,1.0,0.0,1.0,1.0,16.0
0.0,5.0,4.0,1.0,0.44,0.43939999999999996,0.77000000000000002,0.16420000000000001,1.0,0.0,1.0,1.0,17.0
0.0,5.0,5.0,2.0,0.44,0.43939999999999996,0.77000000000000002,0.1343,1.0,0.0,1.0,1.0,20.0
0.0,5.0,6.0,1.0,0.44,0.43939999999999996,0.88,0.1045,1.0,0.0,1.0,1.0,62.0
0.0,5.0,7.0,2.0,0.45999999999999996,0.45450000000000002,0.81999999999999995,0.32840000000000003,1.0,0.0,1.0,1.0,209.0
0.0,5.0,8.0,2.0,0.47999999999999998,0.46970000000000001,0.77000000000000002,0.22390000000000002,1.0,0.0,1.0,1.0,371.0
0.0,5.0,9.0,2.0,0.5,0.48479999999999995,0.77000000000000002,0.28360000000000002,1.0,0.0,1.0,1.0,172.0
0.0,5.0,10.0,2.0,0.54000000000000004,0.51519999999999999,0.77000000000000002,0.22390000000000002,1.0,0.0,1.0,1.0,108.0
0.0,5.0,11.0,1.0,0.58000000000000007,0.54549999999999998,0.72999999999999998,0.29850000000000004,1.0,0.0,1.0,1.0,130.0
0.0,5.0,12.0,1.0,0.62,0.60609999999999997,0.68999999999999995,0.22390000000000002,1.0,0.0,1.0,1.0,187.0
0.0,5.0,13.0,2.0,0.62,0.60609999999999997,0.68999999999999995,0.19399999999999998,1.0,0.0,1.0,1.0,170.0
0.0,5.0,14.0,1.0,0.64000000000000001,0.60609999999999997,0.68999999999999995,0.22390000000000002,1.0,0.0,1.0,1.0,181.0
0.0,5.0,15.0,1.0,0.65999999999999992,0.62119999999999997,0.60999999999999999,0.19399999999999998,1.0,0.0,1.0,1.0,155.0
0.0,5.0,16.0,1.0,0.65999999999999992,0.62119999999999997,0.60999999999999999,0.22390000000000002,1.0,0.0,1.0,1.0,269.0
0.0,5.0,17.0,1.0,0.65999999999999992,0.62119999999999997,0.65000000000000002,0.19399999999999998,1.0,0.0,1.0,1.0,537.0
0.0,5.0,18.0,2.0,0.64000000000000001,0.60609999999999997,0.65000000000000002,0.19399999999999998,1.0,0.0,1.0,1.0,518.0
0.0,5.0,19.0,2.0,0.62,0.60609999999999997,0.68999999999999995,0.1343,1.0,0.0,1.0,1.0,314.0
0.0,5.0,20.0,2.0,0.62,0.60609999999999997,0.68999999999999995,0.1343,1.0,0.0,1.0,1.0,218.0
0.0,5.0,21.0,2.0,0.60000000000000009,0.59089999999999998,0.72999999999999998,0.1045,1.0,0.0,1.0,1.0,232.0
0.0,5.0,22.0,2.0,0.60000000000000009,0.59089999999999998,0.72999999999999998,0.0,1.0,0.0,1.0,1.0,125.0
0.0,5.0,23.0,2.0,0.56000000000000005,0.53029999999999999,0.82999999999999996,0.19399999999999998,1.0,0.0,1.0,1.0,64.0
0.0,5.0,0.0,2.0,0.56000000000000005,0.53029999999999999,0.82999999999999996,0.22390000000000002,1.0,0.0,2.0,1.0,16.0
0.0,5.0,1.0,2.0,0.56000000000000005,0.53029999999999999,0.78000000000000003,0.25370000000000004,1.0,0.0,2.0,1.0,14.0
0.0,5.0,2.0,2.0,0.56000000000000005,0.53029999999999999,0.78000000000000003,0.25370000000000004,1.0,0.0,2.0,1.0,5.0
0.0,5.0,3.0,1.0,0.54000000000000004,0.51519999999999999,0.82999999999999996,0.28360000000000002,1.0,0.0,2.0,1.0,2.0
0.0,5.0,4.0,1.0,0.52000000000000002,0.5,0.88,0.22390000000000002,1.0,0.0,2.0,1.0,4.0
0.0,5.0,5.0,1.0,0.52000000000000002,0.5,0.88,0.1343,1.0,0.0,2.0,1.0,14.0
0.0,5.0,6.0,2.0,0.52000000000000002,0.5,0.93999999999999995,0.16420000000000001,1.0,0.0,2.0,1.0,109.0
0.0,5.0,7.0,2.0,0.54000000000000004,0.51519999999999999,0.88,0.22390000000000002,1.0,0.0,2.0,1.0,265.0
0.0,5.0,8.0,2.0,0.56000000000000005,0.53029999999999999,0.82999999999999996,0.28360000000000002,1.0,0.0,2.0,1.0,459.0
0.0,5.0,9.0,2.0,0.60000000000000009,0.57579999999999998,0.78000000000000003,0.35820000000000002,1.0,0.0,2.0,1.0,186.0
0.0,5.0,10.0,2.0,0.64000000000000001,0.60609999999999997,0.68999999999999995,0.35820000000000002,1.0,0.0,2.0,1.0,127.0
0.0,5.0,11.0,2.0,0.65999999999999992,0.62119999999999997,0.65000000000000002,0.32840000000000003,1.0,0.0,2.0,1.0,140.0
0.0,5.0,12.0,2.0,0.67999999999999994,0.63639999999999997,0.60999999999999999,0.49250000000000005,1.0,0.0,2.0,1.0,217.0
0.0,5.0,13.0,2.0,0.69999999999999996,0.65150000000000008,0.57999999999999996,0.6119,1.0,0.0,2.0,1.0,194.0
0.0,5.0,14.0,2.0,0.69999999999999996,0.65150000000000008,0.57999999999999996,0.52239999999999998,1.0,0.0,2.0,1.0,158.0
0.0,5.0,15.0,2.0,0.69999999999999996,0.65150000000000008,0.57999999999999996,0.44780000000000003,1.0,0.0,2.0,1.0,154.0
0.0,5.0,16.0,1.0,0.71999999999999997,0.66670000000000007,0.54000000000000004,0.4627,1.0,0.0,2.0,1.0,271.0
0.0,5.0,17.0,1.0,0.69999999999999996,0.65150000000000008,0.54000000000000004,0.4627,1.0,0.0,2.0,1.0,517.0
0.0,5.0,18.0,1.0,0.69999999999999996,0.65150000000000008,0.47999999999999998,0.41790000000000005,1.0,0.0,2.0,1.0,544.0
0.0,5.0,19.0,1.0,0.67999999999999994,0.63639999999999997,0.56999999999999995,0.35820000000000002,1.0,0.0,2.0,1.0,365.0
0.0,5.0,20.0,1.0,0.65999999999999992,0.62119999999999997,0.60999999999999999,0.19399999999999998,1.0,0.0,2.0,1.0,290.0
0.0,5.0,21.0,2.0,0.64000000000000001,0.62119999999999997,0.60999999999999999,0.44780000000000003,1.0,0.0,2.0,1.0,225.0
0.0,5.0,22.0,2.0,0.58000000000000007,0.54549999999999998,0.59999999999999998,0.3881,1.0,0.0,2.0,1.0,113.0
0.0,5.0,23.0,2.0,0.56000000000000005,0.53029999999999999,0.68000000000000005,0.32840000000000003,1.0,0.0,2.0,1.0,62.0
0.0,5.0,0.0,3.0,0.52000000000000002,0.5,0.77000000000000002,0.16420000000000001,1.0,0.0,3.0,1.0,27.0
0.0,5.0,1.0,3.0,0.5,0.48479999999999995,0.81999999999999995,0.28360000000000002,1.0,0.0,3.0,1.0,7.0
0.0,5.0,2.0,3.0,0.5,0.48479999999999995,0.81999999999999995,0.28360000000000002,1.0,0.0,3.0,1.0,4.0
0.0,5.0,3.0,3.0,0.41999999999999998,0.42420000000000002,0.88,0.52239999999999998,1.0,0.0,3.0,1.0,1.0
0.0,5.0,4.0,3.0,0.38,0.39390000000000003,0.93999999999999995,0.32840000000000003,1.0,0.0,3.0,1.0,3.0
0.0,5.0,5.0,3.0,0.35999999999999999,0.33329999999999999,0.87,0.32840000000000003,1.0,0.0,3.0,1.0,9.0
0.0,5.0,6.0,3.0,0.33999999999999997,0.30299999999999999,0.93000000000000005,0.3881,1.0,0.0,3.0,1.0,21.0
0.0,5.0,7.0,3.0,0.33999999999999997,0.30299999999999999,0.93000000000000005,0.35820000000000002,1.0,0.0,3.0,1.0,52.0
0.0,5.0,8.0,3.0,0.33999999999999997,0.30299999999999999,0.93000000000000005,0.3881,1.0,0.0,3.0,1.0,79.0
0.0,5.0,9.0,3.0,0.33999999999999997,0.30299999999999999,0.93000000000000005,0.35820000000000002,1.0,0.0,3.0,1.0,40.0
0.0,5.0,10.0,2.0,0.33999999999999997,0.31819999999999998,0.93000000000000005,0.28360000000000002,1.0,0.0,3.0,1.0,31.0
0.0,5.0,11.0,1.0,0.39999999999999997,0.40909999999999996,0.81999999999999995,0.32840000000000003,1.0,0.0,3.0,1.0,72.0
0.0,5.0,12.0,2.0,0.44,0.43939999999999996,0.62,0.35820000000000002,1.0,0.0,3.0,1.0,124.0
0.0,5.0,13.0,2.0,0.45999999999999996,0.45450000000000002,0.58999999999999997,0.44780000000000003,1.0,0.0,3.0,1.0,143.0
0.0,5.0,14.0,1.0,0.5,0.48479999999999995,0.51000000000000001,0.3881,1.0,0.0,3.0,1.0,107.0
0.0,5.0,15.0,1.0,0.47999999999999998,0.46970000000000001,0.51000000000000001,0.41790000000000005,1.0,0.0,3.0,1.0,129.0
0.0,5.0,16.0,1.0,0.5,0.48479999999999995,0.45000000000000001,0.4627,1.0,0.0,3.0,1.0,195.0
0.0,5.0,17.0,1.0,0.39999999999999997,0.40909999999999996,0.70999999999999996,0.25370000000000004,1.0,0.0,3.0,1.0,410.0
0.0,5.0,18.0,1.0,0.41999999999999998,0.42420000000000002,0.67000000000000004,0.25370000000000004,1.0,0.0,3.0,1.0,396.0
0.0,5.0,19.0,1.0,0.41999999999999998,0.42420000000000002,0.57999999999999996,0.35820000000000002,1.0,0.0,3.0,1.0,296.0
0.0,5.0,20.0,1.0,0.39999999999999997,0.40909999999999996,0.62,0.32840000000000003,1.0,0.0,3.0,1.0,191.0
0.0,5.0,21.0,1.0,0.39999999999999997,0.40909999999999996,0.62,0.16420000000000001,1.0,0.0,3.0,1.0,150.0
0.0,5.0,22.0,1.0,0.38,0.39390000000000003,0.62,0.22390000000000002,1.0,0.0,3.0,1.0,89.0
0.0,5.0,23.0,1.0,0.35999999999999999,0.34850000000000003,0.62,0.22390000000000002,1.0,0.0,3.0,1.0,57.0
0.0,5.0,0.0,1.0,0.35999999999999999,0.34850000000000003,0.66000000000000003,0.19399999999999998,1.0,0.0,4.0,1.0,27.0
0.0,5.0,1.0,1.0,0.33999999999999997,0.33329999999999999,0.70999999999999996,0.19399999999999998,1.0,0.0,4.0,1.0,10.0
0.0,5.0,2.0,1.0,0.33999999999999997,0.31819999999999998,0.66000000000000003,0.22390000000000002,1.0,0.0,4.0,1.0,5.0
0.0,5.0,3.0,1.0,0.33999999999999997,0.31819999999999998,0.66000000000000003,0.25370000000000004,1.0,0.0,4.0,1.0,4.0
0.0,5.0,4.0,1.0,0.33999999999999997,0.31819999999999998,0.66000000000000003,0.25370000000000004,1.0,0.0,4.0,1.0,7.0
0.0,5.0,5.0,1.0,0.33999999999999997,0.31819999999999998,0.66000000000000003,0.25370000000000004,1.0,0.0,4.0,1.0,30.0
0.0,5.0,6.0,1.0,0.33999999999999997,0.31819999999999998,0.66000000000000003,0.25370000000000004,1.0,0.0,4.0,1.0,89.0
0.0,5.0,7.0,1.0,0.38,0.39390000000000003,0.57999999999999996,0.25370000000000004,1.0,0.0,4.0,1.0,271.0
0.0,5.0,8.0,1.0,0.41999999999999998,0.42420000000000002,0.5,0.25370000000000004,1.0,0.0,4.0,1.0,440.0
0.0,5.0,9.0,1.0,0.45999999999999996,0.45450000000000002,0.44,0.28360000000000002,1.0,0.0,4.0,1.0,184.0
0.0,5.0,10.0,1.0,0.5,0.48479999999999995,0.39000000000000001,0.28360000000000002,1.0,0.0,4.0,1.0,128.0
0.0,5.0,11.0,1.0,0.52000000000000002,0.5,0.35999999999999999,0.44780000000000003,1.0,0.0,4.0,1.0,148.0
0.0,5.0,12.0,1.0,0.52000000000000002,0.5,0.34000000000000002,0.35820000000000002,1.0,0.0,4.0,1.0,196.0
0.0,5.0,13.0,1.0,0.54000000000000004,0.51519999999999999,0.29999999999999999,0.58210000000000006,1.0,0.0,4.0,1.0,192.0
0.0,5.0,14.0,1.0,0.54000000000000004,0.51519999999999999,0.28000000000000003,0.44780000000000003,1.0,0.0,4.0,1.0,154.0
0.0,5.0,15.0,1.0,0.56000000000000005,0.53029999999999999,0.26000000000000001,0.49250000000000005,1.0,0.0,4.0,1.0,147.0
0.0,5.0,16.0,1.0,0.58000000000000007,0.54549999999999998,0.23999999999999999,0.41790000000000005,1.0,0.0,4.0,1.0,269.0
0.0,5.0,17.0,1.0,0.56000000000000005,0.53029999999999999,0.26000000000000001,0.3881,1.0,0.0,4.0,1.0,533.0
0.0,5.0,18.0,1.0,0.56000000000000005,0.53029999999999999,0.26000000000000001,0.28360000000000002,1.0,0.0,4.0,1.0,520.0
0.0,5.0,19.0,1.0,0.54000000000000004,0.51519999999999999,0.28000000000000003,0.22390000000000002,1.0,0.0,4.0,1.0,361.0
0.0,5.0,20.0,1.0,0.5,0.48479999999999995,0.34000000000000002,0.16420000000000001,1.0,0.0,4.0,1.0,258.0
0.0,5.0,21.0,1.0,0.5,0.48479999999999995,0.35999999999999999,0.19399999999999998,1.0,0.0,4.0,1.0,180.0
0.0,5.0,22.0,1.0,0.47999999999999998,0.46970000000000001,0.39000000000000001,0.19399999999999998,1.0,0.0,4.0,1.0,165.0
0.0,5.0,23.0,1.0,0.45999999999999996,0.45450000000000002,0.40999999999999998,0.19399999999999998,1.0,0.0,4.0,1.0,115.0
0.0,5.0,0.0,1.0,0.44,0.43939999999999996,0.44,0.16420000000000001,1.0,0.0,5.0,1.0,56.0
0.0,5.0,1.0,1.0,0.39999999999999997,0.40909999999999996,0.62,0.16420000000000001,1.0,0.0,5.0,1.0,32.0
0.0,5.0,2.0,1.0,0.38,0.39390000000000003,0.62,0.1045,1.0,0.0,5.0,1.0,16.0
0.0,5.0,3.0,1.0,0.35999999999999999,0.36359999999999998,0.70999999999999996,0.1045,1.0,0.0,5.0,1.0,9.0
0.0,5.0,4.0,1.0,0.35999999999999999,0.36359999999999998,0.70999999999999996,0.1045,1.0,0.0,5.0,1.0,1.0
0.0,5.0,5.0,1.0,0.33999999999999997,0.34850000000000003,0.81000000000000005,0.1045,1.0,0.0,5.0,1.0,16.0
0.0,5.0,6.0,1.0,0.35999999999999999,0.36359999999999998,0.81000000000000005,0.089599999999999999,1.0,0.0,5.0,1.0,82.0
0.0,5.0,7.0,1.0,0.39999999999999997,0.40909999999999996,0.81999999999999995,0.0,1.0,0.0,5.0,1.0,222.0
0.0,5.0,8.0,1.0,0.41999999999999998,0.42420000000000002,0.77000000000000002,0.25370000000000004,1.0,0.0,5.0,1.0,450.0
0.0,5.0,9.0,1.0,0.45999999999999996,0.45450000000000002,0.67000000000000004,0.28360000000000002,1.0,0.0,5.0,1.0,188.0
0.0,5.0,10.0,2.0,0.54000000000000004,0.51519999999999999,0.48999999999999999,0.32840000000000003,1.0,0.0,5.0,1.0,127.0
0.0,5.0,11.0,2.0,0.54000000000000004,0.51519999999999999,0.48999999999999999,0.32840000000000003,1.0,0.0,5.0,1.0,165.0
0.0,5.0,12.0,1.0,0.56000000000000005,0.53029999999999999,0.48999999999999999,0.35820000000000002,1.0,0.0,5.0,1.0,246.0
0.0,5.0,13.0,1.0,0.58000000000000007,0.54549999999999998,0.40000000000000002,0.32840000000000003,1.0,0.0,5.0,1.0,253.0
0.0,5.0,14.0,1.0,0.60000000000000009,0.62119999999999997,0.40000000000000002,0.44780000000000003,1.0,0.0,5.0,1.0,213.0
0.0,5.0,15.0,1.0,0.60000000000000009,0.62119999999999997,0.38,0.3881,1.0,0.0,5.0,1.0,260.0
0.0,5.0,16.0,1.0,0.60000000000000009,0.62119999999999997,0.40000000000000002,0.25370000000000004,1.0,0.0,5.0,1.0,344.0
0.0,5.0,17.0,1.0,0.58000000000000007,0.54549999999999998,0.40000000000000002,0.35820000000000002,1.0,0.0,5.0,1.0,553.0
0.0,5.0,18.0,3.0,0.54000000000000004,0.51519999999999999,0.52000000000000002,0.35820000000000002,1.0,0.0,5.0,1.0,470.0
0.0,5.0,19.0,3.0,0.54000000000000004,0.51519999999999999,0.52000000000000002,0.35820000000000002,1.0,0.0,5.0,1.0,292.0
0.0,5.0,20.0,1.0,0.52000000000000002,0.5,0.47999999999999998,0.1045,1.0,0.0,5.0,1.0,190.0
0.0,5.0,21.0,1.0,0.47999999999999998,0.46970000000000001,0.67000000000000004,0.1343,1.0,0.0,5.0,1.0,152.0
0.0,5.0,22.0,1.0,0.45999999999999996,0.45450000000000002,0.71999999999999997,0.22390000000000002,1.0,0.0,5.0,1.0,151.0
0.0,5.0,23.0,1.0,0.44,0.43939999999999996,0.81999999999999995,0.1343,1.0,0.0,5.0,1.0,120.0
0.0,5.0,0.0,1.0,0.41999999999999998,0.42420000000000002,0.81999999999999995,0.1343,1.0,0.0,6.0,0.0,86.0
0.0,5.0,1.0,1.0,0.41999999999999998,0.42420000000000002,0.81999999999999995,0.1045,1.0,0.0,6.0,0.0,58.0
0.0,5.0,2.0,1.0,0.41999999999999998,0.42420000000000002,0.81999999999999995,0.089599999999999999,1.0,0.0,6.0,0.0,52.0
0.0,5.0,3.0,1.0,0.41999999999999998,0.42420000000000002,0.77000000000000002,0.089599999999999999,1.0,0.0,6.0,0.0,18.0
0.0,5.0,4.0,1.0,0.39999999999999997,0.40909999999999996,0.81999999999999995,0.1045,1.0,0.0,6.0,0.0,5.0
0.0,5.0,5.0,1.0,0.45999999999999996,0.45450000000000002,0.58999999999999997,0.1343,1.0,0.0,6.0,0.0,7.0
0.0,5.0,6.0,1.0,0.41999999999999998,0.42420000000000002,0.77000000000000002,0.089599999999999999,1.0,0.0,6.0,0.0,13.0
0.0,5.0,7.0,1.0,0.47999999999999998,0.46970000000000001,0.58999999999999997,0.0,1.0,0.0,6.0,0.0,40.0
0.0,5.0,8.0,1.0,0.52000000000000002,0.5,0.52000000000000002,0.19399999999999998,1.0,0.0,6.0,0.0,115.0
0.0,5.0,9.0,1.0,0.54000000000000004,0.51519999999999999,0.48999999999999999,0.28360000000000002,1.0,0.0,6.0,0.0,218.0
0.0,5.0,10.0,1.0,0.56000000000000005,0.53029999999999999,0.48999999999999999,0.29850000000000004,1.0,0.0,6.0,0.0,298.0
0.0,5.0,11.0,1.0,0.56000000000000005,0.53029999999999999,0.42999999999999999,0.0,1.0,0.0,6.0,0.0,347.0
0.0,5.0,12.0,1.0,0.60000000000000009,0.62119999999999997,0.40000000000000002,0.19399999999999998,1.0,0.0,6.0,0.0,373.0
0.0,5.0,13.0,1.0,0.60000000000000009,0.62119999999999997,0.34999999999999998,0.28360000000000002,1.0,0.0,6.0,0.0,436.0
0.0,5.0,14.0,3.0,0.60000000000000009,0.62119999999999997,0.34999999999999998,0.16420000000000001,1.0,0.0,6.0,0.0,378.0
0.0,5.0,15.0,1.0,0.60000000000000009,0.62119999999999997,0.38,0.25370000000000004,1.0,0.0,6.0,0.0,378.0
0.0,5.0,16.0,1.0,0.60000000000000009,0.62119999999999997,0.38,0.19399999999999998,1.0,0.0,6.0,0.0,342.0
0.0,5.0,17.0,1.0,0.58000000000000007,0.54549999999999998,0.40000000000000002,0.22390000000000002,1.0,0.0,6.0,0.0,354.0
0.0,5.0,18.0,1.0,0.58000000000000007,0.54549999999999998,0.37,0.16420000000000001,1.0,0.0,6.0,0.0,289.0
0.0,5.0,19.0,1.0,0.56000000000000005,0.53029999999999999,0.42999999999999999,0.19399999999999998,1.0,0.0,6.0,0.0,267.0
0.0,5.0,20.0,1.0,0.56000000000000005,0.53029999999999999,0.42999999999999999,0.1343,1.0,0.0,6.0,0.0,219.0
0.0,5.0,21.0,1.0,0.54000000000000004,0.51519999999999999,0.48999999999999999,0.22390000000000002,1.0,0.0,6.0,0.0,182.0
0.0,5.0,22.0,1.0,0.54000000000000004,0.51519999999999999,0.48999999999999999,0.19399999999999998,1.0,0.0,6.0,0.0,120.0
0.0,5.0,23.0,1.0,0.5,0.48479999999999995,0.58999999999999997,0.1045,1.0,0.0,6.0,0.0,119.0
0.0,5.0,0.0,2.0,0.5,0.48479999999999995,0.58999999999999997,0.1045,1.0,0.0,7.0,0.0,100.0
0.0,5.0,1.0,2.0,0.52000000000000002,0.5,0.55000000000000004,0.0,1.0,0.0,7.0,0.0,64.0
0.0,5.0,2.0,1.0,0.47999999999999998,0.46970000000000001,0.63,0.0,1.0,0.0,7.0,0.0,59.0
0.0,5.0,3.0,1.0,0.45999999999999996,0.45450000000000002,0.71999999999999997,0.089599999999999999,1.0,0.0,7.0,0.0,31.0
0.0,5.0,4.0,1.0,0.41999999999999998,0.42420000000000002,0.81999999999999995,0.0,1.0,0.0,7.0,0.0,10.0
0.0,5.0,5.0,2.0,0.44,0.43939999999999996,0.77000000000000002,0.0,1.0,0.0,7.0,0.0,5.0
0.0,5.0,6.0,2.0,0.44,0.43939999999999996,0.81999999999999995,0.0,1.0,0.0,7.0,0.0,6.0
0.0,5.0,7.0,2.0,0.45999999999999996,0.45450000000000002,0.81999999999999995,0.0,1.0,0.0,7.0,0.0,23.0
0.0,5.0,8.0,1.0,0.52000000000000002,0.5,0.63,0.1343,1.0,0.0,7.0,0.0,86.0
0.0,5.0,9.0,1.0,0.56000000000000005,0.53029999999999999,0.52000000000000002,0.22390000000000002,1.0,0.0,7.0,0.0,160.0
0.0,5.0,10.0,1.0,0.58000000000000007,0.54549999999999998,0.48999999999999999,0.1343,1.0,0.0,7.0,0.0,244.0
0.0,5.0,11.0,1.0,0.58000000000000007,0.54549999999999998,0.48999999999999999,0.089599999999999999,1.0,0.0,7.0,0.0,340.0
0.0,5.0,12.0,1.0,0.60000000000000009,0.62119999999999997,0.46000000000000002,0.089599999999999999,1.0,0.0,7.0,0.0,382.0
0.0,5.0,13.0,1.0,0.60000000000000009,0.62119999999999997,0.48999999999999999,0.1343,1.0,0.0,7.0,0.0,390.0
0.0,5.0,14.0,1.0,0.60000000000000009,0.62119999999999997,0.48999999999999999,0.0,1.0,0.0,7.0,0.0,366.0
0.0,5.0,15.0,1.0,0.60000000000000009,0.62119999999999997,0.48999999999999999,0.0,1.0,0.0,7.0,0.0,358.0
0.0,5.0,16.0,1.0,0.60000000000000009,0.62119999999999997,0.46000000000000002,0.1045,1.0,0.0,7.0,0.0,385.0
0.0,5.0,17.0,3.0,0.58000000000000007,0.54549999999999998,0.48999999999999999,0.28360000000000002,1.0,0.0,7.0,0.0,351.0
0.0,5.0,18.0,1.0,0.58000000000000007,0.54549999999999998,0.48999999999999999,0.0,1.0,0.0,7.0,0.0,268.0
0.0,5.0,19.0,1.0,0.56000000000000005,0.53029999999999999,0.64000000000000001,0.0,1.0,0.0,7.0,0.0,239.0
0.0,5.0,20.0,1.0,0.52000000000000002,0.5,0.77000000000000002,0.1343,1.0,0.0,7.0,0.0,174.0
0.0,5.0,21.0,1.0,0.52000000000000002,0.5,0.77000000000000002,0.089599999999999999,1.0,0.0,7.0,0.0,127.0
0.0,5.0,22.0,1.0,0.5,0.48479999999999995,0.88,0.089599999999999999,1.0,0.0,7.0,0.0,115.0
0.0,5.0,23.0,1.0,0.45999999999999996,0.45450000000000002,0.88,0.089599999999999999,1.0,0.0,7.0,0.0,50.0
0.0,5.0,0.0,1.0,0.45999999999999996,0.45450000000000002,0.81999999999999995,0.089599999999999999,1.0,0.0,1.0,1.0,53.0
0.0,5.0,1.0,1.0,0.44,0.43939999999999996,0.88,0.0,1.0,0.0,1.0,1.0,33.0
0.0,5.0,2.0,1.0,0.44,0.43939999999999996,0.93999999999999995,0.0,1.0,0.0,1.0,1.0,8.0
0.0,5.0,3.0,1.0,0.45999999999999996,0.45450000000000002,0.81999999999999995,0.089599999999999999,1.0,0.0,1.0,1.0,7.0
0.0,5.0,4.0,1.0,0.41999999999999998,0.42420000000000002,0.81999999999999995,0.16420000000000001,1.0,0.0,1.0,1.0,4.0
0.0,5.0,5.0,1.0,0.41999999999999998,0.42420000000000002,0.77000000000000002,0.16420000000000001,1.0,0.0,1.0,1.0,23.0
0.0,5.0,6.0,1.0,0.44,0.43939999999999996,0.71999999999999997,0.25370000000000004,1.0,0.0,1.0,1.0,89.0
0.0,5.0,7.0,1.0,0.47999999999999998,0.46970000000000001,0.63,0.25370000000000004,1.0,0.0,1.0,1.0,237.0
0.0,5.0,8.0,1.0,0.52000000000000002,0.5,0.55000000000000004,0.22390000000000002,1.0,0.0,1.0,1.0,374.0
0.0,5.0,9.0,1.0,0.54000000000000004,0.51519999999999999,0.56000000000000005,0.16420000000000001,1.0,0.0,1.0,1.0,178.0
0.0,5.0,10.0,1.0,0.56000000000000005,0.53029999999999999,0.52000000000000002,0.19399999999999998,1.0,0.0,1.0,1.0,119.0
0.0,5.0,11.0,1.0,0.60000000000000009,0.62119999999999997,0.46000000000000002,0.22390000000000002,1.0,0.0,1.0,1.0,125.0
0.0,5.0,12.0,1.0,0.60000000000000009,0.62119999999999997,0.42999999999999999,0.19399999999999998,1.0,0.0,1.0,1.0,195.0
0.0,5.0,13.0,1.0,0.62,0.62119999999999997,0.38,0.28360000000000002,1.0,0.0,1.0,1.0,174.0
0.0,5.0,14.0,1.0,0.62,0.62119999999999997,0.40999999999999998,0.22390000000000002,1.0,0.0,1.0,1.0,162.0
0.0,5.0,15.0,1.0,0.62,0.62119999999999997,0.40999999999999998,0.22390000000000002,1.0,0.0,1.0,1.0,199.0
0.0,5.0,16.0,1.0,0.64000000000000001,0.62119999999999997,0.38,0.22390000000000002,1.0,0.0,1.0,1.0,304.0
0.0,5.0,17.0,1.0,0.62,0.62119999999999997,0.38,0.25370000000000004,1.0,0.0,1.0,1.0,598.0
0.0,5.0,18.0,1.0,0.62,0.62119999999999997,0.38,0.29850000000000004,1.0,0.0,1.0,1.0,524.0
0.0,5.0,19.0,1.0,0.58000000000000007,0.54549999999999998,0.42999999999999999,0.19399999999999998,1.0,0.0,1.0,1.0,384.0
0.0,5.0,20.0,1.0,0.54000000000000004,0.51519999999999999,0.48999999999999999,0.19399999999999998,1.0,0.0,1.0,1.0,239.0
0.0,5.0,21.0,1.0,0.52000000000000002,0.5,0.58999999999999997,0.1343,1.0,0.0,1.0,1.0,156.0
0.0,5.0,22.0,1.0,0.52000000000000002,0.5,0.68000000000000005,0.089599999999999999,1.0,0.0,1.0,1.0,116.0
0.0,5.0,23.0,1.0,0.5,0.48479999999999995,0.68000000000000005,0.089599999999999999,1.0,0.0,1.0,1.0,61.0
0.0,5.0,0.0,1.0,0.47999999999999998,0.46970000000000001,0.63,0.0,1.0,0.0,2.0,1.0,18.0
0.0,5.0,1.0,1.0,0.45999999999999996,0.45450000000000002,0.58999999999999997,0.089599999999999999,1.0,0.0,2.0,1.0,15.0
0.0,5.0,2.0,1.0,0.44,0.43939999999999996,0.57999999999999996,0.1343,1.0,0.0,2.0,1.0,5.0
0.0,5.0,3.0,1.0,0.44,0.43939999999999996,0.54000000000000004,0.19399999999999998,1.0,0.0,2.0,1.0,4.0
0.0,5.0,4.0,1.0,0.41999999999999998,0.42420000000000002,0.62,0.25370000000000004,1.0,0.0,2.0,1.0,2.0
0.0,5.0,5.0,1.0,0.39999999999999997,0.40909999999999996,0.66000000000000003,0.22390000000000002,1.0,0.0,2.0,1.0,29.0
0.0,5.0,6.0,1.0,0.41999999999999998,0.42420000000000002,0.67000000000000004,0.1343,1.0,0.0,2.0,1.0,112.0
0.0,5.0,7.0,2.0,0.44,0.43939999999999996,0.62,0.1343,1.0,0.0,2.0,1.0,314.0
0.0,5.0,8.0,2.0,0.5,0.48479999999999995,0.51000000000000001,0.1045,1.0,0.0,2.0,1.0,425.0
0.0,5.0,9.0,2.0,0.52000000000000002,0.5,0.47999999999999998,0.1045,1.0,0.0,2.0,1.0,205.0
0.0,5.0,10.0,2.0,0.56000000000000005,0.53029999999999999,0.37,0.089599999999999999,1.0,0.0,2.0,1.0,127.0
0.0,5.0,11.0,2.0,0.56000000000000005,0.53029999999999999,0.42999999999999999,0.1343,1.0,0.0,2.0,1.0,125.0
0.0,5.0,12.0,2.0,0.60000000000000009,0.62119999999999997,0.38,0.0,1.0,0.0,2.0,1.0,217.0
0.0,5.0,13.0,2.0,0.62,0.62119999999999997,0.38,0.25370000000000004,1.0,0.0,2.0,1.0,202.0
0.0,5.0,14.0,2.0,0.62,0.62119999999999997,0.33000000000000002,0.0,1.0,0.0,2.0,1.0,176.0
0.0,5.0,15.0,2.0,0.64000000000000001,0.62119999999999997,0.33000000000000002,0.089599999999999999,1.0,0.0,2.0,1.0,180.0
0.0,5.0,16.0,1.0,0.65999999999999992,0.62119999999999997,0.31,0.1045,1.0,0.0,2.0,1.0,327.0
0.0,5.0,17.0,1.0,0.64000000000000001,0.62119999999999997,0.33000000000000002,0.0,1.0,0.0,2.0,1.0,611.0
0.0,5.0,18.0,1.0,0.64000000000000001,0.62119999999999997,0.28999999999999998,0.1343,1.0,0.0,2.0,1.0,550.0
0.0,5.0,19.0,1.0,0.60000000000000009,0.62119999999999997,0.42999999999999999,0.22390000000000002,1.0,0.0,2.0,1.0,434.0
0.0,5.0,20.0,1.0,0.54000000000000004,0.51519999999999999,0.59999999999999998,0.1343,1.0,0.0,2.0,1.0,291.0
0.0,5.0,21.0,1.0,0.54000000000000004,0.51519999999999999,0.52000000000000002,0.0,1.0,0.0,2.0,1.0,203.0
0.0,5.0,22.0,1.0,0.52000000000000002,0.5,0.55000000000000004,0.1045,1.0,0.0,2.0,1.0,150.0
0.0,5.0,23.0,2.0,0.52000000000000002,0.5,0.58999999999999997,0.1343,1.0,0.0,2.0,1.0,81.0
0.0,5.0,0.0,2.0,0.52000000000000002,0.5,0.55000000000000004,0.1343,1.0,0.0,3.0,1.0,38.0
0.0,5.0,1.0,2.0,0.5,0.48479999999999995,0.58999999999999997,0.1045,1.0,0.0,3.0,1.0,20.0
0.0,5.0,2.0,1.0,0.52000000000000002,0.5,0.58999999999999997,0.0,1.0,0.0,3.0,1.0,10.0
0.0,5.0,3.0,1.0,0.5,0.48479999999999995,0.63,0.22390000000000002,1.0,0.0,3.0,1.0,3.0
0.0,5.0,4.0,2.0,0.47999999999999998,0.46970000000000001,0.88,0.1343,1.0,0.0,3.0,1.0,2.0
0.0,5.0,5.0,1.0,0.45999999999999996,0.45450000000000002,0.88,0.1343,1.0,0.0,3.0,1.0,20.0
0.0,5.0,6.0,1.0,0.45999999999999996,0.45450000000000002,0.81999999999999995,0.1343,1.0,0.0,3.0,1.0,99.0
0.0,5.0,7.0,1.0,0.47999999999999998,0.46970000000000001,0.71999999999999997,0.19399999999999998,1.0,0.0,3.0,1.0,318.0
0.0,5.0,8.0,1.0,0.47999999999999998,0.46970000000000001,0.77000000000000002,0.25370000000000004,1.0,0.0,3.0,1.0,442.0
0.0,5.0,9.0,1.0,0.52000000000000002,0.5,0.71999999999999997,0.1343,1.0,0.0,3.0,1.0,203.0
0.0,5.0,10.0,1.0,0.54000000000000004,0.51519999999999999,0.68000000000000005,0.089599999999999999,1.0,0.0,3.0,1.0,154.0
0.0,5.0,11.0,1.0,0.56000000000000005,0.53029999999999999,0.64000000000000001,0.089599999999999999,1.0,0.0,3.0,1.0,141.0
0.0,5.0,12.0,1.0,0.60000000000000009,0.62119999999999997,0.56000000000000005,0.0,1.0,0.0,3.0,1.0,226.0
0.0,5.0,13.0,1.0,0.62,0.62119999999999997,0.5,0.0,1.0,0.0,3.0,1.0,193.0
0.0,5.0,14.0,1.0,0.62,0.62119999999999997,0.53000000000000003,0.089599999999999999,1.0,0.0,3.0,1.0,177.0
0.0,5.0,15.0,1.0,0.64000000000000001,0.62119999999999997,0.40999999999999998,0.0,1.0,0.0,3.0,1.0,179.0
0.0,5.0,16.0,1.0,0.65999999999999992,0.62119999999999997,0.39000000000000001,0.0,1.0,0.0,3.0,1.0,289.0
0.0,5.0,17.0,1.0,0.64000000000000001,0.62119999999999997,0.46999999999999997,0.1045,1.0,0.0,3.0,1.0,259.0
0.0,5.0,18.0,1.0,0.62,0.62119999999999997,0.5,0.29850000000000004,1.0,0.0,3.0,1.0,274.0
0.0,5.0,19.0,1.0,0.56000000000000005,0.53029999999999999,0.52000000000000002,0.1343,1.0,0.0,3.0,1.0,401.0
0.0,5.0,20.0,1.0,0.54000000000000004,0.51519999999999999,0.64000000000000001,0.1343,1.0,0.0,3.0,1.0,273.0
0.0,5.0,21.0,1.0,0.54000000000000004,0.51519999999999999,0.59999999999999998,0.0,1.0,0.0,3.0,1.0,234.0
0.0,5.0,22.0,1.0,0.5,0.48479999999999995,0.71999999999999997,0.25370000000000004,1.0,0.0,3.0,1.0,146.0
0.0,5.0,23.0,1.0,0.45999999999999996,0.45450000000000002,0.88,0.25370000000000004,1.0,0.0,3.0,1.0,81.0
0.0,5.0,0.0,2.0,0.45999999999999996,0.45450000000000002,0.88,0.22390000000000002,1.0,0.0,4.0,1.0,44.0
0.0,5.0,1.0,1.0,0.45999999999999996,0.45450000000000002,0.88,0.22390000000000002,1.0,0.0,4.0,1.0,17.0
0.0,5.0,2.0,1.0,0.44,0.43939999999999996,0.93999999999999995,0.19399999999999998,1.0,0.0,4.0,1.0,15.0
0.0,5.0,3.0,1.0,0.44,0.43939999999999996,0.88,0.1343,1.0,0.0,4.0,1.0,5.0
0.0,5.0,4.0,1.0,0.41999999999999998,0.42420000000000002,0.93999999999999995,0.0,1.0,0.0,4.0,1.0,6.0
0.0,5.0,5.0,1.0,0.41999999999999998,0.42420000000000002,0.93999999999999995,0.1343,1.0,0.0,4.0,1.0,29.0
0.0,5.0,6.0,1.0,0.44,0.43939999999999996,0.88,0.0,1.0,0.0,4.0,1.0,112.0
0.0,5.0,7.0,1.0,0.45999999999999996,0.45450000000000002,0.88,0.1343,1.0,0.0,4.0,1.0,297.0
0.0,5.0,8.0,1.0,0.47999999999999998,0.46970000000000001,0.81999999999999995,0.19399999999999998,1.0,0.0,4.0,1.0,421.0
0.0,5.0,9.0,2.0,0.5,0.48479999999999995,0.77000000000000002,0.28360000000000002,1.0,0.0,4.0,1.0,212.0
0.0,5.0,10.0,2.0,0.54000000000000004,0.51519999999999999,0.68000000000000005,0.22390000000000002,1.0,0.0,4.0,1.0,147.0
0.0,5.0,11.0,1.0,0.58000000000000007,0.54549999999999998,0.59999999999999998,0.22390000000000002,1.0,0.0,4.0,1.0,179.0
0.0,5.0,12.0,1.0,0.58000000000000007,0.54549999999999998,0.59999999999999998,0.22390000000000002,1.0,0.0,4.0,1.0,207.0
0.0,5.0,13.0,2.0,0.62,0.62119999999999997,0.56999999999999995,0.29850000000000004,1.0,0.0,4.0,1.0,218.0
0.0,5.0,14.0,2.0,0.62,0.60609999999999997,0.60999999999999999,0.22390000000000002,1.0,0.0,4.0,1.0,191.0
0.0,5.0,15.0,2.0,0.64000000000000001,0.62119999999999997,0.53000000000000003,0.25370000000000004,1.0,0.0,4.0,1.0,217.0
0.0,5.0,16.0,2.0,0.64000000000000001,0.62119999999999997,0.56999999999999995,0.25370000000000004,1.0,0.0,4.0,1.0,288.0
0.0,5.0,17.0,2.0,0.64000000000000001,0.62119999999999997,0.56999999999999995,0.19399999999999998,1.0,0.0,4.0,1.0,594.0
0.0,5.0,18.0,1.0,0.62,0.60609999999999997,0.68999999999999995,0.22390000000000002,1.0,0.0,4.0,1.0,527.0
0.0,5.0,19.0,2.0,0.60000000000000009,0.60609999999999997,0.64000000000000001,0.19399999999999998,1.0,0.0,4.0,1.0,364.0
0.0,5.0,20.0,1.0,0.60000000000000009,0.60609999999999997,0.64000000000000001,0.19399999999999998,1.0,0.0,4.0,1.0,276.0
0.0,5.0,21.0,1.0,0.56000000000000005,0.53029999999999999,0.82999999999999996,0.1343,1.0,0.0,4.0,1.0,223.0
0.0,5.0,22.0,1.0,0.54000000000000004,0.51519999999999999,0.82999999999999996,0.19399999999999998,1.0,0.0,4.0,1.0,172.0
0.0,5.0,23.0,2.0,0.54000000000000004,0.51519999999999999,0.77000000000000002,0.19399999999999998,1.0,0.0,4.0,1.0,103.0
0.0,5.0,0.0,2.0,0.52000000000000002,0.5,0.82999999999999996,0.16420000000000001,1.0,0.0,5.0,1.0,52.0
0.0,5.0,1.0,1.0,0.52000000000000002,0.5,0.82999999999999996,0.16420000000000001,1.0,0.0,5.0,1.0,20.0
0.0,5.0,2.0,2.0,0.5,0.48479999999999995,0.88,0.1343,1.0,0.0,5.0,1.0,11.0
0.0,5.0,3.0,2.0,0.5,0.48479999999999995,0.88,0.1343,1.0,0.0,5.0,1.0,4.0
0.0,5.0,4.0,3.0,0.5,0.48479999999999995,0.88,0.16420000000000001,1.0,0.0,5.0,1.0,5.0
0.0,5.0,5.0,2.0,0.5,0.48479999999999995,0.88,0.19399999999999998,1.0,0.0,5.0,1.0,25.0
0.0,5.0,6.0,3.0,0.5,0.48479999999999995,0.88,0.1343,1.0,0.0,5.0,1.0,82.0
0.0,5.0,7.0,3.0,0.5,0.48479999999999995,0.88,0.16420000000000001,1.0,0.0,5.0,1.0,157.0
0.0,5.0,8.0,2.0,0.5,0.48479999999999995,0.88,0.19399999999999998,1.0,0.0,5.0,1.0,387.0
0.0,5.0,9.0,2.0,0.5,0.48479999999999995,0.88,0.19399999999999998,1.0,0.0,5.0,1.0,233.0
0.0,5.0,10.0,2.0,0.52000000000000002,0.5,0.82999999999999996,0.1343,1.0,0.0,5.0,1.0,130.0
0.0,5.0,11.0,2.0,0.52000000000000002,0.5,0.82999999999999996,0.16420000000000001,1.0,0.0,5.0,1.0,146.0
0.0,5.0,12.0,2.0,0.52000000000000002,0.5,0.88,0.19399999999999998,1.0,0.0,5.0,1.0,223.0
0.0,5.0,13.0,2.0,0.52000000000000002,0.5,0.88,0.3881,1.0,0.0,5.0,1.0,226.0
0.0,5.0,14.0,2.0,0.52000000000000002,0.5,0.87,0.28360000000000002,1.0,0.0,5.0,1.0,190.0
0.0,5.0,15.0,2.0,0.52000000000000002,0.5,0.88,0.16420000000000001,1.0,0.0,5.0,1.0,198.0
0.0,5.0,16.0,2.0,0.52000000000000002,0.5,0.88,0.1343,1.0,0.0,5.0,1.0,300.0
0.0,5.0,17.0,3.0,0.52000000000000002,0.5,0.88,0.16420000000000001,1.0,0.0,5.0,1.0,491.0
0.0,5.0,18.0,3.0,0.52000000000000002,0.5,0.88,0.16420000000000001,1.0,0.0,5.0,1.0,398.0
0.0,5.0,19.0,2.0,0.52000000000000002,0.5,0.82999999999999996,0.19399999999999998,1.0,0.0,5.0,1.0,270.0
0.0,5.0,20.0,2.0,0.52000000000000002,0.5,0.82999999999999996,0.1343,1.0,0.0,5.0,1.0,152.0
0.0,5.0,21.0,2.0,0.52000000000000002,0.5,0.83999999999999997,0.16420000000000001,1.0,0.0,5.0,1.0,154.0
0.0,5.0,22.0,2.0,0.52000000000000002,0.5,0.82999999999999996,0.22390000000000002,1.0,0.0,5.0,1.0,132.0
0.0,5.0,23.0,3.0,0.5,0.48479999999999995,0.88,0.16420000000000001,1.0,0.0,5.0,1.0,119.0
0.0,5.0,0.0,2.0,0.5,0.48479999999999995,0.88,0.1343,1.0,0.0,6.0,0.0,102.0
0.0,5.0,1.0,2.0,0.5,0.48479999999999995,0.88,0.1343,1.0,0.0,6.0,0.0,82.0
0.0,5.0,2.0,2.0,0.5,0.48479999999999995,0.88,0.1343,1.0,0.0,6.0,0.0,52.0
0.0,5.0,3.0,2.0,0.5,0.48479999999999995,0.88,0.1343,1.0,0.0,6.0,0.0,35.0
0.0,5.0,4.0,2.0,0.5,0.48479999999999995,0.81999999999999995,0.16420000000000001,1.0,0.0,6.0,0.0,5.0
0.0,5.0,5.0,2.0,0.5,0.48479999999999995,0.81999999999999995,0.1045,1.0,0.0,6.0,0.0,14.0
0.0,5.0,6.0,2.0,0.5,0.48479999999999995,0.88,0.1045,1.0,0.0,6.0,0.0,11.0
0.0,5.0,7.0,3.0,0.47999999999999998,0.46970000000000001,1.0,0.0,1.0,0.0,6.0,0.0,32.0
0.0,5.0,8.0,3.0,0.5,0.48479999999999995,0.93999999999999995,0.0,1.0,0.0,6.0,0.0,88.0
0.0,5.0,9.0,2.0,0.52000000000000002,0.5,0.93999999999999995,0.089599999999999999,1.0,0.0,6.0,0.0,100.0
0.0,5.0,10.0,2.0,0.52000000000000002,0.5,0.93999999999999995,0.16420000000000001,1.0,0.0,6.0,0.0,167.0
0.0,5.0,11.0,2.0,0.52000000000000002,0.5,0.93999999999999995,0.1343,1.0,0.0,6.0,0.0,279.0
0.0,5.0,12.0,3.0,0.52000000000000002,0.5,1.0,0.089599999999999999,1.0,0.0,6.0,0.0,279.0
0.0,5.0,13.0,3.0,0.52000000000000002,0.5,1.0,0.089599999999999999,1.0,0.0,6.0,0.0,248.0
0.0,5.0,14.0,2.0,0.54000000000000004,0.51519999999999999,0.93999999999999995,0.1343,1.0,0.0,6.0,0.0,216.0
0.0,5.0,15.0,2.0,0.54000000000000004,0.51519999999999999,0.93999999999999995,0.16420000000000001,1.0,0.0,6.0,0.0,294.0
0.0,5.0,16.0,2.0,0.54000000000000004,0.51519999999999999,0.93999999999999995,0.19399999999999998,1.0,0.0,6.0,0.0,295.0
0.0,5.0,17.0,2.0,0.56000000000000005,0.53029999999999999,0.88,0.19399999999999998,1.0,0.0,6.0,0.0,272.0
0.0,5.0,18.0,2.0,0.56000000000000005,0.53029999999999999,0.88,0.22390000000000002,1.0,0.0,6.0,0.0,304.0
0.0,5.0,19.0,3.0,0.54000000000000004,0.51519999999999999,0.93999999999999995,0.1343,1.0,0.0,6.0,0.0,248.0
0.0,5.0,20.0,3.0,0.54000000000000004,0.51519999999999999,0.93999999999999995,0.1343,1.0,0.0,6.0,0.0,157.0
0.0,5.0,21.0,3.0,0.54000000000000004,0.51519999999999999,0.93999999999999995,0.22390000000000002,1.0,0.0,6.0,0.0,59.0
0.0,5.0,22.0,3.0,0.54000000000000004,0.51519999999999999,0.93999999999999995,0.16420000000000001,1.0,0.0,6.0,0.0,26.0
0.0,5.0,23.0,3.0,0.52000000000000002,0.5,1.0,0.19399999999999998,1.0,0.0,6.0,0.0,44.0
0.0,5.0,0.0,2.0,0.52000000000000002,0.5,1.0,0.0,1.0,0.0,7.0,0.0,39.0
0.0,5.0,1.0,2.0,0.52000000000000002,0.5,1.0,0.1045,1.0,0.0,7.0,0.0,47.0
0.0,5.0,2.0,2.0,0.52000000000000002,0.5,1.0,0.1343,1.0,0.0,7.0,0.0,50.0
0.0,5.0,3.0,2.0,0.52000000000000002,0.5,1.0,0.0,1.0,0.0,7.0,0.0,32.0
0.0,5.0,4.0,2.0,0.52000000000000002,0.5,1.0,0.0,1.0,0.0,7.0,0.0,13.0
0.0,5.0,5.0,3.0,0.52000000000000002,0.5,1.0,0.1045,1.0,0.0,7.0,0.0,14.0
0.0,5.0,6.0,2.0,0.52000000000000002,0.5,1.0,0.1343,1.0,0.0,7.0,0.0,17.0
0.0,5.0,7.0,2.0,0.52000000000000002,0.5,1.0,0.1343,1.0,0.0,7.0,0.0,42.0
0.0,5.0,8.0,2.0,0.54000000000000004,0.51519999999999999,0.93999999999999995,0.1343,1.0,0.0,7.0,0.0,70.0
0.0,5.0,9.0,1.0,0.58000000000000007,0.54549999999999998,0.82999999999999996,0.25370000000000004,1.0,0.0,7.0,0.0,134.0
0.0,5.0,10.0,1.0,0.58000000000000007,0.54549999999999998,0.82999999999999996,0.22390000000000002,1.0,0.0,7.0,0.0,226.0
0.0,5.0,11.0,1.0,0.60000000000000009,0.57579999999999998,0.78000000000000003,0.22390000000000002,1.0,0.0,7.0,0.0,322.0
0.0,5.0,12.0,1.0,0.62,0.59089999999999998,0.72999999999999998,0.29850000000000004,1.0,0.0,7.0,0.0,367.0
0.0,5.0,13.0,1.0,0.62,0.59089999999999998,0.72999999999999998,0.28360000000000002,1.0,0.0,7.0,0.0,456.0
0.0,5.0,14.0,1.0,0.64000000000000001,0.60609999999999997,0.72999999999999998,0.19399999999999998,1.0,0.0,7.0,0.0,437.0
0.0,5.0,15.0,1.0,0.65999999999999992,0.62119999999999997,0.68999999999999995,0.25370000000000004,1.0,0.0,7.0,0.0,459.0
0.0,5.0,16.0,1.0,0.64000000000000001,0.60609999999999997,0.68999999999999995,0.25370000000000004,1.0,0.0,7.0,0.0,440.0
0.0,5.0,17.0,3.0,0.56000000000000005,0.53029999999999999,0.78000000000000003,0.35820000000000002,1.0,0.0,7.0,0.0,392.0
0.0,5.0,18.0,1.0,0.56000000000000005,0.53029999999999999,0.78000000000000003,0.25370000000000004,1.0,0.0,7.0,0.0,237.0
0.0,5.0,19.0,1.0,0.56000000000000005,0.53029999999999999,0.82999999999999996,0.1045,1.0,0.0,7.0,0.0,231.0
0.0,5.0,20.0,1.0,0.54000000000000004,0.51519999999999999,0.88,0.0,1.0,0.0,7.0,0.0,191.0
0.0,5.0,21.0,1.0,0.54000000000000004,0.51519999999999999,0.88,0.0,1.0,0.0,7.0,0.0,151.0
0.0,5.0,22.0,1.0,0.56000000000000005,0.53029999999999999,0.82999999999999996,0.0,1.0,0.0,7.0,0.0,117.0
0.0,5.0,23.0,1.0,0.54000000000000004,0.51519999999999999,0.88,0.22390000000000002,1.0,0.0,7.0,0.0,69.0
0.0,5.0,0.0,1.0,0.52000000000000002,0.5,0.93999999999999995,0.1045,1.0,0.0,1.0,1.0,38.0
0.0,5.0,1.0,1.0,0.52000000000000002,0.5,0.93999999999999995,0.1343,1.0,0.0,1.0,1.0,14.0
0.0,5.0,2.0,1.0,0.5,0.48479999999999995,1.0,0.089599999999999999,1.0,0.0,1.0,1.0,13.0
0.0,5.0,3.0,1.0,0.5,0.48479999999999995,0.93999999999999995,0.16420000000000001,1.0,0.0,1.0,1.0,4.0
0.0,5.0,4.0,1.0,0.5,0.48479999999999995,1.0,0.1343,1.0,0.0,1.0,1.0,6.0
0.0,5.0,5.0,1.0,0.5,0.48479999999999995,0.93000000000000005,0.19399999999999998,1.0,0.0,1.0,1.0,21.0
0.0,5.0,6.0,1.0,0.52000000000000002,0.5,0.88,0.16420000000000001,1.0,0.0,1.0,1.0,104.0
0.0,5.0,7.0,1.0,0.52000000000000002,0.5,0.82999999999999996,0.28360000000000002,1.0,0.0,1.0,1.0,272.0
0.0,5.0,8.0,1.0,0.56000000000000005,0.53029999999999999,0.72999999999999998,0.29850000000000004,1.0,0.0,1.0,1.0,394.0
0.0,5.0,9.0,1.0,0.60000000000000009,0.59089999999999998,0.68999999999999995,0.19399999999999998,1.0,0.0,1.0,1.0,194.0
0.0,5.0,10.0,1.0,0.62,0.60609999999999997,0.65000000000000002,0.089599999999999999,1.0,0.0,1.0,1.0,112.0
0.0,5.0,11.0,1.0,0.64000000000000001,0.62119999999999997,0.56999999999999995,0.0,1.0,0.0,1.0,1.0,185.0
0.0,5.0,12.0,1.0,0.65999999999999992,0.62119999999999997,0.54000000000000004,0.089599999999999999,1.0,0.0,1.0,1.0,209.0
0.0,5.0,13.0,1.0,0.67999999999999994,0.63639999999999997,0.51000000000000001,0.0,1.0,0.0,1.0,1.0,214.0
0.0,5.0,14.0,1.0,0.67999999999999994,0.63639999999999997,0.51000000000000001,0.0,1.0,0.0,1.0,1.0,193.0
0.0,5.0,15.0,1.0,0.71999999999999997,0.66670000000000007,0.51000000000000001,0.0,1.0,0.0,1.0,1.0,165.0
0.0,5.0,16.0,3.0,0.60000000000000009,0.57579999999999998,0.78000000000000003,0.25370000000000004,1.0,0.0,1.0,1.0,226.0
0.0,5.0,17.0,1.0,0.58000000000000007,0.54549999999999998,0.88,0.22390000000000002,1.0,0.0,1.0,1.0,274.0
0.0,5.0,18.0,3.0,0.58000000000000007,0.54549999999999998,0.82999999999999996,0.19399999999999998,1.0,0.0,1.0,1.0,453.0
0.0,5.0,19.0,1.0,0.58000000000000007,0.54549999999999998,0.82999999999999996,0.25370000000000004,1.0,0.0,1.0,1.0,308.0
0.0,5.0,20.0,1.0,0.58000000000000007,0.54549999999999998,0.82999999999999996,0.0,1.0,0.0,1.0,1.0,198.0
0.0,5.0,21.0,1.0,0.58000000000000007,0.54549999999999998,0.82999999999999996,0.0,1.0,0.0,1.0,1.0,177.0
0.0,5.0,22.0,1.0,0.56000000000000005,0.53029999999999999,0.88,0.089599999999999999,1.0,0.0,1.0,1.0,127.0
0.0,5.0,23.0,1.0,0.56000000000000005,0.53029999999999999,0.88,0.089599999999999999,1.0,0.0,1.0,1.0,57.0
0.0,5.0,0.0,2.0,0.56000000000000005,0.53029999999999999,0.88,0.0,1.0,0.0,2.0,1.0,31.0
0.0,5.0,1.0,3.0,0.56000000000000005,0.53029999999999999,0.88,0.0,1.0,0.0,2.0,1.0,13.0
0.0,5.0,2.0,3.0,0.56000000000000005,0.53029999999999999,0.88,0.0,1.0,0.0,2.0,1.0,8.0
0.0,5.0,3.0,3.0,0.54000000000000004,0.51519999999999999,0.93999999999999995,0.25370000000000004,1.0,0.0,2.0,1.0,4.0
0.0,5.0,4.0,3.0,0.54000000000000004,0.51519999999999999,0.93999999999999995,0.25370000000000004,1.0,0.0,2.0,1.0,4.0
0.0,5.0,5.0,3.0,0.52000000000000002,0.5,0.93999999999999995,0.25370000000000004,1.0,0.0,2.0,1.0,22.0
0.0,5.0,6.0,3.0,0.52000000000000002,0.5,0.93999999999999995,0.25370000000000004,1.0,0.0,2.0,1.0,49.0
0.0,5.0,7.0,2.0,0.52000000000000002,0.5,0.93999999999999995,0.25370000000000004,1.0,0.0,2.0,1.0,151.0
0.0,5.0,8.0,2.0,0.52000000000000002,0.5,0.93999999999999995,0.29850000000000004,1.0,0.0,2.0,1.0,347.0
0.0,5.0,9.0,2.0,0.54000000000000004,0.51519999999999999,0.88,0.25370000000000004,1.0,0.0,2.0,1.0,207.0
0.0,5.0,10.0,3.0,0.54000000000000004,0.51519999999999999,0.88,0.25370000000000004,1.0,0.0,2.0,1.0,104.0
0.0,5.0,11.0,2.0,0.56000000000000005,0.53029999999999999,0.82999999999999996,0.41790000000000005,1.0,0.0,2.0,1.0,130.0
0.0,5.0,12.0,3.0,0.56000000000000005,0.53029999999999999,0.82999999999999996,0.41790000000000005,1.0,0.0,2.0,1.0,153.0
0.0,5.0,13.0,2.0,0.56000000000000005,0.53029999999999999,0.88,0.32840000000000003,1.0,0.0,2.0,1.0,172.0
0.0,5.0,14.0,1.0,0.62,0.59089999999999998,0.72999999999999998,0.4627,1.0,0.0,2.0,1.0,184.0
0.0,5.0,15.0,1.0,0.62,0.60609999999999997,0.68999999999999995,0.44780000000000003,1.0,0.0,2.0,1.0,210.0
0.0,5.0,16.0,1.0,0.62,0.60609999999999997,0.60999999999999999,0.32840000000000003,1.0,0.0,2.0,1.0,290.0
0.0,5.0,17.0,1.0,0.62,0.60609999999999997,0.65000000000000002,0.41790000000000005,1.0,0.0,2.0,1.0,604.0
0.0,5.0,18.0,1.0,0.60000000000000009,0.59089999999999998,0.68999999999999995,0.29850000000000004,1.0,0.0,2.0,1.0,480.0
0.0,5.0,19.0,1.0,0.60000000000000009,0.59089999999999998,0.68999999999999995,0.25370000000000004,1.0,0.0,2.0,1.0,349.0
0.0,5.0,20.0,1.0,0.58000000000000007,0.54549999999999998,0.82999999999999996,0.41790000000000005,1.0,0.0,2.0,1.0,283.0
0.0,5.0,21.0,1.0,0.54000000000000004,0.51519999999999999,0.88,0.25370000000000004,1.0,0.0,2.0,1.0,174.0
0.0,5.0,22.0,2.0,0.54000000000000004,0.51519999999999999,0.88,0.28360000000000002,1.0,0.0,2.0,1.0,98.0
0.0,5.0,23.0,2.0,0.54000000000000004,0.51519999999999999,0.88,0.25370000000000004,1.0,0.0,2.0,1.0,56.0
0.0,5.0,0.0,2.0,0.54000000000000004,0.51519999999999999,0.88,0.22390000000000002,1.0,0.0,3.0,1.0,23.0
0.0,5.0,1.0,2.0,0.54000000000000004,0.51519999999999999,0.88,0.25370000000000004,1.0,0.0,3.0,1.0,12.0
0.0,5.0,2.0,3.0,0.52000000000000002,0.5,0.93999999999999995,0.22390000000000002,1.0,0.0,3.0,1.0,6.0
0.0,5.0,3.0,3.0,0.52000000000000002,0.5,0.93999999999999995,0.29850000000000004,1.0,0.0,3.0,1.0,9.0
0.0,5.0,4.0,3.0,0.52000000000000002,0.5,0.93999999999999995,0.29850000000000004,1.0,0.0,3.0,1.0,3.0
0.0,5.0,5.0,1.0,0.52000000000000002,0.5,1.0,0.22390000000000002,1.0,0.0,3.0,1.0,9.0
0.0,5.0,6.0,1.0,0.52000000000000002,0.5,1.0,0.1343,1.0,0.0,3.0,1.0,101.0
0.0,5.0,7.0,1.0,0.54000000000000004,0.51519999999999999,0.88,0.19399999999999998,1.0,0.0,3.0,1.0,274.0
0.0,5.0,8.0,1.0,0.56000000000000005,0.53029999999999999,0.88,0.28360000000000002,1.0,0.0,3.0,1.0,453.0
0.0,5.0,9.0,3.0,0.56000000000000005,0.53029999999999999,0.82999999999999996,0.25370000000000004,1.0,0.0,3.0,1.0,202.0
0.0,5.0,10.0,3.0,0.54000000000000004,0.51519999999999999,0.88,0.28360000000000002,1.0,0.0,3.0,1.0,106.0
0.0,5.0,11.0,2.0,0.54000000000000004,0.51519999999999999,0.93999999999999995,0.089599999999999999,1.0,0.0,3.0,1.0,23.0
0.0,5.0,12.0,1.0,0.56000000000000005,0.53029999999999999,0.93999999999999995,0.29850000000000004,1.0,0.0,3.0,1.0,54.0
0.0,5.0,13.0,2.0,0.56000000000000005,0.53029999999999999,0.82999999999999996,0.32840000000000003,1.0,0.0,3.0,1.0,122.0
0.0,5.0,14.0,2.0,0.58000000000000007,0.54549999999999998,0.78000000000000003,0.28360000000000002,1.0,0.0,3.0,1.0,138.0
0.0,5.0,15.0,1.0,0.60000000000000009,0.57579999999999998,0.78000000000000003,0.25370000000000004,1.0,0.0,3.0,1.0,167.0
0.0,5.0,16.0,1.0,0.60000000000000009,0.59089999999999998,0.72999999999999998,0.19399999999999998,1.0,0.0,3.0,1.0,294.0
0.0,5.0,17.0,1.0,0.60000000000000009,0.59089999999999998,0.68999999999999995,0.1343,1.0,0.0,3.0,1.0,565.0
0.0,5.0,18.0,1.0,0.60000000000000009,0.59089999999999998,0.72999999999999998,0.22390000000000002,1.0,0.0,3.0,1.0,489.0
0.0,5.0,19.0,3.0,0.56000000000000005,0.53029999999999999,0.88,0.1343,1.0,0.0,3.0,1.0,331.0
0.0,5.0,20.0,3.0,0.56000000000000005,0.53029999999999999,0.88,0.1343,1.0,0.0,3.0,1.0,213.0
0.0,5.0,21.0,1.0,0.52000000000000002,0.5,0.88,0.0,1.0,0.0,3.0,1.0,85.0
0.0,5.0,22.0,1.0,0.52000000000000002,0.5,0.82999999999999996,0.0,1.0,0.0,3.0,1.0,117.0
0.0,5.0,23.0,1.0,0.52000000000000002,0.5,0.93999999999999995,0.089599999999999999,1.0,0.0,3.0,1.0,59.0
0.0,5.0,0.0,1.0,0.52000000000000002,0.5,0.93999999999999995,0.1045,1.0,0.0,4.0,1.0,29.0
0.0,5.0,1.0,1.0,0.5,0.48479999999999995,0.93999999999999995,0.0,1.0,0.0,4.0,1.0,6.0
0.0,5.0,2.0,1.0,0.5,0.48479999999999995,0.93999999999999995,0.0,1.0,0.0,4.0,1.0,15.0
0.0,5.0,3.0,1.0,0.47999999999999998,0.46970000000000001,1.0,0.0,1.0,0.0,4.0,1.0,4.0
0.0,5.0,4.0,1.0,0.47999999999999998,0.46970000000000001,0.93999999999999995,0.0,1.0,0.0,4.0,1.0,5.0
0.0,5.0,5.0,1.0,0.47999999999999998,0.46970000000000001,0.93999999999999995,0.0,1.0,0.0,4.0,1.0,26.0
0.0,5.0,6.0,2.0,0.5,0.48479999999999995,0.93999999999999995,0.0,1.0,0.0,4.0,1.0,103.0
0.0,5.0,7.0,2.0,0.5,0.48479999999999995,1.0,0.0,1.0,0.0,4.0,1.0,257.0
0.0,5.0,8.0,2.0,0.52000000000000002,0.5,0.88,0.0,1.0,0.0,4.0,1.0,487.0
0.0,5.0,9.0,2.0,0.54000000000000004,0.51519999999999999,0.88,0.089599999999999999,1.0,0.0,4.0,1.0,216.0
0.0,5.0,10.0,2.0,0.54000000000000004,0.51519999999999999,0.82999999999999996,0.0,1.0,0.0,4.0,1.0,130.0
0.0,5.0,11.0,3.0,0.54000000000000004,0.51519999999999999,0.88,0.16420000000000001,1.0,0.0,4.0,1.0,164.0
0.0,5.0,12.0,2.0,0.58000000000000007,0.54549999999999998,0.78000000000000003,0.1045,1.0,0.0,4.0,1.0,168.0
0.0,5.0,13.0,3.0,0.58000000000000007,0.54549999999999998,0.64000000000000001,0.25370000000000004,1.0,0.0,4.0,1.0,183.0
0.0,5.0,14.0,3.0,0.54000000000000004,0.51519999999999999,0.72999999999999998,0.19399999999999998,1.0,0.0,4.0,1.0,180.0
0.0,5.0,15.0,1.0,0.56000000000000005,0.53029999999999999,0.78000000000000003,0.16420000000000001,1.0,0.0,4.0,1.0,188.0
0.0,5.0,16.0,1.0,0.58000000000000007,0.54549999999999998,0.64000000000000001,0.19399999999999998,1.0,0.0,4.0,1.0,302.0
0.0,5.0,17.0,1.0,0.56000000000000005,0.53029999999999999,0.78000000000000003,0.16420000000000001,1.0,0.0,4.0,1.0,547.0
0.0,5.0,18.0,1.0,0.60000000000000009,0.62119999999999997,0.55000000000000004,0.16420000000000001,1.0,0.0,4.0,1.0,513.0
0.0,5.0,19.0,1.0,0.58000000000000007,0.54549999999999998,0.59999999999999998,0.1343,1.0,0.0,4.0,1.0,410.0
0.0,5.0,20.0,1.0,0.54000000000000004,0.51519999999999999,0.77000000000000002,0.28360000000000002,1.0,0.0,4.0,1.0,282.0
0.0,5.0,21.0,1.0,0.54000000000000004,0.51519999999999999,0.77000000000000002,0.28360000000000002,1.0,0.0,4.0,1.0,209.0
0.0,5.0,22.0,3.0,0.5,0.48479999999999995,0.81999999999999995,0.29850000000000004,1.0,0.0,4.0,1.0,79.0
0.0,5.0,23.0,1.0,0.47999999999999998,0.46970000000000001,0.93999999999999995,0.0,1.0,0.0,4.0,1.0,72.0
0.0,5.0,0.0,1.0,0.45999999999999996,0.45450000000000002,0.93999999999999995,0.089599999999999999,1.0,0.0,5.0,1.0,48.0
0.0,5.0,1.0,1.0,0.45999999999999996,0.45450000000000002,1.0,0.0,1.0,0.0,5.0,1.0,25.0
0.0,5.0,2.0,1.0,0.44,0.43939999999999996,1.0,0.089599999999999999,1.0,0.0,5.0,1.0,8.0
0.0,5.0,3.0,1.0,0.44,0.43939999999999996,1.0,0.0,1.0,0.0,5.0,1.0,5.0
0.0,5.0,4.0,1.0,0.44,0.43939999999999996,0.93999999999999995,0.089599999999999999,1.0,0.0,5.0,1.0,5.0
0.0,5.0,5.0,1.0,0.44,0.43939999999999996,0.93999999999999995,0.1045,1.0,0.0,5.0,1.0,28.0
0.0,5.0,6.0,1.0,0.45999999999999996,0.45450000000000002,0.88,0.1045,1.0,0.0,5.0,1.0,117.0
0.0,5.0,7.0,1.0,0.5,0.48479999999999995,0.77000000000000002,0.16420000000000001,1.0,0.0,5.0,1.0,319.0
0.0,5.0,8.0,1.0,0.54000000000000004,0.51519999999999999,0.68000000000000005,0.0,1.0,0.0,5.0,1.0,517.0
0.0,5.0,9.0,1.0,0.54000000000000004,0.51519999999999999,0.68000000000000005,0.22390000000000002,1.0,0.0,5.0,1.0,234.0
0.0,5.0,10.0,1.0,0.56000000000000005,0.53029999999999999,0.64000000000000001,0.19399999999999998,1.0,0.0,5.0,1.0,148.0
0.0,5.0,11.0,2.0,0.58000000000000007,0.54549999999999998,0.59999999999999998,0.19399999999999998,1.0,0.0,5.0,1.0,196.0
0.0,5.0,12.0,2.0,0.60000000000000009,0.62119999999999997,0.56000000000000005,0.25370000000000004,1.0,0.0,5.0,1.0,255.0
0.0,5.0,13.0,3.0,0.60000000000000009,0.62119999999999997,0.56000000000000005,0.28360000000000002,1.0,0.0,5.0,1.0,232.0
0.0,5.0,14.0,1.0,0.62,0.62119999999999997,0.53000000000000003,0.22390000000000002,1.0,0.0,5.0,1.0,197.0
0.0,5.0,15.0,2.0,0.60000000000000009,0.62119999999999997,0.56000000000000005,0.19399999999999998,1.0,0.0,5.0,1.0,242.0
0.0,5.0,16.0,2.0,0.60000000000000009,0.62119999999999997,0.53000000000000003,0.16420000000000001,1.0,0.0,5.0,1.0,330.0
0.0,5.0,17.0,1.0,0.62,0.62119999999999997,0.53000000000000003,0.0,1.0,0.0,5.0,1.0,554.0
0.0,5.0,18.0,1.0,0.60000000000000009,0.62119999999999997,0.56000000000000005,0.16420000000000001,1.0,0.0,5.0,1.0,473.0
0.0,5.0,19.0,1.0,0.58000000000000007,0.54549999999999998,0.64000000000000001,0.089599999999999999,1.0,0.0,5.0,1.0,302.0
0.0,5.0,20.0,1.0,0.58000000000000007,0.54549999999999998,0.64000000000000001,0.1045,1.0,0.0,5.0,1.0,220.0
0.0,5.0,21.0,1.0,0.56000000000000005,0.53029999999999999,0.64000000000000001,0.1045,1.0,0.0,5.0,1.0,195.0
0.0,5.0,22.0,1.0,0.54000000000000004,0.51519999999999999,0.72999999999999998,0.0,1.0,0.0,5.0,1.0,152.0
0.0,5.0,23.0,1.0,0.52000000000000002,0.5,0.71999999999999997,0.16420000000000001,1.0,0.0,5.0,1.0,115.0
0.0,5.0,0.0,1.0,0.52000000000000002,0.5,0.77000000000000002,0.1045,1.0,0.0,6.0,0.0,98.0
0.0,5.0,1.0,1.0,0.52000000000000002,0.5,0.71999999999999997,0.0,1.0,0.0,6.0,0.0,72.0
0.0,5.0,2.0,1.0,0.52000000000000002,0.5,0.71999999999999997,0.1045,1.0,0.0,6.0,0.0,40.0
0.0,5.0,3.0,1.0,0.47999999999999998,0.46970000000000001,0.81999999999999995,0.1045,1.0,0.0,6.0,0.0,19.0
0.0,5.0,4.0,1.0,0.45999999999999996,0.45450000000000002,0.88,0.1343,1.0,0.0,6.0,0.0,7.0
0.0,5.0,5.0,1.0,0.45999999999999996,0.45450000000000002,0.88,0.1045,1.0,0.0,6.0,0.0,5.0
0.0,5.0,6.0,1.0,0.5,0.48479999999999995,0.81999999999999995,0.1343,1.0,0.0,6.0,0.0,28.0
0.0,5.0,7.0,1.0,0.54000000000000004,0.51519999999999999,0.72999999999999998,0.1343,1.0,0.0,6.0,0.0,43.0
0.0,5.0,8.0,1.0,0.56000000000000005,0.53029999999999999,0.68000000000000005,0.28360000000000002,1.0,0.0,6.0,0.0,126.0
0.0,5.0,9.0,1.0,0.60000000000000009,0.60609999999999997,0.64000000000000001,0.22390000000000002,1.0,0.0,6.0,0.0,225.0
0.0,5.0,10.0,1.0,0.62,0.60609999999999997,0.60999999999999999,0.1045,1.0,0.0,6.0,0.0,323.0
0.0,5.0,11.0,1.0,0.64000000000000001,0.62119999999999997,0.53000000000000003,0.1343,1.0,0.0,6.0,0.0,418.0
0.0,5.0,12.0,1.0,0.65999999999999992,0.62119999999999997,0.5,0.0,1.0,0.0,6.0,0.0,493.0
0.0,5.0,13.0,1.0,0.69999999999999996,0.63639999999999997,0.45000000000000001,0.0,1.0,0.0,6.0,0.0,462.0
0.0,5.0,14.0,1.0,0.71999999999999997,0.65150000000000008,0.41999999999999998,0.0,1.0,0.0,6.0,0.0,456.0
0.0,5.0,15.0,1.0,0.71999999999999997,0.65150000000000008,0.45000000000000001,0.25370000000000004,1.0,0.0,6.0,0.0,506.0
0.0,5.0,16.0,2.0,0.71999999999999997,0.65150000000000008,0.39000000000000001,0.25370000000000004,1.0,0.0,6.0,0.0,471.0
0.0,5.0,17.0,2.0,0.71999999999999997,0.65150000000000008,0.41999999999999998,0.16420000000000001,1.0,0.0,6.0,0.0,444.0
0.0,5.0,18.0,2.0,0.69999999999999996,0.63639999999999997,0.45000000000000001,0.16420000000000001,1.0,0.0,6.0,0.0,444.0
0.0,5.0,19.0,1.0,0.67999999999999994,0.63639999999999997,0.46999999999999997,0.16420000000000001,1.0,0.0,6.0,0.0,301.0
0.0,5.0,20.0,1.0,0.62,0.60609999999999997,0.60999999999999999,0.0,1.0,0.0,6.0,0.0,248.0
0.0,5.0,21.0,1.0,0.62,0.60609999999999997,0.60999999999999999,0.1045,1.0,0.0,6.0,0.0,227.0
0.0,5.0,22.0,1.0,0.60000000000000009,0.59089999999999998,0.68999999999999995,0.1343,1.0,0.0,6.0,0.0,204.0
0.0,5.0,23.0,1.0,0.58000000000000007,0.54549999999999998,0.78000000000000003,0.089599999999999999,1.0,0.0,6.0,0.0,145.0
0.0,5.0,0.0,1.0,0.54000000000000004,0.51519999999999999,0.88,0.16420000000000001,1.0,0.0,7.0,0.0,131.0
0.0,5.0,1.0,1.0,0.52000000000000002,0.5,0.93999999999999995,0.1343,1.0,0.0,7.0,0.0,98.0
0.0,5.0,2.0,1.0,0.52000000000000002,0.5,0.93999999999999995,0.1045,1.0,0.0,7.0,0.0,68.0
0.0,5.0,3.0,1.0,0.5,0.48479999999999995,1.0,0.1045,1.0,0.0,7.0,0.0,33.0
0.0,5.0,4.0,1.0,0.5,0.48479999999999995,1.0,0.0,1.0,0.0,7.0,0.0,12.0
0.0,5.0,5.0,1.0,0.5,0.48479999999999995,1.0,0.1045,1.0,0.0,7.0,0.0,6.0
0.0,5.0,6.0,1.0,0.52000000000000002,0.5,0.93999999999999995,0.1045,1.0,0.0,7.0,0.0,18.0
0.0,5.0,7.0,1.0,0.54000000000000004,0.51519999999999999,0.88,0.1045,1.0,0.0,7.0,0.0,40.0
0.0,5.0,8.0,1.0,0.60000000000000009,0.59089999999999998,0.72999999999999998,0.089599999999999999,1.0,0.0,7.0,0.0,94.0
0.0,5.0,9.0,1.0,0.62,0.60609999999999997,0.68999999999999995,0.1045,1.0,0.0,7.0,0.0,189.0
0.0,5.0,10.0,1.0,0.64000000000000001,0.60609999999999997,0.65000000000000002,0.1343,1.0,0.0,7.0,0.0,305.0
0.0,5.0,11.0,1.0,0.69999999999999996,0.65150000000000008,0.54000000000000004,0.19399999999999998,1.0,0.0,7.0,0.0,373.0
0.0,5.0,12.0,2.0,0.71999999999999997,0.66670000000000007,0.51000000000000001,0.19399999999999998,1.0,0.0,7.0,0.0,401.0
0.0,5.0,13.0,2.0,0.65999999999999992,0.62119999999999997,0.54000000000000004,0.22390000000000002,1.0,0.0,7.0,0.0,455.0
0.0,5.0,14.0,3.0,0.62,0.60609999999999997,0.68999999999999995,0.19399999999999998,1.0,0.0,7.0,0.0,316.0
0.0,5.0,15.0,2.0,0.65999999999999992,0.62119999999999997,0.60999999999999999,0.16420000000000001,1.0,0.0,7.0,0.0,331.0
0.0,5.0,16.0,1.0,0.67999999999999994,0.63639999999999997,0.60999999999999999,0.1343,1.0,0.0,7.0,0.0,273.0
0.0,5.0,17.0,1.0,0.69999999999999996,0.65150000000000008,0.57999999999999996,0.25370000000000004,1.0,0.0,7.0,0.0,306.0
0.0,5.0,18.0,1.0,0.65999999999999992,0.62119999999999997,0.60999999999999999,0.22390000000000002,1.0,0.0,7.0,0.0,358.0
0.0,5.0,19.0,1.0,0.65999999999999992,0.62119999999999997,0.60999999999999999,0.19399999999999998,1.0,0.0,7.0,0.0,300.0
0.0,5.0,20.0,1.0,0.64000000000000001,0.60609999999999997,0.65000000000000002,0.16420000000000001,1.0,0.0,7.0,0.0,231.0
0.0,5.0,21.0,1.0,0.62,0.59089999999999998,0.72999999999999998,0.19399999999999998,1.0,0.0,7.0,0.0,136.0
0.0,5.0,22.0,1.0,0.60000000000000009,0.56059999999999999,0.82999999999999996,0.1343,1.0,0.0,7.0,0.0,121.0
0.0,5.0,23.0,2.0,0.58000000000000007,0.54549999999999998,0.82999999999999996,0.1343,1.0,0.0,7.0,0.0,65.0
0.0,5.0,0.0,2.0,0.56000000000000005,0.53029999999999999,0.88,0.1343,1.0,0.0,1.0,1.0,41.0
0.0,5.0,1.0,1.0,0.56000000000000005,0.53029999999999999,0.88,0.1045,1.0,0.0,1.0,1.0,9.0
0.0,5.0,2.0,3.0,0.56000000000000005,0.53029999999999999,0.88,0.16420000000000001,1.0,0.0,1.0,1.0,5.0
0.0,5.0,3.0,3.0,0.54000000000000004,0.51519999999999999,0.93999999999999995,0.16420000000000001,1.0,0.0,1.0,1.0,4.0
0.0,5.0,4.0,2.0,0.54000000000000004,0.51519999999999999,0.93999999999999995,0.0,1.0,0.0,1.0,1.0,4.0
0.0,5.0,5.0,2.0,0.54000000000000004,0.51519999999999999,0.93999999999999995,0.0,1.0,0.0,1.0,1.0,11.0
0.0,5.0,6.0,2.0,0.54000000000000004,0.51519999999999999,1.0,0.0,1.0,0.0,1.0,1.0,96.0
0.0,5.0,7.0,2.0,0.56000000000000005,0.53029999999999999,0.93999999999999995,0.1045,1.0,0.0,1.0,1.0,236.0
0.0,5.0,8.0,1.0,0.60000000000000009,0.54549999999999998,0.88,0.19399999999999998,1.0,0.0,1.0,1.0,409.0
0.0,5.0,9.0,1.0,0.60000000000000009,0.54549999999999998,0.88,0.22390000000000002,1.0,0.0,1.0,1.0,167.0
0.0,5.0,10.0,1.0,0.65999999999999992,0.62119999999999997,0.73999999999999999,0.29850000000000004,1.0,0.0,1.0,1.0,121.0
0.0,5.0,11.0,1.0,0.67999999999999994,0.63639999999999997,0.68999999999999995,0.3881,1.0,0.0,1.0,1.0,180.0
0.0,5.0,12.0,1.0,0.67999999999999994,0.63639999999999997,0.68999999999999995,0.3881,1.0,0.0,1.0,1.0,204.0
0.0,5.0,13.0,2.0,0.73999999999999999,0.68180000000000007,0.57999999999999996,0.41790000000000005,1.0,0.0,1.0,1.0,204.0
0.0,5.0,14.0,2.0,0.71999999999999997,0.68180000000000007,0.62,0.52239999999999998,1.0,0.0,1.0,1.0,187.0
0.0,5.0,15.0,2.0,0.71999999999999997,0.68180000000000007,0.62,0.44780000000000003,1.0,0.0,1.0,1.0,176.0
0.0,5.0,16.0,2.0,0.71999999999999997,0.68180000000000007,0.62,0.29850000000000004,1.0,0.0,1.0,1.0,279.0
0.0,5.0,17.0,3.0,0.71999999999999997,0.68180000000000007,0.69999999999999996,0.3881,1.0,0.0,1.0,1.0,429.0
0.0,5.0,18.0,1.0,0.69999999999999996,0.66670000000000007,0.73999999999999999,0.28360000000000002,1.0,0.0,1.0,1.0,453.0
0.0,5.0,19.0,1.0,0.69999999999999996,0.66670000000000007,0.73999999999999999,0.22390000000000002,1.0,0.0,1.0,1.0,358.0
0.0,5.0,20.0,1.0,0.64000000000000001,0.57579999999999998,0.82999999999999996,0.22390000000000002,1.0,0.0,1.0,1.0,310.0
0.0,5.0,21.0,1.0,0.64000000000000001,0.57579999999999998,0.89000000000000001,0.22390000000000002,1.0,0.0,1.0,1.0,188.0
0.0,5.0,22.0,1.0,0.62,0.54549999999999998,0.93999999999999995,0.22390000000000002,1.0,0.0,1.0,1.0,131.0
0.0,5.0,23.0,2.0,0.62,0.56059999999999999,0.88,0.19399999999999998,1.0,0.0,1.0,1.0,72.0
0.0,5.0,0.0,2.0,0.60000000000000009,0.51519999999999999,0.93999999999999995,0.19399999999999998,1.0,0.0,2.0,1.0,35.0
0.0,5.0,1.0,2.0,0.60000000000000009,0.51519999999999999,0.93999999999999995,0.16420000000000001,1.0,0.0,2.0,1.0,15.0
0.0,5.0,2.0,2.0,0.60000000000000009,0.51519999999999999,0.93999999999999995,0.19399999999999998,1.0,0.0,2.0,1.0,10.0
0.0,5.0,3.0,2.0,0.58000000000000007,0.54549999999999998,0.93999999999999995,0.1045,1.0,0.0,2.0,1.0,2.0
0.0,5.0,4.0,1.0,0.60000000000000009,0.54549999999999998,0.88,0.1045,1.0,0.0,2.0,1.0,4.0
0.0,5.0,5.0,2.0,0.58000000000000007,0.54549999999999998,0.93999999999999995,0.25370000000000004,1.0,0.0,2.0,1.0,24.0
0.0,5.0,6.0,2.0,0.58000000000000007,0.54549999999999998,0.93999999999999995,0.19399999999999998,1.0,0.0,2.0,1.0,112.0
0.0,5.0,7.0,3.0,0.64000000000000001,0.59089999999999998,0.78000000000000003,0.19399999999999998,1.0,0.0,2.0,1.0,314.0
0.0,5.0,8.0,3.0,0.62,0.57579999999999998,0.82999999999999996,0.22390000000000002,1.0,0.0,2.0,1.0,434.0
0.0,5.0,9.0,2.0,0.64000000000000001,0.60609999999999997,0.72999999999999998,0.19399999999999998,1.0,0.0,2.0,1.0,138.0
0.0,5.0,10.0,1.0,0.69999999999999996,0.65150000000000008,0.60999999999999999,0.32840000000000003,1.0,0.0,2.0,1.0,108.0
0.0,5.0,11.0,1.0,0.73999999999999999,0.66670000000000007,0.51000000000000001,0.22390000000000002,1.0,0.0,2.0,1.0,175.0
0.0,5.0,12.0,1.0,0.76000000000000001,0.68180000000000007,0.45000000000000001,0.3881,1.0,0.0,2.0,1.0,170.0
0.0,5.0,13.0,1.0,0.78000000000000003,0.69700000000000006,0.46000000000000002,0.25370000000000004,1.0,0.0,2.0,1.0,190.0
0.0,5.0,14.0,1.0,0.78000000000000003,0.69700000000000006,0.46000000000000002,0.28360000000000002,1.0,0.0,2.0,1.0,153.0
0.0,5.0,15.0,3.0,0.73999999999999999,0.68180000000000007,0.55000000000000004,0.41790000000000005,1.0,0.0,2.0,1.0,188.0
0.0,5.0,16.0,1.0,0.65999999999999992,0.62119999999999997,0.68999999999999995,0.19399999999999998,1.0,0.0,2.0,1.0,277.0
0.0,5.0,17.0,1.0,0.69999999999999996,0.65150000000000008,0.60999999999999999,0.1045,1.0,0.0,2.0,1.0,548.0
0.0,5.0,18.0,1.0,0.69999999999999996,0.65150000000000008,0.69999999999999996,0.19399999999999998,1.0,0.0,2.0,1.0,564.0
0.0,5.0,19.0,1.0,0.65999999999999992,0.62119999999999997,0.73999999999999999,0.19399999999999998,1.0,0.0,2.0,1.0,355.0
0.0,5.0,20.0,1.0,0.65999999999999992,0.62119999999999997,0.73999999999999999,0.089599999999999999,1.0,0.0,2.0,1.0,280.0
0.0,5.0,21.0,1.0,0.64000000000000001,0.59089999999999998,0.78000000000000003,0.089599999999999999,1.0,0.0,2.0,1.0,189.0
0.0,5.0,22.0,3.0,0.62,0.56059999999999999,0.88,0.22390000000000002,1.0,0.0,2.0,1.0,141.0
0.0,5.0,23.0,3.0,0.65999999999999992,0.62119999999999997,0.73999999999999999,0.16420000000000001,1.0,0.0,2.0,1.0,66.0
0.0,5.0,0.0,3.0,0.60000000000000009,0.56059999999999999,0.82999999999999996,0.22390000000000002,1.0,0.0,3.0,1.0,35.0
0.0,5.0,1.0,3.0,0.58000000000000007,0.54549999999999998,0.82999999999999996,0.19399999999999998,1.0,0.0,3.0,1.0,8.0
0.0,5.0,2.0,2.0,0.56000000000000005,0.53029999999999999,0.93999999999999995,0.0,1.0,0.0,3.0,1.0,8.0
0.0,5.0,3.0,1.0,0.54000000000000004,0.51519999999999999,1.0,0.1343,1.0,0.0,3.0,1.0,9.0
0.0,5.0,4.0,1.0,0.54000000000000004,0.51519999999999999,1.0,0.1045,1.0,0.0,3.0,1.0,3.0
0.0,5.0,5.0,1.0,0.56000000000000005,0.53029999999999999,0.88,0.089599999999999999,1.0,0.0,3.0,1.0,25.0
0.0,5.0,6.0,1.0,0.56000000000000005,0.53029999999999999,0.93999999999999995,0.089599999999999999,1.0,0.0,3.0,1.0,117.0
0.0,5.0,7.0,1.0,0.62,0.59089999999999998,0.72999999999999998,0.1343,1.0,0.0,3.0,1.0,313.0
0.0,5.0,8.0,1.0,0.64000000000000001,0.60609999999999997,0.68999999999999995,0.22390000000000002,1.0,0.0,3.0,1.0,531.0
0.0,5.0,9.0,1.0,0.67999999999999994,0.63639999999999997,0.65000000000000002,0.089599999999999999,1.0,0.0,3.0,1.0,234.0
0.0,5.0,10.0,1.0,0.69999999999999996,0.65150000000000008,0.60999999999999999,0.089599999999999999,1.0,0.0,3.0,1.0,135.0
0.0,5.0,11.0,1.0,0.73999999999999999,0.66670000000000007,0.51000000000000001,0.089599999999999999,1.0,0.0,3.0,1.0,140.0
0.0,5.0,12.0,1.0,0.73999999999999999,0.68180000000000007,0.55000000000000004,0.1343,1.0,0.0,3.0,1.0,210.0
0.0,5.0,13.0,1.0,0.73999999999999999,0.68180000000000007,0.55000000000000004,0.1343,1.0,0.0,3.0,1.0,202.0
0.0,5.0,14.0,1.0,0.73999999999999999,0.68180000000000007,0.55000000000000004,0.16420000000000001,1.0,0.0,3.0,1.0,168.0
0.0,5.0,15.0,1.0,0.76000000000000001,0.69700000000000006,0.52000000000000002,0.25370000000000004,1.0,0.0,3.0,1.0,182.0
0.0,5.0,16.0,1.0,0.73999999999999999,0.66670000000000007,0.51000000000000001,0.28360000000000002,1.0,0.0,3.0,1.0,299.0
0.0,5.0,17.0,1.0,0.73999999999999999,0.66670000000000007,0.51000000000000001,0.22390000000000002,1.0,0.0,3.0,1.0,601.0
0.0,5.0,18.0,1.0,0.71999999999999997,0.66670000000000007,0.57999999999999996,0.22390000000000002,1.0,0.0,3.0,1.0,517.0
0.0,5.0,19.0,1.0,0.69999999999999996,0.65150000000000008,0.60999999999999999,0.1343,1.0,0.0,3.0,1.0,405.0
0.0,5.0,20.0,1.0,0.69999999999999996,0.65150000000000008,0.60999999999999999,0.16420000000000001,1.0,0.0,3.0,1.0,340.0
0.0,5.0,21.0,1.0,0.65999999999999992,0.62119999999999997,0.68999999999999995,0.1343,1.0,0.0,3.0,1.0,236.0
0.0,5.0,22.0,1.0,0.65999999999999992,0.62119999999999997,0.68999999999999995,0.25370000000000004,1.0,0.0,3.0,1.0,174.0
0.0,5.0,23.0,1.0,0.64000000000000001,0.60609999999999997,0.72999999999999998,0.1343,1.0,0.0,3.0,1.0,86.0
0.0,5.0,0.0,1.0,0.64000000000000001,0.60609999999999997,0.72999999999999998,0.1343,1.0,0.0,4.0,1.0,45.0
0.0,5.0,1.0,1.0,0.64000000000000001,0.60609999999999997,0.72999999999999998,0.1343,1.0,0.0,4.0,1.0,16.0
0.0,5.0,2.0,1.0,0.62,0.57579999999999998,0.82999999999999996,0.1045,1.0,0.0,4.0,1.0,14.0
0.0,5.0,3.0,1.0,0.60000000000000009,0.54549999999999998,0.88,0.089599999999999999,1.0,0.0,4.0,1.0,4.0
0.0,5.0,4.0,1.0,0.60000000000000009,0.54549999999999998,0.88,0.0,1.0,0.0,4.0,1.0,2.0
0.0,5.0,5.0,2.0,0.60000000000000009,0.54549999999999998,0.88,0.089599999999999999,1.0,0.0,4.0,1.0,27.0
0.0,5.0,6.0,2.0,0.60000000000000009,0.5,1.0,0.089599999999999999,1.0,0.0,4.0,1.0,98.0
0.0,5.0,7.0,2.0,0.62,0.54549999999999998,0.93999999999999995,0.25370000000000004,1.0,0.0,4.0,1.0,286.0
0.0,5.0,8.0,2.0,0.65999999999999992,0.60609999999999997,0.82999999999999996,0.16420000000000001,1.0,0.0,4.0,1.0,489.0
0.0,5.0,9.0,1.0,0.71999999999999997,0.68180000000000007,0.69999999999999996,0.16420000000000001,1.0,0.0,4.0,1.0,216.0
0.0,5.0,10.0,1.0,0.69999999999999996,0.66670000000000007,0.73999999999999999,0.28360000000000002,1.0,0.0,4.0,1.0,143.0
0.0,5.0,11.0,1.0,0.73999999999999999,0.69700000000000006,0.66000000000000003,0.22390000000000002,1.0,0.0,4.0,1.0,160.0
0.0,5.0,12.0,1.0,0.78000000000000003,0.74239999999999995,0.58999999999999997,0.32840000000000003,1.0,0.0,4.0,1.0,194.0
0.0,5.0,13.0,1.0,0.81999999999999995,0.77269999999999994,0.52000000000000002,0.28360000000000002,1.0,0.0,4.0,1.0,197.0
0.0,5.0,14.0,1.0,0.81999999999999995,0.77269999999999994,0.52000000000000002,0.28360000000000002,1.0,0.0,4.0,1.0,189.0
0.0,5.0,15.0,2.0,0.81999999999999995,0.75760000000000005,0.46000000000000002,0.28360000000000002,1.0,0.0,4.0,1.0,141.0
0.0,5.0,16.0,2.0,0.79999999999999993,0.74239999999999995,0.48999999999999999,0.35820000000000002,1.0,0.0,4.0,1.0,291.0
0.0,5.0,17.0,1.0,0.79999999999999993,0.72730000000000006,0.46000000000000002,0.28360000000000002,1.0,0.0,4.0,1.0,494.0
0.0,5.0,18.0,1.0,0.79999999999999993,0.72730000000000006,0.46000000000000002,0.32840000000000003,1.0,0.0,4.0,1.0,478.0
0.0,5.0,19.0,1.0,0.78000000000000003,0.69700000000000006,0.46000000000000002,0.32840000000000003,1.0,0.0,4.0,1.0,378.0
0.0,5.0,20.0,1.0,0.71999999999999997,0.66670000000000007,0.57999999999999996,0.16420000000000001,1.0,0.0,4.0,1.0,322.0
0.0,5.0,21.0,1.0,0.71999999999999997,0.68180000000000007,0.62,0.089599999999999999,1.0,0.0,4.0,1.0,223.0
0.0,5.0,22.0,1.0,0.69999999999999996,0.65150000000000008,0.65000000000000002,0.1343,1.0,0.0,4.0,1.0,180.0
0.0,5.0,23.0,1.0,0.69999999999999996,0.65150000000000008,0.65000000000000002,0.19399999999999998,1.0,0.0,4.0,1.0,90.0
0.0,5.0,0.0,1.0,0.67999999999999994,0.63639999999999997,0.68999999999999995,0.25370000000000004,1.0,0.0,5.0,1.0,69.0
0.0,5.0,1.0,1.0,0.69999999999999996,0.65150000000000008,0.57999999999999996,0.29850000000000004,1.0,0.0,5.0,1.0,50.0
0.0,5.0,2.0,1.0,0.67999999999999994,0.63639999999999997,0.60999999999999999,0.22390000000000002,1.0,0.0,5.0,1.0,18.0
0.0,5.0,3.0,1.0,0.65999999999999992,0.62119999999999997,0.65000000000000002,0.089599999999999999,1.0,0.0,5.0,1.0,12.0
0.0,5.0,4.0,1.0,0.64000000000000001,0.60609999999999997,0.68999999999999995,0.1343,1.0,0.0,5.0,1.0,7.0
0.0,5.0,5.0,1.0,0.64000000000000001,0.60609999999999997,0.65000000000000002,0.28360000000000002,1.0,0.0,5.0,1.0,31.0
0.0,5.0,6.0,1.0,0.64000000000000001,0.60609999999999997,0.68999999999999995,0.089599999999999999,1.0,0.0,5.0,1.0,81.0
0.0,5.0,7.0,1.0,0.64000000000000001,0.60609999999999997,0.72999999999999998,0.16420000000000001,1.0,0.0,5.0,1.0,249.0
0.0,5.0,8.0,1.0,0.65999999999999992,0.62119999999999997,0.73999999999999999,0.28360000000000002,1.0,0.0,5.0,1.0,418.0
0.0,5.0,9.0,1.0,0.69999999999999996,0.65150000000000008,0.65000000000000002,0.28360000000000002,1.0,0.0,5.0,1.0,227.0
0.0,5.0,10.0,1.0,0.71999999999999997,0.66670000000000007,0.54000000000000004,0.3881,1.0,0.0,5.0,1.0,153.0
0.0,5.0,11.0,2.0,0.73999999999999999,0.68180000000000007,0.55000000000000004,0.32840000000000003,1.0,0.0,5.0,1.0,166.0
0.0,5.0,12.0,2.0,0.76000000000000001,0.69700000000000006,0.55000000000000004,0.29850000000000004,1.0,0.0,5.0,1.0,243.0
0.0,5.0,13.0,1.0,0.73999999999999999,0.68180000000000007,0.57999999999999996,0.19399999999999998,1.0,0.0,5.0,1.0,209.0
0.0,5.0,14.0,1.0,0.76000000000000001,0.69700000000000006,0.55000000000000004,0.25370000000000004,1.0,0.0,5.0,1.0,239.0
0.0,5.0,15.0,1.0,0.78000000000000003,0.71209999999999996,0.48999999999999999,0.28360000000000002,1.0,0.0,5.0,1.0,356.0
0.0,5.0,16.0,2.0,0.76000000000000001,0.69700000000000006,0.55000000000000004,0.3881,1.0,0.0,5.0,1.0,419.0
0.0,5.0,17.0,1.0,0.73999999999999999,0.68180000000000007,0.57999999999999996,0.3881,1.0,0.0,5.0,1.0,491.0
0.0,5.0,18.0,2.0,0.71999999999999997,0.68180000000000007,0.62,0.29850000000000004,1.0,0.0,5.0,1.0,399.0
0.0,5.0,19.0,3.0,0.60000000000000009,0.57579999999999998,0.78000000000000003,0.25370000000000004,1.0,0.0,5.0,1.0,279.0
0.0,5.0,20.0,2.0,0.62,0.59089999999999998,0.72999999999999998,0.22390000000000002,1.0,0.0,5.0,1.0,144.0
0.0,5.0,21.0,1.0,0.60000000000000009,0.56059999999999999,0.82999999999999996,0.1045,1.0,0.0,5.0,1.0,151.0
0.0,5.0,22.0,1.0,0.60000000000000009,0.57579999999999998,0.78000000000000003,0.1343,1.0,0.0,5.0,1.0,141.0
0.0,5.0,23.0,1.0,0.58000000000000007,0.54549999999999998,0.88,0.1343,1.0,0.0,5.0,1.0,127.0
0.0,5.0,0.0,1.0,0.58000000000000007,0.54549999999999998,0.88,0.1343,1.0,0.0,6.0,0.0,94.0
0.0,5.0,1.0,1.0,0.58000000000000007,0.54549999999999998,0.88,0.19399999999999998,1.0,0.0,6.0,0.0,55.0
0.0,5.0,2.0,1.0,0.56000000000000005,0.53029999999999999,0.93999999999999995,0.19399999999999998,1.0,0.0,6.0,0.0,48.0
0.0,5.0,3.0,1.0,0.56000000000000005,0.53029999999999999,0.88,0.22390000000000002,1.0,0.0,6.0,0.0,15.0
0.0,5.0,4.0,1.0,0.56000000000000005,0.53029999999999999,0.88,0.25370000000000004,1.0,0.0,6.0,0.0,4.0
0.0,5.0,5.0,1.0,0.56000000000000005,0.53029999999999999,0.88,0.22390000000000002,1.0,0.0,6.0,0.0,7.0
0.0,5.0,6.0,1.0,0.58000000000000007,0.54549999999999998,0.82999999999999996,0.25370000000000004,1.0,0.0,6.0,0.0,19.0
0.0,5.0,7.0,1.0,0.60000000000000009,0.56059999999999999,0.82999999999999996,0.25370000000000004,1.0,0.0,6.0,0.0,50.0
0.0,5.0,8.0,1.0,0.62,0.59089999999999998,0.78000000000000003,0.19399999999999998,1.0,0.0,6.0,0.0,102.0
0.0,5.0,9.0,1.0,0.64000000000000001,0.60609999999999997,0.72999999999999998,0.25370000000000004,1.0,0.0,6.0,0.0,177.0
0.0,5.0,10.0,1.0,0.69999999999999996,0.65150000000000008,0.65000000000000002,0.22390000000000002,1.0,0.0,6.0,0.0,276.0
0.0,5.0,11.0,1.0,0.69999999999999996,0.65150000000000008,0.65000000000000002,0.22390000000000002,1.0,0.0,6.0,0.0,349.0
0.0,5.0,12.0,1.0,0.71999999999999997,0.66670000000000007,0.57999999999999996,0.25370000000000004,1.0,0.0,6.0,0.0,358.0
0.0,5.0,13.0,1.0,0.71999999999999997,0.68180000000000007,0.62,0.22390000000000002,1.0,0.0,6.0,0.0,385.0
0.0,5.0,14.0,1.0,0.73999999999999999,0.68180000000000007,0.57999999999999996,0.22390000000000002,1.0,0.0,6.0,0.0,382.0
0.0,5.0,15.0,1.0,0.73999999999999999,0.68180000000000007,0.55000000000000004,0.22390000000000002,1.0,0.0,6.0,0.0,374.0
0.0,5.0,16.0,1.0,0.76000000000000001,0.69700000000000006,0.55000000000000004,0.28360000000000002,1.0,0.0,6.0,0.0,402.0
0.0,5.0,17.0,1.0,0.73999999999999999,0.68180000000000007,0.55000000000000004,0.29850000000000004,1.0,0.0,6.0,0.0,341.0
0.0,5.0,18.0,1.0,0.71999999999999997,0.68180000000000007,0.62,0.25370000000000004,1.0,0.0,6.0,0.0,385.0
0.0,5.0,19.0,1.0,0.69999999999999996,0.65150000000000008,0.65000000000000002,0.19399999999999998,1.0,0.0,6.0,0.0,252.0
0.0,5.0,20.0,1.0,0.69999999999999996,0.65150000000000008,0.65000000000000002,0.22390000000000002,1.0,0.0,6.0,0.0,196.0
0.0,5.0,21.0,1.0,0.65999999999999992,0.62119999999999997,0.73999999999999999,0.29850000000000004,1.0,0.0,6.0,0.0,201.0
0.0,5.0,22.0,1.0,0.65999999999999992,0.60609999999999997,0.78000000000000003,0.22390000000000002,1.0,0.0,6.0,0.0,161.0
0.0,5.0,23.0,1.0,0.64000000000000001,0.57579999999999998,0.82999999999999996,0.19399999999999998,1.0,0.0,6.0,0.0,125.0
0.0,5.0,0.0,1.0,0.64000000000000001,0.57579999999999998,0.82999999999999996,0.22390000000000002,1.0,0.0,7.0,0.0,83.0
0.0,5.0,1.0,1.0,0.62,0.56059999999999999,0.88,0.16420000000000001,1.0,0.0,7.0,0.0,66.0
0.0,5.0,2.0,1.0,0.62,0.56059999999999999,0.88,0.1045,1.0,0.0,7.0,0.0,61.0
0.0,5.0,3.0,1.0,0.62,0.56059999999999999,0.88,0.1045,1.0,0.0,7.0,0.0,26.0
0.0,5.0,4.0,1.0,0.60000000000000009,0.54549999999999998,0.88,0.089599999999999999,1.0,0.0,7.0,0.0,23.0
0.0,5.0,5.0,1.0,0.60000000000000009,0.51519999999999999,0.93999999999999995,0.16420000000000001,1.0,0.0,7.0,0.0,6.0
0.0,5.0,6.0,2.0,0.62,0.56059999999999999,0.88,0.19399999999999998,1.0,0.0,7.0,0.0,15.0
0.0,5.0,7.0,2.0,0.62,0.56059999999999999,0.88,0.25370000000000004,1.0,0.0,7.0,0.0,30.0
0.0,5.0,8.0,2.0,0.62,0.56059999999999999,0.88,0.22390000000000002,1.0,0.0,7.0,0.0,96.0
0.0,5.0,9.0,2.0,0.62,0.54549999999999998,0.93999999999999995,0.25370000000000004,1.0,0.0,7.0,0.0,152.0
0.0,5.0,10.0,2.0,0.65999999999999992,0.60609999999999997,0.82999999999999996,0.22390000000000002,1.0,0.0,7.0,0.0,251.0
0.0,5.0,11.0,2.0,0.65999999999999992,0.60609999999999997,0.82999999999999996,0.28360000000000002,1.0,0.0,7.0,0.0,319.0
0.0,5.0,12.0,2.0,0.69999999999999996,0.66670000000000007,0.73999999999999999,0.22390000000000002,1.0,0.0,7.0,0.0,402.0
0.0,5.0,13.0,1.0,0.71999999999999997,0.68180000000000007,0.69999999999999996,0.28360000000000002,1.0,0.0,7.0,0.0,418.0
0.0,5.0,14.0,1.0,0.73999999999999999,0.69700000000000006,0.69999999999999996,0.28360000000000002,1.0,0.0,7.0,0.0,351.0
0.0,5.0,15.0,1.0,0.73999999999999999,0.69700000000000006,0.69999999999999996,0.29850000000000004,1.0,0.0,7.0,0.0,376.0
0.0,5.0,16.0,1.0,0.73999999999999999,0.69700000000000006,0.69999999999999996,0.28360000000000002,1.0,0.0,7.0,0.0,361.0
0.0,5.0,17.0,1.0,0.73999999999999999,0.69700000000000006,0.69999999999999996,0.28360000000000002,1.0,0.0,7.0,0.0,383.0
0.0,5.0,18.0,1.0,0.71999999999999997,0.69700000000000006,0.73999999999999999,0.28360000000000002,1.0,0.0,7.0,0.0,328.0
0.0,5.0,19.0,1.0,0.71999999999999997,0.69700000000000006,0.73999999999999999,0.25370000000000004,1.0,0.0,7.0,0.0,287.0
0.0,5.0,20.0,1.0,0.69999999999999996,0.66670000000000007,0.79000000000000004,0.19399999999999998,1.0,0.0,7.0,0.0,219.0
0.0,5.0,21.0,1.0,0.67999999999999994,0.63639999999999997,0.82999999999999996,0.16420000000000001,1.0,0.0,7.0,0.0,229.0
0.0,5.0,22.0,1.0,0.65999999999999992,0.59089999999999998,0.89000000000000001,0.1343,1.0,0.0,7.0,0.0,171.0
0.0,5.0,23.0,1.0,0.65999999999999992,0.59089999999999998,0.89000000000000001,0.16420000000000001,1.0,0.0,7.0,0.0,135.0
0.0,5.0,0.0,1.0,0.64000000000000001,0.56059999999999999,0.93999999999999995,0.19399999999999998,1.0,1.0,1.0,1.0,103.0
0.0,5.0,1.0,1.0,0.64000000000000001,0.56059999999999999,0.93999999999999995,0.1343,1.0,1.0,1.0,1.0,79.0
0.0,5.0,2.0,1.0,0.64000000000000001,0.56059999999999999,0.93999999999999995,0.19399999999999998,1.0,1.0,1.0,1.0,45.0
0.0,5.0,3.0,1.0,0.64000000000000001,0.56059999999999999,0.93999999999999995,0.19399999999999998,1.0,1.0,1.0,1.0,18.0
0.0,5.0,4.0,1.0,0.62,0.54549999999999998,0.93999999999999995,0.16420000000000001,1.0,1.0,1.0,1.0,6.0
0.0,5.0,5.0,2.0,0.62,0.54549999999999998,0.93999999999999995,0.1045,1.0,1.0,1.0,1.0,7.0
0.0,5.0,6.0,2.0,0.64000000000000001,0.56059999999999999,0.93999999999999995,0.089599999999999999,1.0,1.0,1.0,1.0,16.0
0.0,5.0,7.0,2.0,0.64000000000000001,0.56059999999999999,0.93999999999999995,0.0,1.0,1.0,1.0,1.0,31.0
0.0,5.0,8.0,2.0,0.65999999999999992,0.59089999999999998,0.89000000000000001,0.1045,1.0,1.0,1.0,1.0,94.0
0.0,5.0,9.0,1.0,0.71999999999999997,0.69700000000000006,0.73999999999999999,0.089599999999999999,1.0,1.0,1.0,1.0,128.0
0.0,5.0,10.0,1.0,0.79999999999999993,0.75760000000000005,0.55000000000000004,0.25370000000000004,1.0,1.0,1.0,1.0,269.0
0.0,5.0,11.0,1.0,0.81999999999999995,0.77269999999999994,0.52000000000000002,0.0,1.0,1.0,1.0,1.0,321.0
0.0,5.0,12.0,1.0,0.85999999999999999,0.80299999999999994,0.46999999999999997,0.1045,1.0,1.0,1.0,1.0,366.0
0.0,5.0,13.0,1.0,0.85999999999999999,0.78790000000000004,0.44,0.089599999999999999,1.0,1.0,1.0,1.0,350.0
0.0,5.0,14.0,1.0,0.88,0.80299999999999994,0.39000000000000001,0.0,1.0,1.0,1.0,1.0,327.0
0.0,5.0,15.0,1.0,0.88,0.80299999999999994,0.39000000000000001,0.25370000000000004,1.0,1.0,1.0,1.0,311.0
0.0,5.0,16.0,1.0,0.88,0.78790000000000004,0.37,0.28360000000000002,1.0,1.0,1.0,1.0,309.0
0.0,5.0,17.0,1.0,0.85999999999999999,0.78790000000000004,0.40999999999999998,0.22390000000000002,1.0,1.0,1.0,1.0,304.0
0.0,5.0,18.0,1.0,0.85999999999999999,0.78790000000000004,0.40999999999999998,0.16420000000000001,1.0,1.0,1.0,1.0,249.0
0.0,5.0,19.0,2.0,0.52000000000000002,0.5,0.47999999999999998,0.1045,1.0,1.0,1.0,1.0,225.0
0.0,5.0,20.0,1.0,0.76000000000000001,0.71209999999999996,0.57999999999999996,0.0,1.0,1.0,1.0,1.0,237.0
0.0,5.0,21.0,1.0,0.73999999999999999,0.69700000000000006,0.69999999999999996,0.1343,1.0,1.0,1.0,1.0,149.0
0.0,5.0,22.0,1.0,0.71999999999999997,0.69700000000000006,0.73999999999999999,0.16420000000000001,1.0,1.0,1.0,1.0,106.0
0.0,5.0,23.0,1.0,0.69999999999999996,0.66670000000000007,0.83999999999999997,0.1045,1.0,1.0,1.0,1.0,48.0
0.0,5.0,0.0,1.0,0.69999999999999996,0.66670000000000007,0.79000000000000004,0.089599999999999999,1.0,0.0,2.0,1.0,29.0
0.0,5.0,1.0,1.0,0.67999999999999994,0.63639999999999997,0.89000000000000001,0.089599999999999999,1.0,0.0,2.0,1.0,17.0
0.0,5.0,2.0,2.0,0.65999999999999992,0.59089999999999998,0.93999999999999995,0.1343,1.0,0.0,2.0,1.0,12.0
0.0,5.0,3.0,2.0,0.64000000000000001,0.56059999999999999,0.93999999999999995,0.0,1.0,0.0,2.0,1.0,4.0
0.0,5.0,4.0,1.0,0.65999999999999992,0.60609999999999997,0.82999999999999996,0.089599999999999999,1.0,0.0,2.0,1.0,3.0
0.0,5.0,5.0,1.0,0.65999999999999992,0.60609999999999997,0.82999999999999996,0.089599999999999999,1.0,0.0,2.0,1.0,26.0
0.0,5.0,6.0,1.0,0.67999999999999994,0.63639999999999997,0.79000000000000004,0.089599999999999999,1.0,0.0,2.0,1.0,109.0
0.0,5.0,7.0,1.0,0.73999999999999999,0.69700000000000006,0.66000000000000003,0.1045,1.0,0.0,2.0,1.0,235.0
0.0,5.0,8.0,1.0,0.78000000000000003,0.74239999999999995,0.58999999999999997,0.1343,1.0,0.0,2.0,1.0,406.0
0.0,5.0,9.0,1.0,0.79999999999999993,0.75760000000000005,0.55000000000000004,0.1343,1.0,0.0,2.0,1.0,175.0
0.0,5.0,10.0,1.0,0.81999999999999995,0.78790000000000004,0.56000000000000005,0.1343,1.0,0.0,2.0,1.0,109.0
0.0,5.0,11.0,1.0,0.85999999999999999,0.80299999999999994,0.46999999999999997,0.0,1.0,0.0,2.0,1.0,106.0
0.0,5.0,12.0,1.0,0.85999999999999999,0.80299999999999994,0.46999999999999997,0.1343,1.0,0.0,2.0,1.0,162.0
0.0,5.0,13.0,1.0,0.89999999999999991,0.83329999999999993,0.39000000000000001,0.16420000000000001,1.0,0.0,2.0,1.0,147.0
0.0,5.0,14.0,1.0,0.89999999999999991,0.81819999999999993,0.37,0.0,1.0,0.0,2.0,1.0,140.0
0.0,5.0,15.0,1.0,0.89999999999999991,0.81819999999999993,0.37,0.16420000000000001,1.0,0.0,2.0,1.0,175.0
0.0,5.0,16.0,1.0,0.89999999999999991,0.83329999999999993,0.39000000000000001,0.1343,1.0,0.0,2.0,1.0,249.0
0.0,5.0,17.0,1.0,0.83999999999999997,0.80299999999999994,0.53000000000000003,0.22390000000000002,1.0,0.0,2.0,1.0,495.0
0.0,5.0,18.0,1.0,0.83999999999999997,0.80299999999999994,0.53000000000000003,0.19399999999999998,1.0,0.0,2.0,1.0,417.0
0.0,5.0,19.0,1.0,0.78000000000000003,0.74239999999999995,0.62,0.1045,1.0,0.0,2.0,1.0,285.0
0.0,5.0,20.0,1.0,0.78000000000000003,0.74239999999999995,0.62,0.1045,1.0,0.0,2.0,1.0,251.0
0.0,5.0,21.0,1.0,0.76000000000000001,0.72730000000000006,0.66000000000000003,0.1045,1.0,0.0,2.0,1.0,210.0
0.0,5.0,22.0,1.0,0.73999999999999999,0.69700000000000006,0.69999999999999996,0.16420000000000001,1.0,0.0,2.0,1.0,159.0
0.0,5.0,23.0,1.0,0.71999999999999997,0.69700000000000006,0.79000000000000004,0.089599999999999999,1.0,0.0,2.0,1.0,61.0
0.0,6.0,0.0,1.0,0.69999999999999996,0.66670000000000007,0.79000000000000004,0.16420000000000001,1.0,0.0,3.0,1.0,34.0
0.0,6.0,1.0,1.0,0.69999999999999996,0.66670000000000007,0.83999999999999997,0.25370000000000004,1.0,0.0,3.0,1.0,17.0
0.0,6.0,2.0,1.0,0.69999999999999996,0.66670000000000007,0.79000000000000004,0.16420000000000001,1.0,0.0,3.0,1.0,3.0
0.0,6.0,3.0,1.0,0.67999999999999994,0.63639999999999997,0.89000000000000001,0.19399999999999998,1.0,0.0,3.0,1.0,6.0
0.0,6.0,4.0,2.0,0.67999999999999994,0.63639999999999997,0.89000000000000001,0.22390000000000002,1.0,0.0,3.0,1.0,4.0
0.0,6.0,5.0,2.0,0.65999999999999992,0.59089999999999998,0.89000000000000001,0.089599999999999999,1.0,0.0,3.0,1.0,21.0
0.0,6.0,6.0,2.0,0.67999999999999994,0.63639999999999997,0.89000000000000001,0.089599999999999999,1.0,0.0,3.0,1.0,128.0
0.0,6.0,7.0,2.0,0.69999999999999996,0.66670000000000007,0.79000000000000004,0.16420000000000001,1.0,0.0,3.0,1.0,284.0
0.0,6.0,8.0,2.0,0.71999999999999997,0.69700000000000006,0.79000000000000004,0.19399999999999998,1.0,0.0,3.0,1.0,454.0
0.0,6.0,9.0,2.0,0.73999999999999999,0.71209999999999996,0.73999999999999999,0.22390000000000002,1.0,0.0,3.0,1.0,207.0
0.0,6.0,10.0,2.0,0.76000000000000001,0.74239999999999995,0.75,0.25370000000000004,1.0,0.0,3.0,1.0,115.0
0.0,6.0,11.0,2.0,0.81999999999999995,0.80299999999999994,0.58999999999999997,0.22390000000000002,1.0,0.0,3.0,1.0,112.0
0.0,6.0,12.0,1.0,0.85999999999999999,0.83329999999999993,0.53000000000000003,0.0,1.0,0.0,3.0,1.0,169.0
0.0,6.0,13.0,1.0,0.89999999999999991,0.81819999999999993,0.37,0.19399999999999998,1.0,0.0,3.0,1.0,154.0
0.0,6.0,14.0,1.0,0.89999999999999991,0.81819999999999993,0.37,0.25370000000000004,1.0,0.0,3.0,1.0,145.0
0.0,6.0,15.0,1.0,0.89999999999999991,0.83329999999999993,0.39000000000000001,0.29850000000000004,1.0,0.0,3.0,1.0,152.0
0.0,6.0,16.0,1.0,0.85999999999999999,0.80299999999999994,0.46999999999999997,0.29850000000000004,1.0,0.0,3.0,1.0,266.0
0.0,6.0,17.0,1.0,0.85999999999999999,0.80299999999999994,0.46999999999999997,0.29850000000000004,1.0,0.0,3.0,1.0,486.0
0.0,6.0,18.0,3.0,0.81999999999999995,0.78790000000000004,0.56000000000000005,0.3881,1.0,0.0,3.0,1.0,309.0
0.0,6.0,19.0,2.0,0.73999999999999999,0.71209999999999996,0.79000000000000004,0.16420000000000001,1.0,0.0,3.0,1.0,264.0
0.0,6.0,20.0,2.0,0.73999999999999999,0.71209999999999996,0.79000000000000004,0.25370000000000004,1.0,0.0,3.0,1.0,256.0
0.0,6.0,21.0,1.0,0.73999999999999999,0.69700000000000006,0.69999999999999996,0.28360000000000002,1.0,0.0,3.0,1.0,190.0
0.0,6.0,22.0,1.0,0.73999999999999999,0.69700000000000006,0.66000000000000003,0.1343,1.0,0.0,3.0,1.0,129.0
0.0,6.0,23.0,1.0,0.73999999999999999,0.66670000000000007,0.51000000000000001,0.16420000000000001,1.0,0.0,3.0,1.0,69.0
0.0,6.0,0.0,1.0,0.73999999999999999,0.65150000000000008,0.40000000000000002,0.35820000000000002,1.0,0.0,4.0,1.0,42.0
0.0,6.0,1.0,1.0,0.71999999999999997,0.65150000000000008,0.38,0.1045,1.0,0.0,4.0,1.0,15.0
0.0,6.0,2.0,1.0,0.69999999999999996,0.63639999999999997,0.39000000000000001,0.0,1.0,0.0,4.0,1.0,6.0
0.0,6.0,3.0,1.0,0.65999999999999992,0.62119999999999997,0.44,0.1045,1.0,0.0,4.0,1.0,4.0
0.0,6.0,4.0,1.0,0.65999999999999992,0.62119999999999997,0.40999999999999998,0.19399999999999998,1.0,0.0,4.0,1.0,3.0
0.0,6.0,5.0,1.0,0.65999999999999992,0.62119999999999997,0.39000000000000001,0.22390000000000002,1.0,0.0,4.0,1.0,31.0
0.0,6.0,6.0,1.0,0.65999999999999992,0.62119999999999997,0.39000000000000001,0.1343,1.0,0.0,4.0,1.0,113.0
0.0,6.0,7.0,1.0,0.69999999999999996,0.63639999999999997,0.34000000000000002,0.25370000000000004,1.0,0.0,4.0,1.0,304.0
0.0,6.0,8.0,1.0,0.69999999999999996,0.63639999999999997,0.32000000000000001,0.29850000000000004,1.0,0.0,4.0,1.0,467.0
0.0,6.0,9.0,1.0,0.71999999999999997,0.63639999999999997,0.26000000000000001,0.35820000000000002,1.0,0.0,4.0,1.0,225.0
0.0,6.0,10.0,1.0,0.71999999999999997,0.65150000000000008,0.28000000000000003,0.49250000000000005,1.0,0.0,4.0,1.0,139.0
0.0,6.0,11.0,1.0,0.73999999999999999,0.65150000000000008,0.28000000000000003,0.3881,1.0,0.0,4.0,1.0,165.0
0.0,6.0,12.0,1.0,0.76000000000000001,0.66670000000000007,0.25,0.4627,1.0,0.0,4.0,1.0,232.0
0.0,6.0,13.0,1.0,0.79999999999999993,0.68180000000000007,0.23999999999999999,0.35820000000000002,1.0,0.0,4.0,1.0,203.0
0.0,6.0,14.0,1.0,0.78000000000000003,0.66670000000000007,0.23999999999999999,0.32840000000000003,1.0,0.0,4.0,1.0,185.0
0.0,6.0,15.0,1.0,0.79999999999999993,0.68180000000000007,0.20999999999999999,0.3881,1.0,0.0,4.0,1.0,188.0
0.0,6.0,16.0,1.0,0.79999999999999993,0.68180000000000007,0.22,0.49250000000000005,1.0,0.0,4.0,1.0,318.0
0.0,6.0,17.0,1.0,0.76000000000000001,0.65150000000000008,0.20000000000000001,0.52239999999999998,1.0,0.0,4.0,1.0,572.0
0.0,6.0,18.0,1.0,0.73999999999999999,0.65150000000000008,0.22,0.3881,1.0,0.0,4.0,1.0,525.0
0.0,6.0,19.0,1.0,0.71999999999999997,0.63639999999999997,0.23000000000000001,0.29850000000000004,1.0,0.0,4.0,1.0,379.0
0.0,6.0,20.0,1.0,0.69999999999999996,0.63639999999999997,0.23999999999999999,0.19399999999999998,1.0,0.0,4.0,1.0,337.0
0.0,6.0,21.0,1.0,0.65999999999999992,0.62119999999999997,0.31,0.19399999999999998,1.0,0.0,4.0,1.0,248.0
0.0,6.0,22.0,1.0,0.64000000000000001,0.62119999999999997,0.33000000000000002,0.25370000000000004,1.0,0.0,4.0,1.0,155.0
0.0,6.0,23.0,1.0,0.62,0.62119999999999997,0.34999999999999998,0.22390000000000002,1.0,0.0,4.0,1.0,112.0
0.0,6.0,0.0,1.0,0.62,0.62119999999999997,0.38,0.28360000000000002,1.0,0.0,5.0,1.0,68.0
0.0,6.0,1.0,1.0,0.60000000000000009,0.62119999999999997,0.38,0.35820000000000002,1.0,0.0,5.0,1.0,22.0
0.0,6.0,2.0,1.0,0.56000000000000005,0.53029999999999999,0.42999999999999999,0.22390000000000002,1.0,0.0,5.0,1.0,12.0
0.0,6.0,3.0,1.0,0.54000000000000004,0.51519999999999999,0.48999999999999999,0.22390000000000002,1.0,0.0,5.0,1.0,5.0
0.0,6.0,4.0,1.0,0.52000000000000002,0.5,0.47999999999999998,0.32840000000000003,1.0,0.0,5.0,1.0,6.0
0.0,6.0,5.0,1.0,0.52000000000000002,0.5,0.47999999999999998,0.35820000000000002,1.0,0.0,5.0,1.0,28.0
0.0,6.0,6.0,1.0,0.54000000000000004,0.51519999999999999,0.45000000000000001,0.29850000000000004,1.0,0.0,5.0,1.0,106.0
0.0,6.0,7.0,1.0,0.54000000000000004,0.51519999999999999,0.45000000000000001,0.25370000000000004,1.0,0.0,5.0,1.0,277.0
0.0,6.0,8.0,2.0,0.56000000000000005,0.53029999999999999,0.42999999999999999,0.32840000000000003,1.0,0.0,5.0,1.0,502.0
0.0,6.0,9.0,1.0,0.58000000000000007,0.54549999999999998,0.40000000000000002,0.16420000000000001,1.0,0.0,5.0,1.0,230.0
0.0,6.0,10.0,1.0,0.62,0.62119999999999997,0.33000000000000002,0.25370000000000004,1.0,0.0,5.0,1.0,161.0
0.0,6.0,11.0,1.0,0.64000000000000001,0.62119999999999997,0.31,0.32840000000000003,1.0,0.0,5.0,1.0,192.0
0.0,6.0,12.0,1.0,0.65999999999999992,0.62119999999999997,0.27000000000000002,0.28360000000000002,1.0,0.0,5.0,1.0,259.0
0.0,6.0,13.0,1.0,0.67999999999999994,0.62119999999999997,0.26000000000000001,0.25370000000000004,1.0,0.0,5.0,1.0,248.0
0.0,6.0,14.0,1.0,0.69999999999999996,0.63639999999999997,0.28000000000000003,0.28360000000000002,1.0,0.0,5.0,1.0,240.0
0.0,6.0,15.0,1.0,0.69999999999999996,0.63639999999999997,0.28000000000000003,0.28360000000000002,1.0,0.0,5.0,1.0,212.0
0.0,6.0,16.0,1.0,0.71999999999999997,0.63639999999999997,0.26000000000000001,0.32840000000000003,1.0,0.0,5.0,1.0,349.0
0.0,6.0,17.0,1.0,0.71999999999999997,0.63639999999999997,0.25,0.28360000000000002,1.0,0.0,5.0,1.0,558.0
0.0,6.0,18.0,1.0,0.69999999999999996,0.63639999999999997,0.23999999999999999,0.29850000000000004,1.0,0.0,5.0,1.0,564.0
0.0,6.0,19.0,1.0,0.67999999999999994,0.62119999999999997,0.26000000000000001,0.28360000000000002,1.0,0.0,5.0,1.0,391.0
0.0,6.0,20.0,1.0,0.64000000000000001,0.62119999999999997,0.28999999999999998,0.16420000000000001,1.0,0.0,5.0,1.0,293.0
0.0,6.0,21.0,1.0,0.64000000000000001,0.62119999999999997,0.28999999999999998,0.1045,1.0,0.0,5.0,1.0,247.0
0.0,6.0,22.0,1.0,0.62,0.62119999999999997,0.34999999999999998,0.0,1.0,0.0,5.0,1.0,171.0
0.0,6.0,23.0,1.0,0.58000000000000007,0.54549999999999998,0.46000000000000002,0.1045,1.0,0.0,5.0,1.0,171.0
0.0,6.0,0.0,1.0,0.56000000000000005,0.53029999999999999,0.52000000000000002,0.0,1.0,0.0,6.0,0.0,93.0
0.0,6.0,1.0,1.0,0.54000000000000004,0.51519999999999999,0.64000000000000001,0.1045,1.0,0.0,6.0,0.0,94.0
0.0,6.0,2.0,1.0,0.54000000000000004,0.51519999999999999,0.56000000000000005,0.19399999999999998,1.0,0.0,6.0,0.0,59.0
0.0,6.0,3.0,1.0,0.52000000000000002,0.5,0.58999999999999997,0.1045,1.0,0.0,6.0,0.0,18.0
0.0,6.0,4.0,1.0,0.52000000000000002,0.5,0.58999999999999997,0.089599999999999999,1.0,0.0,6.0,0.0,15.0
0.0,6.0,5.0,1.0,0.5,0.48479999999999995,0.64000000000000001,0.0,1.0,0.0,6.0,0.0,8.0
0.0,6.0,6.0,1.0,0.54000000000000004,0.51519999999999999,0.59999999999999998,0.0,1.0,0.0,6.0,0.0,28.0
0.0,6.0,7.0,1.0,0.56000000000000005,0.53029999999999999,0.56000000000000005,0.0,1.0,0.0,6.0,0.0,87.0
0.0,6.0,8.0,1.0,0.60000000000000009,0.62119999999999997,0.46000000000000002,0.089599999999999999,1.0,0.0,6.0,0.0,125.0
0.0,6.0,9.0,1.0,0.62,0.62119999999999997,0.42999999999999999,0.1343,1.0,0.0,6.0,0.0,224.0
0.0,6.0,10.0,1.0,0.64000000000000001,0.62119999999999997,0.38,0.1045,1.0,0.0,6.0,0.0,317.0
0.0,6.0,11.0,1.0,0.65999999999999992,0.62119999999999997,0.35999999999999999,0.1343,1.0,0.0,6.0,0.0,369.0
0.0,6.0,12.0,1.0,0.69999999999999996,0.63639999999999997,0.32000000000000001,0.16420000000000001,1.0,0.0,6.0,0.0,420.0
0.0,6.0,13.0,1.0,0.73999999999999999,0.65150000000000008,0.28000000000000003,0.1343,1.0,0.0,6.0,0.0,456.0
0.0,6.0,14.0,1.0,0.73999999999999999,0.65150000000000008,0.33000000000000002,0.22390000000000002,1.0,0.0,6.0,0.0,451.0
0.0,6.0,15.0,2.0,0.73999999999999999,0.65150000000000008,0.27000000000000002,0.41790000000000005,1.0,0.0,6.0,0.0,404.0
0.0,6.0,16.0,2.0,0.71999999999999997,0.65150000000000008,0.29999999999999999,0.1343,1.0,0.0,6.0,0.0,440.0
0.0,6.0,17.0,2.0,0.71999999999999997,0.65150000000000008,0.34000000000000002,0.25370000000000004,1.0,0.0,6.0,0.0,344.0
0.0,6.0,18.0,2.0,0.73999999999999999,0.65150000000000008,0.29999999999999999,0.16420000000000001,1.0,0.0,6.0,0.0,341.0
0.0,6.0,19.0,2.0,0.69999999999999996,0.63639999999999997,0.39000000000000001,0.089599999999999999,1.0,0.0,6.0,0.0,285.0
0.0,6.0,20.0,2.0,0.69999999999999996,0.65150000000000008,0.47999999999999998,0.089599999999999999,1.0,0.0,6.0,0.0,239.0
0.0,6.0,21.0,2.0,0.65999999999999992,0.62119999999999997,0.46999999999999997,0.1045,1.0,0.0,6.0,0.0,185.0
0.0,6.0,22.0,1.0,0.64000000000000001,0.62119999999999997,0.56999999999999995,0.22390000000000002,1.0,0.0,6.0,0.0,190.0
0.0,6.0,23.0,2.0,0.64000000000000001,0.62119999999999997,0.56999999999999995,0.0,1.0,0.0,6.0,0.0,150.0
0.0,6.0,0.0,1.0,0.64000000000000001,0.62119999999999997,0.56999999999999995,0.089599999999999999,1.0,0.0,7.0,0.0,113.0
0.0,6.0,1.0,2.0,0.64000000000000001,0.62119999999999997,0.60999999999999999,0.16420000000000001,1.0,0.0,7.0,0.0,96.0
0.0,6.0,2.0,2.0,0.64000000000000001,0.62119999999999997,0.60999999999999999,0.16420000000000001,1.0,0.0,7.0,0.0,64.0
0.0,6.0,3.0,2.0,0.62,0.60609999999999997,0.65000000000000002,0.16420000000000001,1.0,0.0,7.0,0.0,47.0
0.0,6.0,4.0,2.0,0.62,0.60609999999999997,0.65000000000000002,0.16420000000000001,1.0,0.0,7.0,0.0,12.0
0.0,6.0,5.0,2.0,0.62,0.60609999999999997,0.60999999999999999,0.1343,1.0,0.0,7.0,0.0,6.0
0.0,6.0,6.0,2.0,0.62,0.60609999999999997,0.60999999999999999,0.1045,1.0,0.0,7.0,0.0,21.0
0.0,6.0,7.0,2.0,0.60000000000000009,0.59089999999999998,0.72999999999999998,0.25370000000000004,1.0,0.0,7.0,0.0,27.0
0.0,6.0,8.0,2.0,0.60000000000000009,0.59089999999999998,0.72999999999999998,0.25370000000000004,1.0,0.0,7.0,0.0,98.0
0.0,6.0,9.0,2.0,0.60000000000000009,0.57579999999999998,0.78000000000000003,0.19399999999999998,1.0,0.0,7.0,0.0,164.0
0.0,6.0,10.0,2.0,0.62,0.59089999999999998,0.72999999999999998,0.089599999999999999,1.0,0.0,7.0,0.0,251.0
0.0,6.0,11.0,2.0,0.64000000000000001,0.60609999999999997,0.68999999999999995,0.1045,1.0,0.0,7.0,0.0,335.0
0.0,6.0,12.0,2.0,0.64000000000000001,0.60609999999999997,0.68999999999999995,0.1045,1.0,0.0,7.0,0.0,335.0
0.0,6.0,13.0,1.0,0.65999999999999992,0.62119999999999997,0.65000000000000002,0.1045,1.0,0.0,7.0,0.0,367.0
0.0,6.0,14.0,1.0,0.69999999999999996,0.65150000000000008,0.57999999999999996,0.16420000000000001,1.0,0.0,7.0,0.0,385.0
0.0,6.0,15.0,1.0,0.69999999999999996,0.65150000000000008,0.54000000000000004,0.0,1.0,0.0,7.0,0.0,417.0
0.0,6.0,16.0,1.0,0.71999999999999997,0.66670000000000007,0.51000000000000001,0.089599999999999999,1.0,0.0,7.0,0.0,398.0
0.0,6.0,17.0,1.0,0.73999999999999999,0.66670000000000007,0.51000000000000001,0.0,1.0,0.0,7.0,0.0,390.0
0.0,6.0,18.0,1.0,0.69999999999999996,0.65150000000000008,0.57999999999999996,0.1045,1.0,0.0,7.0,0.0,363.0
0.0,6.0,19.0,1.0,0.67999999999999994,0.63639999999999997,0.65000000000000002,0.16420000000000001,1.0,0.0,7.0,0.0,357.0
0.0,6.0,20.0,1.0,0.65999999999999992,0.62119999999999997,0.68999999999999995,0.19399999999999998,1.0,0.0,7.0,0.0,279.0
0.0,6.0,21.0,1.0,0.64000000000000001,0.60609999999999997,0.72999999999999998,0.16420000000000001,1.0,0.0,7.0,0.0,165.0
0.0,6.0,22.0,1.0,0.64000000000000001,0.59089999999999998,0.78000000000000003,0.22390000000000002,1.0,0.0,7.0,0.0,130.0
0.0,6.0,23.0,1.0,0.62,0.59089999999999998,0.78000000000000003,0.1343,1.0,0.0,7.0,0.0,86.0
0.0,6.0,0.0,1.0,0.62,0.59089999999999998,0.78000000000000003,0.1343,1.0,0.0,1.0,1.0,29.0
0.0,6.0,1.0,1.0,0.60000000000000009,0.56059999999999999,0.82999999999999996,0.1343,1.0,0.0,1.0,1.0,14.0
0.0,6.0,2.0,1.0,0.58000000000000007,0.54549999999999998,0.88,0.1045,1.0,0.0,1.0,1.0,8.0
0.0,6.0,3.0,1.0,0.58000000000000007,0.54549999999999998,0.88,0.0,1.0,0.0,1.0,1.0,5.0
0.0,6.0,4.0,1.0,0.56000000000000005,0.53029999999999999,0.93999999999999995,0.1045,1.0,0.0,1.0,1.0,8.0
0.0,6.0,5.0,1.0,0.56000000000000005,0.53029999999999999,0.88,0.089599999999999999,1.0,0.0,1.0,1.0,31.0
0.0,6.0,6.0,1.0,0.58000000000000007,0.54549999999999998,0.88,0.0,1.0,0.0,1.0,1.0,112.0
0.0,6.0,7.0,1.0,0.62,0.59089999999999998,0.78000000000000003,0.1045,1.0,0.0,1.0,1.0,299.0
0.0,6.0,8.0,1.0,0.64000000000000001,0.60609999999999997,0.72999999999999998,0.089599999999999999,1.0,0.0,1.0,1.0,438.0
0.0,6.0,9.0,1.0,0.69999999999999996,0.65150000000000008,0.57999999999999996,0.16420000000000001,1.0,0.0,1.0,1.0,188.0
0.0,6.0,10.0,1.0,0.71999999999999997,0.66670000000000007,0.51000000000000001,0.22390000000000002,1.0,0.0,1.0,1.0,95.0
0.0,6.0,11.0,1.0,0.73999999999999999,0.66670000000000007,0.41999999999999998,0.1343,1.0,0.0,1.0,1.0,111.0
0.0,6.0,12.0,1.0,0.76000000000000001,0.66670000000000007,0.37,0.16420000000000001,1.0,0.0,1.0,1.0,153.0
0.0,6.0,13.0,1.0,0.78000000000000003,0.68180000000000007,0.34999999999999998,0.0,1.0,0.0,1.0,1.0,180.0
0.0,6.0,14.0,1.3087621696801113,0.78000000000000003,0.68180000000000007,0.31,0.1343,1.0,0.0,1.0,1.0,145.0
0.0,6.0,15.0,1.0,0.79999999999999993,0.69700000000000006,0.28999999999999998,0.19399999999999998,1.0,0.0,1.0,1.0,165.0
0.0,6.0,16.0,1.0,0.76000000000000001,0.66670000000000007,0.33000000000000002,0.1343,1.0,0.0,1.0,1.0,267.0
0.0,6.0,17.0,1.0,0.78000000000000003,0.68180000000000007,0.33000000000000002,0.28360000000000002,1.0,0.0,1.0,1.0,579.0
0.0,6.0,18.0,1.0,0.76000000000000001,0.66670000000000007,0.31,0.1343,1.0,0.0,1.0,1.0,556.0
0.0,6.0,19.0,1.0,0.71999999999999997,0.66670000000000007,0.54000000000000004,0.19399999999999998,1.0,0.0,1.0,1.0,407.0
0.0,6.0,20.0,1.0,0.67999999999999994,0.63639999999999997,0.60999999999999999,0.1343,1.0,0.0,1.0,1.0,336.0
0.0,6.0,21.0,1.0,0.65999999999999992,0.62119999999999997,0.56999999999999995,0.089599999999999999,1.0,0.0,1.0,1.0,189.0
0.0,6.0,22.0,1.0,0.65999999999999992,0.62119999999999997,0.60999999999999999,0.089599999999999999,1.0,0.0,1.0,1.0,173.0
0.0,6.0,23.0,1.0,0.64000000000000001,0.60609999999999997,0.68999999999999995,0.089599999999999999,1.0,0.0,1.0,1.0,60.0
0.0,6.0,0.0,1.0,0.64000000000000001,0.60609999999999997,0.65000000000000002,0.089599999999999999,1.0,0.0,2.0,1.0,20.0
0.0,6.0,1.0,1.0,0.62,0.60609999999999997,0.68999999999999995,0.1343,1.0,0.0,2.0,1.0,4.0
0.0,6.0,2.0,1.0,0.60000000000000009,0.59089999999999998,0.72999999999999998,0.089599999999999999,1.0,0.0,2.0,1.0,5.0
0.0,6.0,3.0,1.0,0.60000000000000009,0.59089999999999998,0.72999999999999998,0.089599999999999999,1.0,0.0,2.0,1.0,2.0
0.0,6.0,4.0,1.0,0.58000000000000007,0.54549999999999998,0.82999999999999996,0.1343,1.0,0.0,2.0,1.0,5.0
0.0,6.0,5.0,1.0,0.58000000000000007,0.54549999999999998,0.88,0.16420000000000001,1.0,0.0,2.0,1.0,32.0
0.0,6.0,6.0,1.0,0.60000000000000009,0.57579999999999998,0.78000000000000003,0.1343,1.0,0.0,2.0,1.0,126.0
0.0,6.0,7.0,2.0,0.64000000000000001,0.60609999999999997,0.68999999999999995,0.19399999999999998,1.0,0.0,2.0,1.0,334.0
0.0,6.0,8.0,2.0,0.67999999999999994,0.63639999999999997,0.60999999999999999,0.1343,1.0,0.0,2.0,1.0,477.0
0.0,6.0,9.0,2.0,0.71999999999999997,0.66670000000000007,0.57999999999999996,0.22390000000000002,1.0,0.0,2.0,1.0,217.0
0.0,6.0,10.0,2.0,0.76000000000000001,0.68180000000000007,0.47999999999999998,0.19399999999999998,1.0,0.0,2.0,1.0,123.0
0.0,6.0,11.0,2.0,0.76000000000000001,0.69700000000000006,0.52000000000000002,0.25370000000000004,1.0,0.0,2.0,1.0,151.0
0.0,6.0,12.0,2.0,0.79999999999999993,0.72730000000000006,0.46000000000000002,0.28360000000000002,1.0,0.0,2.0,1.0,183.0
0.0,6.0,13.0,2.0,0.79999999999999993,0.72730000000000006,0.42999999999999999,0.25370000000000004,1.0,0.0,2.0,1.0,196.0
0.0,6.0,14.0,2.0,0.79999999999999993,0.72730000000000006,0.42999999999999999,0.28360000000000002,1.0,0.0,2.0,1.0,146.0
0.0,6.0,15.0,2.0,0.81999999999999995,0.74239999999999995,0.40999999999999998,0.32840000000000003,1.0,0.0,2.0,1.0,183.0
0.0,6.0,16.0,1.0,0.79999999999999993,0.71209999999999996,0.38,0.22390000000000002,1.0,0.0,2.0,1.0,308.0
0.0,6.0,17.0,1.0,0.79999999999999993,0.72730000000000006,0.42999999999999999,0.25370000000000004,1.0,0.0,2.0,1.0,539.0
0.0,6.0,18.0,1.0,0.78000000000000003,0.69700000000000006,0.46000000000000002,0.28360000000000002,1.0,0.0,2.0,1.0,551.0
0.0,6.0,19.0,1.0,0.76000000000000001,0.68180000000000007,0.47999999999999998,0.25370000000000004,1.0,0.0,2.0,1.0,424.0
0.0,6.0,20.0,1.0,0.73999999999999999,0.68180000000000007,0.56000000000000005,0.1343,1.0,0.0,2.0,1.0,346.0
0.0,6.0,21.0,1.0,0.71999999999999997,0.68180000000000007,0.69999999999999996,0.1343,1.0,0.0,2.0,1.0,218.0
0.0,6.0,22.0,1.0,0.69999999999999996,0.65150000000000008,0.65000000000000002,0.1343,1.0,0.0,2.0,1.0,153.0
0.0,6.0,23.0,1.0,0.67999999999999994,0.63639999999999997,0.79000000000000004,0.1045,1.0,0.0,2.0,1.0,90.0
0.0,6.0,0.0,1.0,0.65999999999999992,0.59089999999999998,0.89000000000000001,0.1343,1.0,0.0,3.0,1.0,41.0
0.0,6.0,1.0,1.0,0.65999999999999992,0.60609999999999997,0.78000000000000003,0.0,1.0,0.0,3.0,1.0,23.0
0.0,6.0,2.0,1.0,0.64000000000000001,0.57579999999999998,0.89000000000000001,0.089599999999999999,1.0,0.0,3.0,1.0,7.0
0.0,6.0,3.0,1.0,0.64000000000000001,0.57579999999999998,0.89000000000000001,0.089599999999999999,1.0,0.0,3.0,1.0,3.0
0.0,6.0,4.0,1.0,0.62,0.57579999999999998,0.82999999999999996,0.0,1.0,0.0,3.0,1.0,6.0
0.0,6.0,5.0,1.0,0.62,0.56059999999999999,0.88,0.0,1.0,0.0,3.0,1.0,21.0
0.0,6.0,6.0,1.0,0.64000000000000001,0.57579999999999998,0.89000000000000001,0.1343,1.0,0.0,3.0,1.0,116.0
0.0,6.0,7.0,1.0,0.65999999999999992,0.62119999999999997,0.73999999999999999,0.1045,1.0,0.0,3.0,1.0,353.0
0.0,6.0,8.0,1.0,0.76000000000000001,0.71209999999999996,0.57999999999999996,0.16420000000000001,1.0,0.0,3.0,1.0,481.0
0.0,6.0,9.0,1.0,0.76000000000000001,0.71209999999999996,0.57999999999999996,0.16420000000000001,1.0,0.0,3.0,1.0,202.0
0.0,6.0,10.0,1.0,0.81999999999999995,0.74239999999999995,0.42999999999999999,0.22390000000000002,1.0,0.0,3.0,1.0,90.0
0.0,6.0,11.0,1.0,0.83999999999999997,0.75760000000000005,0.40999999999999998,0.19399999999999998,1.0,0.0,3.0,1.0,134.0
0.0,6.0,12.0,1.0,0.88,0.81819999999999993,0.41999999999999998,0.1343,1.0,0.0,3.0,1.0,149.0
0.0,6.0,13.0,1.0,0.89999999999999991,0.84849999999999992,0.41999999999999998,0.0,1.0,0.0,3.0,1.0,136.0
0.0,6.0,14.0,1.0,0.91999999999999993,0.87879999999999991,0.40000000000000002,0.25370000000000004,1.0,0.0,3.0,1.0,155.0
0.0,6.0,15.0,1.0,0.91999999999999993,0.87879999999999991,0.40000000000000002,0.16420000000000001,1.0,0.0,3.0,1.0,128.0
0.0,6.0,16.0,1.0,0.91999999999999993,0.87879999999999991,0.40000000000000002,0.22390000000000002,1.0,0.0,3.0,1.0,233.0
0.0,6.0,17.0,1.0,0.91999999999999993,0.84849999999999992,0.34999999999999998,0.22390000000000002,1.0,0.0,3.0,1.0,506.0
0.0,6.0,18.0,1.0,0.89999999999999991,0.81819999999999993,0.37,0.22390000000000002,1.0,0.0,3.0,1.0,459.0
0.0,6.0,19.0,1.0,0.81999999999999995,0.80299999999999994,0.58999999999999997,0.1343,1.0,0.0,3.0,1.0,384.0
0.0,6.0,20.0,1.0,0.79999999999999993,0.78790000000000004,0.63,0.1343,1.0,0.0,3.0,1.0,280.0
0.0,6.0,21.0,1.0,0.79999999999999993,0.80299999999999994,0.66000000000000003,0.1343,1.0,0.0,3.0,1.0,202.0
0.0,6.0,22.0,1.0,0.76000000000000001,0.74239999999999995,0.75,0.16420000000000001,1.0,0.0,3.0,1.0,176.0
0.0,6.0,23.0,1.0,0.76000000000000001,0.74239999999999995,0.75,0.19399999999999998,1.0,0.0,3.0,1.0,116.0
0.0,6.0,0.0,2.0,0.73999999999999999,0.71209999999999996,0.79000000000000004,0.1343,1.0,0.0,4.0,1.0,47.0
0.0,6.0,1.0,1.0,0.73999999999999999,0.71209999999999996,0.79000000000000004,0.1045,1.0,0.0,4.0,1.0,16.0
0.0,6.0,2.0,2.0,0.71999999999999997,0.71209999999999996,0.83999999999999997,0.16420000000000001,1.0,0.0,4.0,1.0,6.0
0.0,6.0,3.0,2.0,0.71999999999999997,0.71209999999999996,0.83999999999999997,0.1045,1.0,0.0,4.0,1.0,2.0
0.0,6.0,4.0,2.0,0.71999999999999997,0.69700000000000006,0.79000000000000004,0.089599999999999999,1.0,0.0,4.0,1.0,6.0
0.0,6.0,5.0,2.0,0.69999999999999996,0.66670000000000007,0.83999999999999997,0.0,1.0,0.0,4.0,1.0,20.0
0.0,6.0,6.0,2.0,0.71999999999999997,0.71209999999999996,0.83999999999999997,0.089599999999999999,1.0,0.0,4.0,1.0,118.0
0.0,6.0,7.0,2.0,0.71999999999999997,0.69700000000000006,0.79000000000000004,0.1343,1.0,0.0,4.0,1.0,314.0
0.0,6.0,8.0,2.0,0.76000000000000001,0.72730000000000006,0.69999999999999996,0.1045,1.0,0.0,4.0,1.0,432.0
0.0,6.0,9.0,1.0,0.83999999999999997,0.78790000000000004,0.48999999999999999,0.0,1.0,0.0,4.0,1.0,168.0
0.0,6.0,10.0,1.0,0.85999999999999999,0.81819999999999993,0.5,0.28360000000000002,1.0,0.0,4.0,1.0,94.0
0.0,6.0,11.0,1.0,0.89999999999999991,0.84849999999999992,0.41999999999999998,0.22390000000000002,1.0,0.0,4.0,1.0,118.0
0.0,6.0,12.0,1.0,0.91999999999999993,0.84849999999999992,0.34999999999999998,0.19399999999999998,1.0,0.0,4.0,1.0,140.0
0.0,6.0,13.0,1.0,0.89999999999999991,0.81819999999999993,0.37,0.089599999999999999,1.0,0.0,4.0,1.0,136.0
0.0,6.0,14.0,1.0,0.91999999999999993,0.87879999999999991,0.40000000000000002,0.19399999999999998,1.0,0.0,4.0,1.0,118.0
0.0,6.0,15.0,1.0,0.93999999999999995,0.83329999999999993,0.31,0.16420000000000001,1.0,0.0,4.0,1.0,104.0
0.0,6.0,16.0,1.0,0.91999999999999993,0.83329999999999993,0.33000000000000002,0.1343,1.0,0.0,4.0,1.0,200.0
0.0,6.0,17.0,1.0,0.89999999999999991,0.81819999999999993,0.37,0.25370000000000004,1.0,0.0,4.0,1.0,409.0
0.0,6.0,18.0,1.0,0.88,0.80299999999999994,0.39000000000000001,0.28360000000000002,1.0,0.0,4.0,1.0,466.0
0.0,6.0,19.0,2.0,0.83999999999999997,0.74239999999999995,0.39000000000000001,0.32840000000000003,1.0,0.0,4.0,1.0,326.0
0.0,6.0,20.0,2.0,0.79999999999999993,0.72730000000000006,0.42999999999999999,0.19399999999999998,1.0,0.0,4.0,1.0,254.0
0.0,6.0,21.0,3.0,0.76000000000000001,0.69700000000000006,0.52000000000000002,0.0,1.0,0.0,4.0,1.0,171.0
0.0,6.0,22.0,2.0,0.73999999999999999,0.68180000000000007,0.57999999999999996,0.16420000000000001,1.0,0.0,4.0,1.0,153.0
0.0,6.0,23.0,2.0,0.73999999999999999,0.69700000000000006,0.56999999999999995,0.16420000000000001,1.0,0.0,4.0,1.0,97.0
0.0,6.0,0.0,3.0,0.69999999999999996,0.65150000000000008,0.65000000000000002,0.22390000000000002,1.0,0.0,5.0,1.0,69.0
0.0,6.0,1.0,3.0,0.69999999999999996,0.65150000000000008,0.65000000000000002,0.22390000000000002,1.0,0.0,5.0,1.0,23.0
0.0,6.0,2.0,1.0,0.67999999999999994,0.63639999999999997,0.68999999999999995,0.16420000000000001,1.0,0.0,5.0,1.0,13.0
0.0,6.0,3.0,1.0,0.67999999999999994,0.63639999999999997,0.68999999999999995,0.16420000000000001,1.0,0.0,5.0,1.0,6.0
0.0,6.0,4.0,1.0,0.65999999999999992,0.60609999999999997,0.78000000000000003,0.16420000000000001,1.0,0.0,5.0,1.0,4.0
0.0,6.0,5.0,1.0,0.65999999999999992,0.60609999999999997,0.78000000000000003,0.16420000000000001,1.0,0.0,5.0,1.0,28.0
0.0,6.0,6.0,1.0,0.65999999999999992,0.60609999999999997,0.78000000000000003,0.089599999999999999,1.0,0.0,5.0,1.0,104.0
0.0,6.0,7.0,1.0,0.71999999999999997,0.68180000000000007,0.66000000000000003,0.1045,1.0,0.0,5.0,1.0,267.0
0.0,6.0,8.0,1.0,0.73999999999999999,0.68180000000000007,0.57999999999999996,0.1343,1.0,0.0,5.0,1.0,452.0
0.0,6.0,9.0,1.0,0.76000000000000001,0.69700000000000006,0.55000000000000004,0.0,1.0,0.0,5.0,1.0,213.0
0.0,6.0,10.0,1.0,0.78000000000000003,0.71209999999999996,0.52000000000000002,0.0,1.0,0.0,5.0,1.0,111.0
0.0,6.0,11.0,1.0,0.81999999999999995,0.75760000000000005,0.46000000000000002,0.0,1.0,0.0,5.0,1.0,153.0
0.0,6.0,12.0,1.0,0.83999999999999997,0.75760000000000005,0.44,0.1343,1.0,0.0,5.0,1.0,207.0
0.0,6.0,13.0,1.0,0.83999999999999997,0.75760000000000005,0.44,0.1045,1.0,0.0,5.0,1.0,189.0
0.0,6.0,14.0,1.0,0.85999999999999999,0.77269999999999994,0.39000000000000001,0.0,1.0,0.0,5.0,1.0,165.0
0.0,6.0,15.0,1.0,0.83999999999999997,0.75760000000000005,0.44,0.1045,1.0,0.0,5.0,1.0,212.0
0.0,6.0,16.0,1.0,0.81999999999999995,0.78790000000000004,0.56000000000000005,0.29850000000000004,1.0,0.0,5.0,1.0,285.0
0.0,6.0,17.0,1.0,0.81999999999999995,0.77269999999999994,0.52000000000000002,0.22390000000000002,1.0,0.0,5.0,1.0,517.0
0.0,6.0,18.0,1.0,0.79999999999999993,0.77269999999999994,0.58999999999999997,0.22390000000000002,1.0,0.0,5.0,1.0,463.0
0.0,6.0,19.0,1.0,0.78000000000000003,0.74239999999999995,0.58999999999999997,0.19399999999999998,1.0,0.0,5.0,1.0,306.0
0.0,6.0,20.0,1.0,0.76000000000000001,0.71209999999999996,0.62,0.1045,1.0,0.0,5.0,1.0,250.0
0.0,6.0,21.0,1.0,0.76000000000000001,0.72730000000000006,0.66000000000000003,0.1343,1.0,0.0,5.0,1.0,218.0
0.0,6.0,22.0,1.0,0.71999999999999997,0.69700000000000006,0.73999999999999999,0.25370000000000004,1.0,0.0,5.0,1.0,185.0
0.0,6.0,23.0,1.0,0.71999999999999997,0.69700000000000006,0.73999999999999999,0.16420000000000001,1.0,0.0,5.0,1.0,146.0
0.0,6.0,0.0,1.0,0.69999999999999996,0.66670000000000007,0.79000000000000004,0.1343,1.0,0.0,6.0,0.0,117.0
0.0,6.0,1.0,1.0,0.69999999999999996,0.66670000000000007,0.79000000000000004,0.089599999999999999,1.0,0.0,6.0,0.0,77.0
0.0,6.0,2.0,1.0,0.69999999999999996,0.66670000000000007,0.79000000000000004,0.1045,1.0,0.0,6.0,0.0,60.0
0.0,6.0,3.0,1.0,0.67999999999999994,0.63639999999999997,0.82999999999999996,0.089599999999999999,1.0,0.0,6.0,0.0,28.0
0.0,6.0,4.0,1.0,0.67999999999999994,0.63639999999999997,0.79000000000000004,0.089599999999999999,1.0,0.0,6.0,0.0,13.0
0.0,6.0,5.0,1.0,0.67999999999999994,0.63639999999999997,0.73999999999999999,0.1343,1.0,0.0,6.0,0.0,16.0
0.0,6.0,6.0,1.0,0.69999999999999996,0.65150000000000008,0.60999999999999999,0.1343,1.0,0.0,6.0,0.0,40.0
0.0,6.0,7.0,1.0,0.71999999999999997,0.66670000000000007,0.57999999999999996,0.19399999999999998,1.0,0.0,6.0,0.0,68.0
0.0,6.0,8.0,1.0,0.73999999999999999,0.68180000000000007,0.57999999999999996,0.19399999999999998,1.0,0.0,6.0,0.0,143.0
0.0,6.0,9.0,1.0,0.73999999999999999,0.68180000000000007,0.62,0.1343,1.0,0.0,6.0,0.0,230.0
0.0,6.0,10.0,1.0,0.73999999999999999,0.68180000000000007,0.57999999999999996,0.16420000000000001,1.0,0.0,6.0,0.0,264.0
0.0,6.0,11.0,1.0,0.76000000000000001,0.71209999999999996,0.62,0.1343,1.0,0.0,6.0,0.0,325.0
0.0,6.0,12.0,1.0,0.79999999999999993,0.75760000000000005,0.55000000000000004,0.22390000000000002,1.0,0.0,6.0,0.0,347.0
0.0,6.0,13.0,1.0,0.79999999999999993,0.75760000000000005,0.55000000000000004,0.19399999999999998,1.0,0.0,6.0,0.0,387.0
0.0,6.0,14.0,1.0,0.81999999999999995,0.77269999999999994,0.48999999999999999,0.1045,1.0,0.0,6.0,0.0,380.0
0.0,6.0,15.0,1.0,0.81999999999999995,0.77269999999999994,0.48999999999999999,0.1045,1.0,0.0,6.0,0.0,374.0
0.0,6.0,16.0,2.0,0.79999999999999993,0.72730000000000006,0.46000000000000002,0.19399999999999998,1.0,0.0,6.0,0.0,394.0
0.0,6.0,17.0,2.0,0.73999999999999999,0.68180000000000007,0.57999999999999996,0.16420000000000001,1.0,0.0,6.0,0.0,337.0
0.0,6.0,18.0,2.0,0.71999999999999997,0.68180000000000007,0.62,0.1343,1.0,0.0,6.0,0.0,286.0
0.0,6.0,19.0,1.0,0.69999999999999996,0.65150000000000008,0.65000000000000002,0.19399999999999998,1.0,0.0,6.0,0.0,264.0
0.0,6.0,20.0,1.0,0.67999999999999994,0.63639999999999997,0.73999999999999999,0.25370000000000004,1.0,0.0,6.0,0.0,275.0
0.0,6.0,21.0,1.0,0.65999999999999992,0.62119999999999997,0.73999999999999999,0.22390000000000002,1.0,0.0,6.0,0.0,220.0
0.0,6.0,22.0,1.0,0.65999999999999992,0.60609999999999997,0.78000000000000003,0.22390000000000002,1.0,0.0,6.0,0.0,190.0
0.0,6.0,23.0,1.0,0.65999999999999992,0.62119999999999997,0.73999999999999999,0.1045,1.0,0.0,6.0,0.0,131.0
0.0,6.0,0.0,1.0,0.65999999999999992,0.60609999999999997,0.78000000000000003,0.22390000000000002,1.0,0.0,7.0,0.0,119.0
0.0,6.0,1.0,1.0,0.64000000000000001,0.57579999999999998,0.82999999999999996,0.1045,1.0,0.0,7.0,0.0,93.0
0.0,6.0,2.0,1.0,0.64000000000000001,0.57579999999999998,0.89000000000000001,0.25370000000000004,1.0,0.0,7.0,0.0,66.0
0.0,6.0,3.0,1.0,0.64000000000000001,0.57579999999999998,0.89000000000000001,0.28360000000000002,1.0,0.0,7.0,0.0,28.0
0.0,6.0,4.0,1.0,0.62,0.56059999999999999,0.88,0.16420000000000001,1.0,0.0,7.0,0.0,14.0
0.0,6.0,5.0,1.0,0.62,0.56059999999999999,0.88,0.22390000000000002,1.0,0.0,7.0,0.0,10.0
0.0,6.0,6.0,1.0,0.62,0.56059999999999999,0.88,0.1045,1.0,0.0,7.0,0.0,14.0
0.0,6.0,7.0,1.0,0.64000000000000001,0.59089999999999998,0.78000000000000003,0.1045,1.0,0.0,7.0,0.0,34.0
0.0,6.0,8.0,1.0,0.69999999999999996,0.66670000000000007,0.73999999999999999,0.0,1.0,0.0,7.0,0.0,92.0
0.0,6.0,9.0,1.0,0.71999999999999997,0.68180000000000007,0.66000000000000003,0.0,1.0,0.0,7.0,0.0,182.0
0.0,6.0,10.0,1.0,0.76000000000000001,0.71209999999999996,0.57999999999999996,0.089599999999999999,1.0,0.0,7.0,0.0,311.0
0.0,6.0,11.0,1.0,0.78000000000000003,0.72730000000000006,0.55000000000000004,0.1045,1.0,0.0,7.0,0.0,367.0
0.0,6.0,12.0,1.0,0.81999999999999995,0.75760000000000005,0.46000000000000002,0.0,1.0,0.0,7.0,0.0,420.0
0.0,6.0,13.0,1.0,0.78000000000000003,0.74239999999999995,0.58999999999999997,0.28360000000000002,1.0,0.0,7.0,0.0,373.0
0.0,6.0,14.0,1.0,0.81999999999999995,0.78790000000000004,0.56000000000000005,0.25370000000000004,1.0,0.0,7.0,0.0,315.0
0.0,6.0,15.0,1.0,0.79999999999999993,0.77269999999999994,0.58999999999999997,0.29850000000000004,1.0,0.0,7.0,0.0,360.0
0.0,6.0,16.0,3.0,0.67999999999999994,0.63639999999999997,0.82999999999999996,0.28360000000000002,1.0,0.0,7.0,0.0,350.0
0.0,6.0,17.0,3.0,0.67999999999999994,0.63639999999999997,0.82999999999999996,0.28360000000000002,1.0,0.0,7.0,0.0,252.0
0.0,6.0,18.0,1.0,0.69999999999999996,0.66670000000000007,0.73999999999999999,0.16420000000000001,1.0,0.0,7.0,0.0,256.0
0.0,6.0,19.0,1.0,0.69999999999999996,0.66670000000000007,0.73999999999999999,0.1045,1.0,0.0,7.0,0.0,223.0
0.0,6.0,20.0,1.0,0.65999999999999992,0.60609999999999997,0.82999999999999996,0.16420000000000001,1.0,0.0,7.0,0.0,206.0
0.0,6.0,21.0,1.0,0.65999999999999992,0.60609999999999997,0.82999999999999996,0.1045,1.0,0.0,7.0,0.0,140.0
0.0,6.0,22.0,1.0,0.64000000000000001,0.57579999999999998,0.82999999999999996,0.1343,1.0,0.0,7.0,0.0,128.0
0.0,6.0,23.0,1.0,0.64000000000000001,0.59089999999999998,0.78000000000000003,0.19399999999999998,1.0,0.0,7.0,0.0,107.0
0.0,6.0,0.0,1.0,0.64000000000000001,0.59089999999999998,0.78000000000000003,0.1343,1.0,0.0,1.0,1.0,28.0
0.0,6.0,1.0,1.0,0.64000000000000001,0.60609999999999997,0.72999999999999998,0.22390000000000002,1.0,0.0,1.0,1.0,16.0
0.0,6.0,2.0,1.0,0.62,0.59089999999999998,0.72999999999999998,0.28360000000000002,1.0,0.0,1.0,1.0,10.0
0.0,6.0,3.0,1.0,0.60000000000000009,0.60609999999999997,0.59999999999999998,0.49250000000000005,1.0,0.0,1.0,1.0,7.0
0.0,6.0,4.0,1.0,0.56000000000000005,0.53029999999999999,0.64000000000000001,0.29850000000000004,1.0,0.0,1.0,1.0,4.0
0.0,6.0,5.0,1.0,0.54000000000000004,0.51519999999999999,0.64000000000000001,0.3881,1.0,0.0,1.0,1.0,29.0
0.0,6.0,6.0,1.0,0.54000000000000004,0.51519999999999999,0.64000000000000001,0.41790000000000005,1.0,0.0,1.0,1.0,105.0
0.0,6.0,7.0,1.0,0.56000000000000005,0.53029999999999999,0.56000000000000005,0.35820000000000002,1.0,0.0,1.0,1.0,328.0
0.0,6.0,8.0,1.0,0.58000000000000007,0.54549999999999998,0.48999999999999999,0.44780000000000003,1.0,0.0,1.0,1.0,476.0
0.0,6.0,9.0,1.0,0.62,0.62119999999999997,0.46000000000000002,0.35820000000000002,1.0,0.0,1.0,1.0,224.0
0.0,6.0,10.0,1.0,0.64000000000000001,0.62119999999999997,0.40999999999999998,0.32840000000000003,1.0,0.0,1.0,1.0,118.0
0.0,6.0,11.0,1.0,0.65999999999999992,0.62119999999999997,0.40999999999999998,0.29850000000000004,1.0,0.0,1.0,1.0,159.0
0.0,6.0,12.0,1.0,0.65999999999999992,0.62119999999999997,0.40999999999999998,0.28360000000000002,1.0,0.0,1.0,1.0,196.0
0.0,6.0,13.0,1.0,0.69999999999999996,0.63639999999999997,0.37,0.0,1.0,0.0,1.0,1.0,227.0
0.0,6.0,14.0,1.0,0.69999999999999996,0.63639999999999997,0.34000000000000002,0.25370000000000004,1.0,0.0,1.0,1.0,200.0
0.0,6.0,15.0,1.0,0.69999999999999996,0.63639999999999997,0.37,0.44780000000000003,1.0,0.0,1.0,1.0,185.0
0.0,6.0,16.0,1.0,0.69999999999999996,0.63639999999999997,0.37,0.41790000000000005,1.0,0.0,1.0,1.0,326.0
0.0,6.0,17.0,1.0,0.69999999999999996,0.63639999999999997,0.39000000000000001,0.32840000000000003,1.0,0.0,1.0,1.0,601.0
0.0,6.0,18.0,1.0,0.69999999999999996,0.63639999999999997,0.37,0.35820000000000002,1.0,0.0,1.0,1.0,586.0
0.0,6.0,19.0,1.0,0.65999999999999992,0.62119999999999997,0.39000000000000001,0.28360000000000002,1.0,0.0,1.0,1.0,423.0
0.0,6.0,20.0,1.0,0.64000000000000001,0.62119999999999997,0.44,0.25370000000000004,1.0,0.0,1.0,1.0,331.0
0.0,6.0,21.0,1.0,0.64000000000000001,0.62119999999999997,0.40999999999999998,0.25370000000000004,1.0,0.0,1.0,1.0,218.0
0.0,6.0,22.0,1.0,0.62,0.62119999999999997,0.46000000000000002,0.22390000000000002,1.0,0.0,1.0,1.0,134.0
0.0,6.0,23.0,1.0,0.62,0.62119999999999997,0.46000000000000002,0.19399999999999998,1.0,0.0,1.0,1.0,89.0
0.0,6.0,0.0,1.0,0.60000000000000009,0.62119999999999997,0.48999999999999999,0.19399999999999998,1.0,0.0,2.0,1.0,31.0
0.0,6.0,1.0,1.0,0.60000000000000009,0.62119999999999997,0.48999999999999999,0.25370000000000004,1.0,0.0,2.0,1.0,13.0
0.0,6.0,2.0,1.0,0.60000000000000009,0.62119999999999997,0.48999999999999999,0.28360000000000002,1.0,0.0,2.0,1.0,10.0
0.0,6.0,3.0,1.0,0.58000000000000007,0.54549999999999998,0.53000000000000003,0.32840000000000003,1.0,0.0,2.0,1.0,2.0
0.0,6.0,4.0,1.0,0.54000000000000004,0.51519999999999999,0.59999999999999998,0.25370000000000004,1.0,0.0,2.0,1.0,3.0
0.0,6.0,5.0,1.0,0.54000000000000004,0.51519999999999999,0.56000000000000005,0.32840000000000003,1.0,0.0,2.0,1.0,26.0
0.0,6.0,6.0,1.0,0.54000000000000004,0.51519999999999999,0.56000000000000005,0.29850000000000004,1.0,0.0,2.0,1.0,113.0
0.0,6.0,7.0,1.0,0.56000000000000005,0.53029999999999999,0.52000000000000002,0.41790000000000005,1.0,0.0,2.0,1.0,365.0
0.0,6.0,8.0,1.0,0.58000000000000007,0.54549999999999998,0.48999999999999999,0.3881,1.0,0.0,2.0,1.0,486.0
0.0,6.0,9.0,1.0,0.62,0.62119999999999997,0.46000000000000002,0.19399999999999998,1.0,0.0,2.0,1.0,193.0
0.0,6.0,10.0,1.0,0.62,0.62119999999999997,0.46000000000000002,0.22390000000000002,1.0,0.0,2.0,1.0,130.0
0.0,6.0,11.0,1.0,0.64000000000000001,0.62119999999999997,0.40999999999999998,0.28360000000000002,1.0,0.0,2.0,1.0,143.0
0.0,6.0,12.0,1.0,0.64000000000000001,0.62119999999999997,0.40999999999999998,0.35820000000000002,1.0,0.0,2.0,1.0,169.0
0.0,6.0,13.0,1.0,0.64000000000000001,0.62119999999999997,0.44,0.22390000000000002,1.0,0.0,2.0,1.0,209.0
0.0,6.0,14.0,2.0,0.64000000000000001,0.62119999999999997,0.46999999999999997,0.19399999999999998,1.0,0.0,2.0,1.0,159.0
0.0,6.0,15.0,1.0,0.64000000000000001,0.62119999999999997,0.46999999999999997,0.16420000000000001,1.0,0.0,2.0,1.0,178.0
0.0,6.0,16.0,1.0,0.67999999999999994,0.63639999999999997,0.40999999999999998,0.19399999999999998,1.0,0.0,2.0,1.0,330.0
0.0,6.0,17.0,3.0,0.64000000000000001,0.62119999999999997,0.5,0.28360000000000002,1.0,0.0,2.0,1.0,569.0
0.0,6.0,18.0,1.0,0.62,0.62119999999999997,0.51000000000000001,0.32840000000000003,1.0,0.0,2.0,1.0,538.0
0.0,6.0,19.0,1.0,0.64000000000000001,0.62119999999999997,0.5,0.35820000000000002,1.0,0.0,2.0,1.0,386.0
0.0,6.0,20.0,1.0,0.60000000000000009,0.62119999999999997,0.56000000000000005,0.16420000000000001,1.0,0.0,2.0,1.0,297.0
0.0,6.0,21.0,1.0,0.60000000000000009,0.62119999999999997,0.56000000000000005,0.29850000000000004,1.0,0.0,2.0,1.0,243.0
0.0,6.0,22.0,1.0,0.58000000000000007,0.54549999999999998,0.59999999999999998,0.22390000000000002,1.0,0.0,2.0,1.0,188.0
0.0,6.0,23.0,1.0,0.56000000000000005,0.53029999999999999,0.68000000000000005,0.22390000000000002,1.0,0.0,2.0,1.0,110.0
0.0,6.0,0.0,1.0,0.56000000000000005,0.53029999999999999,0.64000000000000001,0.35820000000000002,1.0,0.0,3.0,1.0,52.0
0.0,6.0,1.0,1.0,0.54000000000000004,0.51519999999999999,0.64000000000000001,0.28360000000000002,1.0,0.0,3.0,1.0,14.0
0.0,6.0,2.0,1.0,0.52000000000000002,0.5,0.63,0.22390000000000002,1.0,0.0,3.0,1.0,9.0
0.0,6.0,3.0,1.0,0.5,0.48479999999999995,0.68000000000000005,0.25370000000000004,1.0,0.0,3.0,1.0,1.0
0.0,6.0,4.0,1.0,0.5,0.48479999999999995,0.63,0.28360000000000002,1.0,0.0,3.0,1.0,4.0
0.0,6.0,5.0,1.0,0.47999999999999998,0.46970000000000001,0.67000000000000004,0.28360000000000002,1.0,0.0,3.0,1.0,21.0
0.0,6.0,6.0,1.0,0.5,0.48479999999999995,0.63,0.25370000000000004,1.0,0.0,3.0,1.0,121.0
0.0,6.0,7.0,1.0,0.54000000000000004,0.51519999999999999,0.59999999999999998,0.1343,1.0,0.0,3.0,1.0,370.0
0.0,6.0,8.0,1.0,0.58000000000000007,0.54549999999999998,0.53000000000000003,0.1343,1.0,0.0,3.0,1.0,498.0
0.0,6.0,9.0,1.0,0.60000000000000009,0.62119999999999997,0.48999999999999999,0.0,1.0,0.0,3.0,1.0,207.0
0.0,6.0,10.0,1.0,0.64000000000000001,0.62119999999999997,0.46999999999999997,0.16420000000000001,1.0,0.0,3.0,1.0,135.0
0.0,6.0,11.0,1.0,0.67999999999999994,0.63639999999999997,0.35999999999999999,0.0,1.0,0.0,3.0,1.0,164.0
0.0,6.0,12.0,1.0,0.69999999999999996,0.63639999999999997,0.34000000000000002,0.22390000000000002,1.0,0.0,3.0,1.0,211.0
0.0,6.0,13.0,1.0,0.73999999999999999,0.65150000000000008,0.28000000000000003,0.28360000000000002,1.0,0.0,3.0,1.0,189.0
0.0,6.0,14.0,1.0,0.73999999999999999,0.65150000000000008,0.28000000000000003,0.0,1.0,0.0,3.0,1.0,178.0
0.0,6.0,15.0,1.0,0.76000000000000001,0.66670000000000007,0.27000000000000002,0.0,1.0,0.0,3.0,1.0,164.0
0.0,6.0,16.0,1.0,0.76000000000000001,0.66670000000000007,0.27000000000000002,0.1343,1.0,0.0,3.0,1.0,312.0
0.0,6.0,17.0,1.0,0.73999999999999999,0.65150000000000008,0.28000000000000003,0.1045,1.0,0.0,3.0,1.0,638.0
0.0,6.0,18.0,1.0,0.71999999999999997,0.65150000000000008,0.32000000000000001,0.1343,1.0,0.0,3.0,1.0,607.0
0.0,6.0,19.0,1.0,0.69999999999999996,0.63639999999999997,0.37,0.28360000000000002,1.0,0.0,3.0,1.0,416.0
0.0,6.0,20.0,1.0,0.65999999999999992,0.62119999999999997,0.44,0.16420000000000001,1.0,0.0,3.0,1.0,330.0
0.0,6.0,21.0,1.0,0.64000000000000001,0.62119999999999997,0.46999999999999997,0.22390000000000002,1.0,0.0,3.0,1.0,257.0
0.0,6.0,22.0,1.0,0.62,0.62119999999999997,0.5,0.1045,1.0,0.0,3.0,1.0,175.0
0.0,6.0,23.0,1.0,0.62,0.62119999999999997,0.53000000000000003,0.0,1.0,0.0,3.0,1.0,107.0
0.0,6.0,0.0,1.0,0.60000000000000009,0.62119999999999997,0.56000000000000005,0.1045,1.0,0.0,4.0,1.0,47.0
0.0,6.0,1.0,1.0,0.58000000000000007,0.54549999999999998,0.59999999999999998,0.0,1.0,0.0,4.0,1.0,17.0
0.0,6.0,2.0,1.0,0.60000000000000009,0.62119999999999997,0.56000000000000005,0.089599999999999999,1.0,0.0,4.0,1.0,5.0
0.0,6.0,3.0,2.0,0.56000000000000005,0.53029999999999999,0.72999999999999998,0.089599999999999999,1.0,0.0,4.0,1.0,4.0
0.0,6.0,4.0,2.0,0.56000000000000005,0.53029999999999999,0.68000000000000005,0.1045,1.0,0.0,4.0,1.0,6.0
0.0,6.0,5.0,1.0,0.60000000000000009,0.60609999999999997,0.64000000000000001,0.19399999999999998,1.0,0.0,4.0,1.0,25.0
0.0,6.0,6.0,3.0,0.58000000000000007,0.54549999999999998,0.72999999999999998,0.16420000000000001,1.0,0.0,4.0,1.0,112.0
0.0,6.0,7.0,3.0,0.56000000000000005,0.53029999999999999,0.78000000000000003,0.16420000000000001,1.0,0.0,4.0,1.0,188.0
0.0,6.0,8.0,2.0,0.60000000000000009,0.59089999999999998,0.68999999999999995,0.1343,1.0,0.0,4.0,1.0,388.0
0.0,6.0,9.0,2.0,0.62,0.60609999999999997,0.65000000000000002,0.19399999999999998,1.0,0.0,4.0,1.0,261.0
0.0,6.0,10.0,2.0,0.65999999999999992,0.62119999999999997,0.60999999999999999,0.25370000000000004,1.0,0.0,4.0,1.0,121.0
0.0,6.0,11.0,2.0,0.67999999999999994,0.63639999999999997,0.60999999999999999,0.29850000000000004,1.0,0.0,4.0,1.0,150.0
0.0,6.0,12.0,1.0,0.71999999999999997,0.66670000000000007,0.54000000000000004,0.3881,1.0,0.0,4.0,1.0,206.0
0.0,6.0,13.0,2.0,0.71999999999999997,0.66670000000000007,0.54000000000000004,0.25370000000000004,1.0,0.0,4.0,1.0,151.0
0.0,6.0,14.0,2.0,0.71999999999999997,0.66670000000000007,0.54000000000000004,0.32840000000000003,1.0,0.0,4.0,1.0,153.0
0.0,6.0,15.0,2.0,0.69999999999999996,0.65150000000000008,0.60999999999999999,0.29850000000000004,1.0,0.0,4.0,1.0,159.0
0.0,6.0,16.0,3.0,0.65999999999999992,0.62119999999999997,0.68999999999999995,0.19399999999999998,1.0,0.0,4.0,1.0,294.0
0.0,6.0,17.0,2.0,0.64000000000000001,0.59089999999999998,0.78000000000000003,0.1045,1.0,0.0,4.0,1.0,272.0
0.0,6.0,18.0,1.0,0.64000000000000001,0.57579999999999998,0.82999999999999996,0.22390000000000002,1.0,0.0,4.0,1.0,325.0
0.0,6.0,19.0,1.0,0.62,0.57579999999999998,0.82999999999999996,0.28360000000000002,1.0,0.0,4.0,1.0,327.0
0.0,6.0,20.0,1.0,0.62,0.57579999999999998,0.82999999999999996,0.32840000000000003,1.0,0.0,4.0,1.0,201.0
0.0,6.0,21.0,3.0,0.62,0.57579999999999998,0.82999999999999996,0.25370000000000004,1.0,0.0,4.0,1.0,188.0
0.0,6.0,22.0,3.0,0.62,0.57579999999999998,0.82999999999999996,0.25370000000000004,1.0,0.0,4.0,1.0,151.0
0.0,6.0,23.0,3.0,0.60000000000000009,0.56059999999999999,0.82999999999999996,0.25370000000000004,1.0,0.0,4.0,1.0,16.0
0.0,6.0,0.0,1.0,0.56000000000000005,0.53029999999999999,0.88,0.089599999999999999,1.0,0.0,5.0,1.0,24.0
0.0,6.0,1.0,1.0,0.56000000000000005,0.53029999999999999,0.93999999999999995,0.1343,1.0,0.0,5.0,1.0,23.0
0.0,6.0,2.0,1.0,0.56000000000000005,0.53029999999999999,0.93999999999999995,0.1045,1.0,0.0,5.0,1.0,13.0
0.0,6.0,3.0,1.0,0.56000000000000005,0.53029999999999999,0.93999999999999995,0.1045,1.0,0.0,5.0,1.0,6.0
0.0,6.0,4.0,1.0,0.54000000000000004,0.51519999999999999,0.93999999999999995,0.1343,1.0,0.0,5.0,1.0,6.0
0.0,6.0,5.0,1.0,0.54000000000000004,0.51519999999999999,1.0,0.0,1.0,0.0,5.0,1.0,13.0
0.0,6.0,6.0,1.0,0.56000000000000005,0.53029999999999999,0.93999999999999995,0.0,1.0,0.0,5.0,1.0,97.0
0.0,6.0,7.0,1.0,0.60000000000000009,0.56059999999999999,0.82999999999999996,0.0,1.0,0.0,5.0,1.0,250.0
0.0,6.0,8.0,2.0,0.60000000000000009,0.56059999999999999,0.82999999999999996,0.0,1.0,0.0,5.0,1.0,454.0
0.0,6.0,9.0,1.0,0.69999999999999996,0.65150000000000008,0.57999999999999996,0.19399999999999998,1.0,0.0,5.0,1.0,224.0
0.0,6.0,10.0,1.0,0.69999999999999996,0.65150000000000008,0.57999999999999996,0.19399999999999998,1.0,0.0,5.0,1.0,170.0
0.0,6.0,11.0,1.0,0.67999999999999994,0.63639999999999997,0.68999999999999995,0.25370000000000004,1.0,0.0,5.0,1.0,181.0
0.0,6.0,12.0,1.0,0.69999999999999996,0.65150000000000008,0.65000000000000002,0.25370000000000004,1.0,0.0,5.0,1.0,243.0
0.0,6.0,13.0,1.0,0.73999999999999999,0.68180000000000007,0.62,0.28360000000000002,1.0,0.0,5.0,1.0,204.0
0.0,6.0,14.0,1.0,0.76000000000000001,0.69700000000000006,0.52000000000000002,0.19399999999999998,1.0,0.0,5.0,1.0,215.0
0.0,6.0,15.0,1.0,0.78000000000000003,0.69700000000000006,0.42999999999999999,0.22390000000000002,1.0,0.0,5.0,1.0,243.0
0.0,6.0,16.0,1.0,0.76000000000000001,0.68180000000000007,0.45000000000000001,0.16420000000000001,1.0,0.0,5.0,1.0,355.0
0.0,6.0,17.0,3.0,0.76000000000000001,0.68180000000000007,0.40000000000000002,0.19399999999999998,1.0,0.0,5.0,1.0,552.0
0.0,6.0,18.0,3.0,0.76000000000000001,0.68180000000000007,0.40000000000000002,0.19399999999999998,1.0,0.0,5.0,1.0,450.0
0.0,6.0,19.0,3.0,0.64000000000000001,0.57579999999999998,0.82999999999999996,0.25370000000000004,1.0,0.0,5.0,1.0,328.0
0.0,6.0,20.0,1.0,0.64000000000000001,0.59089999999999998,0.78000000000000003,0.1045,1.0,0.0,5.0,1.0,232.0
0.0,6.0,21.0,1.0,0.64000000000000001,0.59089999999999998,0.78000000000000003,0.089599999999999999,1.0,0.0,5.0,1.0,208.0
0.0,6.0,22.0,1.0,0.62,0.56059999999999999,0.88,0.1343,1.0,0.0,5.0,1.0,175.0
0.0,6.0,23.0,1.0,0.62,0.57579999999999998,0.82999999999999996,0.1343,1.0,0.0,5.0,1.0,178.0
0.0,6.0,0.0,1.0,0.62,0.56059999999999999,0.88,0.1343,1.0,0.0,6.0,0.0,104.0
0.0,6.0,1.0,1.0,0.62,0.57579999999999998,0.82999999999999996,0.1045,1.0,0.0,6.0,0.0,95.0
0.0,6.0,2.0,1.0,0.60000000000000009,0.54549999999999998,0.88,0.0,1.0,0.0,6.0,0.0,53.0
0.0,6.0,3.0,1.0,0.60000000000000009,0.54549999999999998,0.88,0.089599999999999999,1.0,0.0,6.0,0.0,20.0
0.0,6.0,4.0,1.0,0.60000000000000009,0.54549999999999998,0.88,0.089599999999999999,1.0,0.0,6.0,0.0,5.0
0.0,6.0,5.0,1.0,0.62,0.57579999999999998,0.82999999999999996,0.0,1.0,0.0,6.0,0.0,7.0
0.0,6.0,6.0,1.0,0.62,0.57579999999999998,0.82999999999999996,0.1045,1.0,0.0,6.0,0.0,27.0
0.0,6.0,7.0,1.0,0.64000000000000001,0.59089999999999998,0.78000000000000003,0.1343,1.0,0.0,6.0,0.0,57.0
0.0,6.0,8.0,1.0,0.65999999999999992,0.60609999999999997,0.78000000000000003,0.089599999999999999,1.0,0.0,6.0,0.0,131.0
0.0,6.0,9.0,1.0,0.69999999999999996,0.65150000000000008,0.60999999999999999,0.22390000000000002,1.0,0.0,6.0,0.0,218.0
0.0,6.0,10.0,1.0,0.71999999999999997,0.68180000000000007,0.62,0.19399999999999998,1.0,0.0,6.0,0.0,244.0
0.0,6.0,11.0,1.0,0.71999999999999997,0.68180000000000007,0.62,0.1343,1.0,0.0,6.0,0.0,404.0
0.0,6.0,12.0,1.0,0.73999999999999999,0.69700000000000006,0.66000000000000003,0.089599999999999999,1.0,0.0,6.0,0.0,420.0
0.0,6.0,13.0,1.0,0.76000000000000001,0.69700000000000006,0.55000000000000004,0.0,1.0,0.0,6.0,0.0,327.0
0.0,6.0,14.0,2.0,0.79999999999999993,0.72730000000000006,0.46000000000000002,0.28360000000000002,1.0,0.0,6.0,0.0,334.0
0.0,6.0,15.0,2.0,0.81999999999999995,0.75760000000000005,0.46000000000000002,0.1343,1.0,0.0,6.0,0.0,367.0
0.0,6.0,16.0,2.0,0.76000000000000001,0.69700000000000006,0.52000000000000002,0.22390000000000002,1.0,0.0,6.0,0.0,468.0
0.0,6.0,17.0,2.0,0.76000000000000001,0.68180000000000007,0.47999999999999998,0.16420000000000001,1.0,0.0,6.0,0.0,449.0
0.0,6.0,18.0,2.0,0.73999999999999999,0.68180000000000007,0.55000000000000004,0.19399999999999998,1.0,0.0,6.0,0.0,381.0
0.0,6.0,19.0,2.0,0.73999999999999999,0.66670000000000007,0.51000000000000001,0.1045,1.0,0.0,6.0,0.0,326.0
0.0,6.0,20.0,2.0,0.71999999999999997,0.66670000000000007,0.57999999999999996,0.1343,1.0,0.0,6.0,0.0,188.0
0.0,6.0,21.0,2.0,0.71999999999999997,0.68180000000000007,0.66000000000000003,0.1045,1.0,0.0,6.0,0.0,183.0
0.0,6.0,22.0,2.0,0.71999999999999997,0.68180000000000007,0.62,0.1343,1.0,0.0,6.0,0.0,161.0
0.0,6.0,23.0,2.0,0.71999999999999997,0.68180000000000007,0.62,0.0,1.0,0.0,6.0,0.0,150.0
0.0,6.0,0.0,1.0,0.69999999999999996,0.65150000000000008,0.65000000000000002,0.0,1.0,0.0,7.0,0.0,89.0
0.0,6.0,1.0,2.0,0.69999999999999996,0.65150000000000008,0.65000000000000002,0.089599999999999999,1.0,0.0,7.0,0.0,76.0
0.0,6.0,2.0,1.0,0.67999999999999994,0.63639999999999997,0.73999999999999999,0.089599999999999999,1.0,0.0,7.0,0.0,72.0
0.0,6.0,3.0,2.0,0.65999999999999992,0.60609999999999997,0.78000000000000003,0.1343,1.0,0.0,7.0,0.0,30.0
0.0,6.0,4.0,2.0,0.65999999999999992,0.62119999999999997,0.73999999999999999,0.1343,1.0,0.0,7.0,0.0,17.0
0.0,6.0,5.0,2.0,0.65999999999999992,0.60609999999999997,0.78000000000000003,0.0,1.0,0.0,7.0,0.0,19.0
0.0,6.0,6.0,2.0,0.65999999999999992,0.60609999999999997,0.78000000000000003,0.16420000000000001,1.0,0.0,7.0,0.0,33.0
0.0,6.0,7.0,2.0,0.65999999999999992,0.60609999999999997,0.78000000000000003,0.16420000000000001,1.0,0.0,7.0,0.0,71.0
0.0,6.0,8.0,3.0,0.67999999999999994,0.63639999999999997,0.73999999999999999,0.1045,1.0,0.0,7.0,0.0,84.0
0.0,6.0,9.0,2.0,0.67999999999999994,0.63639999999999997,0.73999999999999999,0.1045,1.0,0.0,7.0,0.0,169.0
0.0,6.0,10.0,2.0,0.69999999999999996,0.65150000000000008,0.60999999999999999,0.1045,1.0,0.0,7.0,0.0,244.0
0.0,6.0,11.0,2.0,0.71999999999999997,0.66670000000000007,0.57999999999999996,0.089599999999999999,1.0,0.0,7.0,0.0,377.0
0.0,6.0,12.0,2.0,0.73999999999999999,0.68180000000000007,0.55000000000000004,0.089599999999999999,1.0,0.0,7.0,0.0,396.0
0.0,6.0,13.0,2.0,0.73999999999999999,0.66670000000000007,0.51000000000000001,0.0,1.0,0.0,7.0,0.0,363.0
0.0,6.0,14.0,3.0,0.73999999999999999,0.68180000000000007,0.57999999999999996,0.1045,1.0,0.0,7.0,0.0,317.0
0.0,6.0,15.0,2.0,0.73999999999999999,0.68180000000000007,0.55000000000000004,0.1045,1.0,0.0,7.0,0.0,362.0
0.0,6.0,16.0,2.0,0.76000000000000001,0.68180000000000007,0.47999999999999998,0.0,1.0,0.0,7.0,0.0,378.0
0.0,6.0,17.0,1.0,0.73999999999999999,0.66670000000000007,0.51000000000000001,0.0,1.0,0.0,7.0,0.0,397.0
0.0,6.0,18.0,2.0,0.73999999999999999,0.68180000000000007,0.57999999999999996,0.089599999999999999,1.0,0.0,7.0,0.0,296.0
0.0,6.0,19.0,1.0,0.71999999999999997,0.68180000000000007,0.62,0.1343,1.0,0.0,7.0,0.0,311.0
0.0,6.0,20.0,1.0,0.69999999999999996,0.65150000000000008,0.69999999999999996,0.19399999999999998,1.0,0.0,7.0,0.0,232.0
0.0,6.0,21.0,1.0,0.67999999999999994,0.63639999999999997,0.79000000000000004,0.1343,1.0,0.0,7.0,0.0,167.0
0.0,6.0,22.0,1.0,0.65999999999999992,0.60609999999999997,0.78000000000000003,0.22390000000000002,1.0,0.0,7.0,0.0,152.0
0.0,6.0,23.0,1.0,0.65999999999999992,0.60609999999999997,0.78000000000000003,0.19399999999999998,1.0,0.0,7.0,0.0,92.0
0.0,6.0,0.0,1.0,0.65999999999999992,0.60609999999999997,0.82999999999999996,0.16420000000000001,1.0,0.0,1.0,1.0,26.0
0.0,6.0,1.0,1.0,0.64000000000000001,0.57579999999999998,0.89000000000000001,0.089599999999999999,1.0,0.0,1.0,1.0,12.0
0.0,6.0,2.0,1.0,0.64000000000000001,0.57579999999999998,0.89000000000000001,0.089599999999999999,1.0,0.0,1.0,1.0,2.0
0.0,6.0,3.0,3.0,0.64000000000000001,0.57579999999999998,0.89000000000000001,0.0,1.0,0.0,1.0,1.0,1.0
0.0,6.0,4.0,3.0,0.62,0.56059999999999999,0.88,0.16420000000000001,1.0,0.0,1.0,1.0,3.0
0.0,6.0,5.0,3.0,0.62,0.57579999999999998,0.82999999999999996,0.1343,1.0,0.0,1.0,1.0,3.0
0.0,6.0,6.0,3.0,0.60000000000000009,0.57579999999999998,0.78000000000000003,0.1343,1.0,0.0,1.0,1.0,26.0
0.0,6.0,7.0,3.0,0.56000000000000005,0.53029999999999999,0.88,0.19399999999999998,1.0,0.0,1.0,1.0,46.0
0.0,6.0,8.0,3.0,0.56000000000000005,0.53029999999999999,0.82999999999999996,0.19399999999999998,1.0,0.0,1.0,1.0,221.0
0.0,6.0,9.0,2.0,0.60000000000000009,0.57579999999999998,0.78000000000000003,0.25370000000000004,1.0,0.0,1.0,1.0,219.0
0.0,6.0,10.0,2.0,0.60000000000000009,0.57579999999999998,0.78000000000000003,0.25370000000000004,1.0,0.0,1.0,1.0,91.0
0.0,6.0,11.0,2.0,0.60000000000000009,0.57579999999999998,0.78000000000000003,0.1045,1.0,0.0,1.0,1.0,94.0
0.0,6.0,12.0,2.0,0.62,0.60609999999999997,0.68999999999999995,0.1045,1.0,0.0,1.0,1.0,162.0
0.0,6.0,13.0,1.0,0.64000000000000001,0.60609999999999997,0.65000000000000002,0.1045,1.0,0.0,1.0,1.0,179.0
0.0,6.0,14.0,1.0,0.65999999999999992,0.62119999999999997,0.60999999999999999,0.1045,1.0,0.0,1.0,1.0,175.0
0.0,6.0,15.0,1.0,0.65999999999999992,0.62119999999999997,0.60999999999999999,0.1343,1.0,0.0,1.0,1.0,205.0
0.0,6.0,16.0,1.0,0.69999999999999996,0.65150000000000008,0.57999999999999996,0.16420000000000001,1.0,0.0,1.0,1.0,299.0
0.0,6.0,17.0,1.0,0.69999999999999996,0.65150000000000008,0.54000000000000004,0.0,1.0,0.0,1.0,1.0,565.0
0.0,6.0,18.0,1.0,0.69999999999999996,0.65150000000000008,0.60999999999999999,0.25370000000000004,1.0,0.0,1.0,1.0,538.0
0.0,6.0,19.0,1.0,0.65999999999999992,0.62119999999999997,0.65000000000000002,0.22390000000000002,1.0,0.0,1.0,1.0,431.0
0.0,6.0,20.0,1.0,0.65999999999999992,0.62119999999999997,0.68999999999999995,0.22390000000000002,1.0,0.0,1.0,1.0,316.0
0.0,6.0,21.0,1.0,0.64000000000000001,0.60609999999999997,0.72999999999999998,0.16420000000000001,1.0,0.0,1.0,1.0,206.0
0.0,6.0,22.0,2.0,0.64000000000000001,0.60609999999999997,0.72999999999999998,0.22390000000000002,1.0,0.0,1.0,1.0,130.0
0.0,6.0,23.0,1.0,0.62,0.59089999999999998,0.78000000000000003,0.25370000000000004,1.0,0.0,1.0,1.0,60.0
0.0,6.0,0.0,1.0,0.62,0.59089999999999998,0.78000000000000003,0.16420000000000001,1.0,0.0,2.0,1.0,33.0
0.0,6.0,1.0,3.0,0.62,0.59089999999999998,0.78000000000000003,0.16420000000000001,1.0,0.0,2.0,1.0,14.0
0.0,6.0,2.0,3.0,0.62,0.57579999999999998,0.82999999999999996,0.16420000000000001,1.0,0.0,2.0,1.0,6.0
0.0,6.0,3.0,3.0,0.62,0.57579999999999998,0.82999999999999996,0.16420000000000001,1.0,0.0,2.0,1.0,2.0
0.0,6.0,4.0,2.0,0.60000000000000009,0.54549999999999998,0.88,0.1045,1.0,0.0,2.0,1.0,9.0
0.0,6.0,5.0,2.0,0.60000000000000009,0.54549999999999998,0.88,0.1343,1.0,0.0,2.0,1.0,25.0
0.0,6.0,6.0,2.0,0.60000000000000009,0.54549999999999998,0.88,0.1343,1.0,0.0,2.0,1.0,115.0
0.0,6.0,7.0,2.0,0.60000000000000009,0.51519999999999999,0.93999999999999995,0.0,1.0,0.0,2.0,1.0,309.0
0.0,6.0,8.0,2.0,0.62,0.56059999999999999,0.88,0.1045,1.0,0.0,2.0,1.0,401.0
0.0,6.0,9.0,2.0,0.62,0.56059999999999999,0.88,0.25370000000000004,1.0,0.0,2.0,1.0,275.0
0.0,6.0,10.0,2.0,0.64000000000000001,0.57579999999999998,0.82999999999999996,0.19399999999999998,1.0,0.0,2.0,1.0,161.0
0.0,6.0,11.0,1.0,0.65999999999999992,0.60609999999999997,0.82999999999999996,0.16420000000000001,1.0,0.0,2.0,1.0,171.0
0.0,6.0,12.0,1.0,0.69999999999999996,0.66670000000000007,0.73999999999999999,0.16420000000000001,1.0,0.0,2.0,1.0,189.0
0.0,6.0,13.0,1.0,0.73999999999999999,0.69700000000000006,0.66000000000000003,0.16420000000000001,1.0,0.0,2.0,1.0,207.0
0.0,6.0,14.0,1.0,0.76000000000000001,0.71209999999999996,0.62,0.22390000000000002,1.0,0.0,2.0,1.0,152.0
0.0,6.0,15.0,1.0,0.78000000000000003,0.74239999999999995,0.58999999999999997,0.25370000000000004,1.0,0.0,2.0,1.0,170.0
0.0,6.0,16.0,1.0,0.79999999999999993,0.77269999999999994,0.58999999999999997,0.22390000000000002,1.0,0.0,2.0,1.0,335.0
0.0,6.0,17.0,1.0,0.78000000000000003,0.75760000000000005,0.66000000000000003,0.22390000000000002,1.0,0.0,2.0,1.0,572.0
0.0,6.0,18.0,2.0,0.76000000000000001,0.72730000000000006,0.69999999999999996,0.25370000000000004,1.0,0.0,2.0,1.0,536.0
0.0,6.0,19.0,2.0,0.73999999999999999,0.71209999999999996,0.73999999999999999,0.22390000000000002,1.0,0.0,2.0,1.0,425.0
0.0,6.0,20.0,3.0,0.73999999999999999,0.69700000000000006,0.69999999999999996,0.22390000000000002,1.0,0.0,2.0,1.0,326.0
0.0,6.0,21.0,1.0,0.71999999999999997,0.69700000000000006,0.73999999999999999,0.19399999999999998,1.0,0.0,2.0,1.0,229.0
0.0,6.0,22.0,1.0,0.69999999999999996,0.66670000000000007,0.79000000000000004,0.1045,1.0,0.0,2.0,1.0,109.0
0.0,6.0,23.0,1.0,0.69999999999999996,0.66670000000000007,0.73999999999999999,0.1045,1.0,0.0,2.0,1.0,64.0
0.0,6.0,0.0,1.0,0.65999999999999992,0.60609999999999997,0.78000000000000003,0.19399999999999998,1.0,0.0,3.0,1.0,33.0
0.0,6.0,1.0,1.0,0.65999999999999992,0.60609999999999997,0.78000000000000003,0.1343,1.0,0.0,3.0,1.0,21.0
0.0,6.0,2.0,1.0,0.65999999999999992,0.60609999999999997,0.78000000000000003,0.0,1.0,0.0,3.0,1.0,7.0
0.0,6.0,3.0,1.0,0.65999999999999992,0.60609999999999997,0.78000000000000003,0.1343,1.0,0.0,3.0,1.0,7.0
0.0,6.0,4.0,1.0,0.64000000000000001,0.57579999999999998,0.82999999999999996,0.0,1.0,0.0,3.0,1.0,11.0
0.0,6.0,5.0,1.0,0.64000000000000001,0.57579999999999998,0.89000000000000001,0.0,1.0,0.0,3.0,1.0,23.0
0.0,6.0,6.0,1.0,0.65999999999999992,0.60609999999999997,0.82999999999999996,0.0,1.0,0.0,3.0,1.0,122.0
0.0,6.0,7.0,1.0,0.69999999999999996,0.66670000000000007,0.79000000000000004,0.0,1.0,0.0,3.0,1.0,311.0
0.0,6.0,8.0,1.0,0.71999999999999997,0.69700000000000006,0.73999999999999999,0.1045,1.0,0.0,3.0,1.0,423.0
0.0,6.0,9.0,1.0,0.71999999999999997,0.69700000000000006,0.79000000000000004,0.16420000000000001,1.0,0.0,3.0,1.0,219.0
0.0,6.0,10.0,1.0,0.73999999999999999,0.69700000000000006,0.69999999999999996,0.25370000000000004,1.0,0.0,3.0,1.0,135.0
0.0,6.0,11.0,1.0,0.73999999999999999,0.69700000000000006,0.69999999999999996,0.16420000000000001,1.0,0.0,3.0,1.0,145.0
0.0,6.0,12.0,2.0,0.79999999999999993,0.77269999999999994,0.58999999999999997,0.22390000000000002,1.0,0.0,3.0,1.0,188.0
0.0,6.0,13.0,2.0,0.81999999999999995,0.78790000000000004,0.56000000000000005,0.25370000000000004,1.0,0.0,3.0,1.0,147.0
0.0,6.0,14.0,2.0,0.81999999999999995,0.77269999999999994,0.52000000000000002,0.28360000000000002,1.0,0.0,3.0,1.0,145.0
0.0,6.0,15.0,2.0,0.81999999999999995,0.78790000000000004,0.56000000000000005,0.28360000000000002,1.0,0.0,3.0,1.0,146.0
0.0,6.0,16.0,2.0,0.81999999999999995,0.80299999999999994,0.58999999999999997,0.32840000000000003,1.0,0.0,3.0,1.0,258.0
0.0,6.0,17.0,2.0,0.79999999999999993,0.75760000000000005,0.55000000000000004,0.3881,1.0,0.0,3.0,1.0,529.0
0.0,6.0,18.0,2.0,0.79999999999999993,0.77269999999999994,0.58999999999999997,0.25370000000000004,1.0,0.0,3.0,1.0,513.0
0.0,6.0,19.0,2.0,0.79999999999999993,0.74239999999999995,0.52000000000000002,0.25370000000000004,1.0,0.0,3.0,1.0,342.0
0.0,6.0,20.0,1.0,0.73999999999999999,0.71209999999999996,0.73999999999999999,0.1343,1.0,0.0,3.0,1.0,282.0
0.0,6.0,21.0,1.0,0.73999999999999999,0.71209999999999996,0.79000000000000004,0.16420000000000001,1.0,0.0,3.0,1.0,247.0
0.0,6.0,22.0,2.0,0.71999999999999997,0.69700000000000006,0.79000000000000004,0.19399999999999998,1.0,0.0,3.0,1.0,148.0
0.0,6.0,23.0,2.0,0.71999999999999997,0.69700000000000006,0.79000000000000004,0.22390000000000002,1.0,0.0,3.0,1.0,105.0
0.0,6.0,0.0,1.0,0.71999999999999997,0.69700000000000006,0.79000000000000004,0.22390000000000002,2.0,0.0,4.0,1.0,49.0
0.0,6.0,1.0,1.0,0.71999999999999997,0.69700000000000006,0.73999999999999999,0.22390000000000002,2.0,0.0,4.0,1.0,31.0
0.0,6.0,2.0,1.0,0.71999999999999997,0.69700000000000006,0.73999999999999999,0.22390000000000002,2.0,0.0,4.0,1.0,4.0
0.0,6.0,3.0,2.0,0.71999999999999997,0.69700000000000006,0.73999999999999999,0.16420000000000001,2.0,0.0,4.0,1.0,5.0
0.0,6.0,4.0,2.0,0.69999999999999996,0.66670000000000007,0.79000000000000004,0.1343,2.0,0.0,4.0,1.0,7.0
0.0,6.0,5.0,1.0,0.71999999999999997,0.69700000000000006,0.73999999999999999,0.16420000000000001,2.0,0.0,4.0,1.0,24.0
0.0,6.0,6.0,1.0,0.71999999999999997,0.69700000000000006,0.73999999999999999,0.16420000000000001,2.0,0.0,4.0,1.0,100.0
0.0,6.0,7.0,2.0,0.71999999999999997,0.69700000000000006,0.73999999999999999,0.1343,2.0,0.0,4.0,1.0,327.0
0.0,6.0,8.0,2.0,0.73999999999999999,0.69700000000000006,0.69999999999999996,0.19399999999999998,2.0,0.0,4.0,1.0,432.0
0.0,6.0,9.0,2.0,0.73999999999999999,0.69700000000000006,0.69999999999999996,0.1343,2.0,0.0,4.0,1.0,227.0
0.0,6.0,10.0,2.0,0.76000000000000001,0.72730000000000006,0.66000000000000003,0.1343,2.0,0.0,4.0,1.0,127.0
0.0,6.0,11.0,3.0,0.76000000000000001,0.72730000000000006,0.66000000000000003,0.25370000000000004,2.0,0.0,4.0,1.0,136.0
0.0,6.0,12.0,2.0,0.76000000000000001,0.72730000000000006,0.66000000000000003,0.28360000000000002,2.0,0.0,4.0,1.0,160.0
0.0,6.0,13.0,2.0,0.76000000000000001,0.71209999999999996,0.62,0.28360000000000002,2.0,0.0,4.0,1.0,186.0
0.0,6.0,14.0,2.0,0.76000000000000001,0.72730000000000006,0.66000000000000003,0.29850000000000004,2.0,0.0,4.0,1.0,149.0
0.0,6.0,15.0,2.0,0.76000000000000001,0.69700000000000006,0.52000000000000002,0.35820000000000002,2.0,0.0,4.0,1.0,189.0
0.0,6.0,16.0,2.0,0.73999999999999999,0.68180000000000007,0.62,0.29850000000000004,2.0,0.0,4.0,1.0,275.0
0.0,6.0,17.0,2.0,0.71999999999999997,0.68180000000000007,0.69999999999999996,0.35820000000000002,2.0,0.0,4.0,1.0,569.0
0.0,6.0,18.0,1.0,0.71999999999999997,0.68180000000000007,0.69999999999999996,0.41790000000000005,2.0,0.0,4.0,1.0,540.0
0.0,6.0,19.0,1.0,0.71999999999999997,0.68180000000000007,0.69999999999999996,0.35820000000000002,2.0,0.0,4.0,1.0,400.0
0.0,6.0,20.0,1.0,0.69999999999999996,0.66670000000000007,0.73999999999999999,0.22390000000000002,2.0,0.0,4.0,1.0,352.0
0.0,6.0,21.0,1.0,0.69999999999999996,0.66670000000000007,0.73999999999999999,0.19399999999999998,2.0,0.0,4.0,1.0,234.0
0.0,6.0,22.0,2.0,0.69999999999999996,0.66670000000000007,0.73999999999999999,0.22390000000000002,2.0,0.0,4.0,1.0,162.0
0.0,6.0,23.0,1.0,0.69999999999999996,0.66670000000000007,0.73999999999999999,0.28360000000000002,2.0,0.0,4.0,1.0,105.0
0.0,6.0,0.0,1.0,0.67999999999999994,0.63639999999999997,0.79000000000000004,0.19399999999999998,2.0,0.0,5.0,1.0,63.0
0.0,6.0,1.0,1.0,0.65999999999999992,0.60609999999999997,0.82999999999999996,0.32840000000000003,2.0,0.0,5.0,1.0,28.0
0.0,6.0,2.0,1.0,0.65999999999999992,0.60609999999999997,0.82999999999999996,0.32840000000000003,2.0,0.0,5.0,1.0,14.0
0.0,6.0,3.0,1.0,0.65999999999999992,0.60609999999999997,0.82999999999999996,0.16420000000000001,2.0,0.0,5.0,1.0,5.0
0.0,6.0,4.0,1.0,0.65999999999999992,0.60609999999999997,0.82999999999999996,0.089599999999999999,2.0,0.0,5.0,1.0,9.0
0.0,6.0,5.0,1.0,0.64000000000000001,0.57579999999999998,0.89000000000000001,0.089599999999999999,2.0,0.0,5.0,1.0,20.0
0.0,6.0,6.0,1.0,0.65999999999999992,0.60609999999999997,0.82999999999999996,0.1343,2.0,0.0,5.0,1.0,91.0
0.0,6.0,7.0,2.0,0.65999999999999992,0.60609999999999997,0.82999999999999996,0.22390000000000002,2.0,0.0,5.0,1.0,268.0
0.0,6.0,8.0,1.0,0.69999999999999996,0.66670000000000007,0.73999999999999999,0.22390000000000002,2.0,0.0,5.0,1.0,466.0
0.0,6.0,9.0,1.0,0.73999999999999999,0.68180000000000007,0.62,0.1343,2.0,0.0,5.0,1.0,231.0
0.0,6.0,10.0,1.0,0.79999999999999993,0.72730000000000006,0.42999999999999999,0.28360000000000002,2.0,0.0,5.0,1.0,145.0
0.0,6.0,11.0,1.0,0.79999999999999993,0.71209999999999996,0.38,0.32840000000000003,2.0,0.0,5.0,1.0,203.0
0.0,6.0,12.0,1.0,0.79999999999999993,0.71209999999999996,0.40999999999999998,0.28360000000000002,2.0,0.0,5.0,1.0,201.0
0.0,6.0,13.0,1.0,0.79999999999999993,0.71209999999999996,0.35999999999999999,0.22390000000000002,2.0,0.0,5.0,1.0,221.0
0.0,6.0,14.0,1.0,0.78000000000000003,0.69700000000000006,0.42999999999999999,0.28360000000000002,2.0,0.0,5.0,1.0,229.0
0.0,6.0,15.0,1.0,0.81999999999999995,0.72730000000000006,0.34000000000000002,0.3881,2.0,0.0,5.0,1.0,216.0
0.0,6.0,16.0,1.0,0.79999999999999993,0.69700000000000006,0.33000000000000002,0.41790000000000005,2.0,0.0,5.0,1.0,327.0
0.0,6.0,17.0,1.0,0.76000000000000001,0.66670000000000007,0.37,0.25370000000000004,2.0,0.0,5.0,1.0,557.0
0.0,6.0,18.0,1.0,0.76000000000000001,0.66670000000000007,0.37,0.29850000000000004,2.0,0.0,5.0,1.0,452.0
0.0,6.0,19.0,1.0,0.73999999999999999,0.65150000000000008,0.40000000000000002,0.22390000000000002,2.0,0.0,5.0,1.0,385.0
0.0,6.0,20.0,1.0,0.71999999999999997,0.65150000000000008,0.45000000000000001,0.16420000000000001,2.0,0.0,5.0,1.0,288.0
0.0,6.0,21.0,1.0,0.69999999999999996,0.65150000000000008,0.47999999999999998,0.1343,2.0,0.0,5.0,1.0,233.0
0.0,6.0,22.0,1.0,0.69999999999999996,0.65150000000000008,0.47999999999999998,0.0,2.0,0.0,5.0,1.0,167.0
0.0,6.0,23.0,1.0,0.67999999999999994,0.63639999999999997,0.51000000000000001,0.1343,2.0,0.0,5.0,1.0,172.0
0.0,6.0,0.0,1.0,0.67999999999999994,0.63639999999999997,0.46999999999999997,0.16420000000000001,2.0,0.0,6.0,0.0,116.0
0.0,6.0,1.0,1.0,0.65999999999999992,0.62119999999999997,0.5,0.16420000000000001,2.0,0.0,6.0,0.0,95.0
0.0,6.0,2.0,2.0,0.65999999999999992,0.62119999999999997,0.5,0.19399999999999998,2.0,0.0,6.0,0.0,59.0
0.0,6.0,3.0,1.0,0.64000000000000001,0.62119999999999997,0.56999999999999995,0.19399999999999998,2.0,0.0,6.0,0.0,39.0
0.0,6.0,4.0,1.0,0.64000000000000001,0.62119999999999997,0.56999999999999995,0.19399999999999998,2.0,0.0,6.0,0.0,11.0
0.0,6.0,5.0,1.0,0.62,0.60609999999999997,0.60999999999999999,0.1343,2.0,0.0,6.0,0.0,14.0
0.0,6.0,6.0,1.0,0.64000000000000001,0.62119999999999997,0.56999999999999995,0.22390000000000002,2.0,0.0,6.0,0.0,29.0
0.0,6.0,7.0,1.0,0.64000000000000001,0.62119999999999997,0.56999999999999995,0.28360000000000002,2.0,0.0,6.0,0.0,42.0
0.0,6.0,8.0,1.0,0.69999999999999996,0.65150000000000008,0.47999999999999998,0.25370000000000004,2.0,0.0,6.0,0.0,112.0
0.0,6.0,9.0,1.0,0.71999999999999997,0.65150000000000008,0.45000000000000001,0.25370000000000004,2.0,0.0,6.0,0.0,186.0
0.0,6.0,10.0,1.0,0.71999999999999997,0.65150000000000008,0.45000000000000001,0.19399999999999998,2.0,0.0,6.0,0.0,302.0
0.0,6.0,11.0,1.0,0.73999999999999999,0.66670000000000007,0.41999999999999998,0.0,2.0,0.0,6.0,0.0,331.0
0.0,6.0,12.0,1.0,0.73999999999999999,0.65150000000000008,0.40000000000000002,0.28360000000000002,2.0,0.0,6.0,0.0,392.0
0.0,6.0,13.0,1.0,0.73999999999999999,0.65150000000000008,0.40000000000000002,0.28360000000000002,2.0,0.0,6.0,0.0,371.0
0.0,6.0,14.0,1.0,0.73999999999999999,0.66670000000000007,0.45000000000000001,0.29850000000000004,2.0,0.0,6.0,0.0,383.0
0.0,6.0,15.0,1.0,0.73999999999999999,0.66670000000000007,0.45000000000000001,0.0,2.0,0.0,6.0,0.0,392.0
0.0,6.0,16.0,1.0,0.76000000000000001,0.68180000000000007,0.42999999999999999,0.29850000000000004,2.0,0.0,6.0,0.0,410.0
0.0,6.0,17.0,1.0,0.73999999999999999,0.66670000000000007,0.41999999999999998,0.22390000000000002,2.0,0.0,6.0,0.0,399.0
0.0,6.0,18.0,1.0,0.71999999999999997,0.65150000000000008,0.45000000000000001,0.25370000000000004,2.0,0.0,6.0,0.0,307.0
0.0,6.0,19.0,1.0,0.71999999999999997,0.66670000000000007,0.47999999999999998,0.28360000000000002,2.0,0.0,6.0,0.0,375.0
0.0,6.0,20.0,1.0,0.69999999999999996,0.65150000000000008,0.47999999999999998,0.19399999999999998,2.0,0.0,6.0,0.0,269.0
0.0,6.0,21.0,1.0,0.67999999999999994,0.63639999999999997,0.51000000000000001,0.16420000000000001,2.0,0.0,6.0,0.0,202.0
0.0,6.0,22.0,1.0,0.67999999999999994,0.63639999999999997,0.46999999999999997,0.19399999999999998,2.0,0.0,6.0,0.0,187.0
0.0,6.0,23.0,2.0,0.65999999999999992,0.62119999999999997,0.5,0.29850000000000004,2.0,0.0,6.0,0.0,179.0
0.0,6.0,0.0,1.0,0.64000000000000001,0.62119999999999997,0.53000000000000003,0.0,2.0,0.0,7.0,0.0,115.0
0.0,6.0,1.0,1.0,0.64000000000000001,0.62119999999999997,0.53000000000000003,0.1045,2.0,0.0,7.0,0.0,90.0
0.0,6.0,2.0,1.0,0.62,0.62119999999999997,0.56999999999999995,0.1045,2.0,0.0,7.0,0.0,87.0
0.0,6.0,3.0,1.0,0.60000000000000009,0.60609999999999997,0.64000000000000001,0.1045,2.0,0.0,7.0,0.0,34.0
0.0,6.0,4.0,1.0,0.60000000000000009,0.60609999999999997,0.64000000000000001,0.089599999999999999,2.0,0.0,7.0,0.0,11.0
0.0,6.0,5.0,1.0,0.60000000000000009,0.60609999999999997,0.64000000000000001,0.0,2.0,0.0,7.0,0.0,12.0
0.0,6.0,6.0,1.0,0.60000000000000009,0.60609999999999997,0.64000000000000001,0.0,2.0,0.0,7.0,0.0,20.0
0.0,6.0,7.0,1.0,0.62,0.60609999999999997,0.60999999999999999,0.0,2.0,0.0,7.0,0.0,51.0
0.0,6.0,8.0,1.0,0.64000000000000001,0.62119999999999997,0.60999999999999999,0.19399999999999998,2.0,0.0,7.0,0.0,107.0
0.0,6.0,9.0,1.0,0.65999999999999992,0.62119999999999997,0.54000000000000004,0.089599999999999999,2.0,0.0,7.0,0.0,206.0
0.0,6.0,10.0,1.0,0.71999999999999997,0.66670000000000007,0.47999999999999998,0.1045,2.0,0.0,7.0,0.0,332.0
0.0,6.0,11.0,1.0,0.71999999999999997,0.65150000000000008,0.45000000000000001,0.1343,2.0,0.0,7.0,0.0,346.0
0.0,6.0,12.0,1.0,0.73999999999999999,0.65150000000000008,0.40000000000000002,0.16420000000000001,2.0,0.0,7.0,0.0,443.0
0.0,6.0,13.0,1.0,0.73999999999999999,0.65150000000000008,0.40000000000000002,0.0,2.0,0.0,7.0,0.0,442.0
0.0,6.0,14.0,1.0,0.73999999999999999,0.65150000000000008,0.40000000000000002,0.1343,2.0,0.0,7.0,0.0,443.0
0.0,6.0,15.0,1.0,0.73999999999999999,0.65150000000000008,0.40000000000000002,0.0,2.0,0.0,7.0,0.0,403.0
0.0,6.0,16.0,1.0,0.73999999999999999,0.66670000000000007,0.41999999999999998,0.19399999999999998,2.0,0.0,7.0,0.0,455.0
0.0,6.0,17.0,2.0,0.71999999999999997,0.65150000000000008,0.41999999999999998,0.16420000000000001,2.0,0.0,7.0,0.0,421.0
0.0,6.0,18.0,2.0,0.71999999999999997,0.65150000000000008,0.45000000000000001,0.25370000000000004,2.0,0.0,7.0,0.0,382.0
0.0,6.0,19.0,2.0,0.71999999999999997,0.66670000000000007,0.47999999999999998,0.1343,2.0,0.0,7.0,0.0,317.0
0.0,6.0,20.0,2.0,0.69999999999999996,0.65150000000000008,0.47999999999999998,0.1045,2.0,0.0,7.0,0.0,213.0
0.0,6.0,21.0,2.0,0.69999999999999996,0.65150000000000008,0.54000000000000004,0.1045,2.0,0.0,7.0,0.0,183.0
0.0,6.0,22.0,1.0,0.69999999999999996,0.65150000000000008,0.51000000000000001,0.0,2.0,0.0,7.0,0.0,114.0
0.0,6.0,23.0,1.0,0.69999999999999996,0.65150000000000008,0.54000000000000004,0.089599999999999999,2.0,0.0,7.0,0.0,78.0
0.0,6.0,0.0,3.0,0.64000000000000001,0.60609999999999997,0.72999999999999998,0.28360000000000002,2.0,0.0,1.0,1.0,32.0
0.0,6.0,1.0,2.0,0.62,0.59089999999999998,0.78000000000000003,0.1343,2.0,0.0,1.0,1.0,15.0
0.0,6.0,2.0,3.0,0.62,0.59089999999999998,0.78000000000000003,0.1343,2.0,0.0,1.0,1.0,6.0
0.0,6.0,3.0,3.0,0.62,0.59089999999999998,0.78000000000000003,0.1343,2.0,0.0,1.0,1.0,2.0
0.0,6.0,4.0,2.0,0.60000000000000009,0.56059999999999999,0.82999999999999996,0.16420000000000001,2.0,0.0,1.0,1.0,9.0
0.0,6.0,5.0,2.0,0.62,0.57579999999999998,0.82999999999999996,0.16420000000000001,2.0,0.0,1.0,1.0,22.0
0.0,6.0,6.0,2.0,0.62,0.59089999999999998,0.78000000000000003,0.16420000000000001,2.0,0.0,1.0,1.0,94.0
0.0,6.0,7.0,2.0,0.64000000000000001,0.60609999999999997,0.72999999999999998,0.22390000000000002,2.0,0.0,1.0,1.0,261.0
0.0,6.0,8.0,1.0,0.65999999999999992,0.62119999999999997,0.73999999999999999,0.19399999999999998,2.0,0.0,1.0,1.0,447.0
0.0,6.0,9.0,2.0,0.71999999999999997,0.66670000000000007,0.54000000000000004,0.0,2.0,0.0,1.0,1.0,187.0
0.0,6.0,10.0,2.0,0.71999999999999997,0.66670000000000007,0.54000000000000004,0.1343,2.0,0.0,1.0,1.0,150.0
0.0,6.0,11.0,2.0,0.69999999999999996,0.65150000000000008,0.57999999999999996,0.0,2.0,0.0,1.0,1.0,150.0
0.0,6.0,12.0,2.0,0.71999999999999997,0.66670000000000007,0.54000000000000004,0.0,2.0,0.0,1.0,1.0,170.0
0.0,6.0,13.0,2.0,0.71999999999999997,0.66670000000000007,0.57999999999999996,0.22390000000000002,2.0,0.0,1.0,1.0,164.0
0.0,6.0,14.0,2.0,0.71999999999999997,0.66670000000000007,0.57999999999999996,0.089599999999999999,2.0,0.0,1.0,1.0,158.0
0.0,6.0,15.0,2.0,0.73999999999999999,0.68180000000000007,0.55000000000000004,0.0,2.0,0.0,1.0,1.0,202.0
0.0,6.0,16.0,1.0,0.73999999999999999,0.68180000000000007,0.55000000000000004,0.1045,2.0,0.0,1.0,1.0,275.0
0.0,6.0,17.0,1.0,0.73999999999999999,0.68180000000000007,0.55000000000000004,0.1343,2.0,0.0,1.0,1.0,604.0
0.0,6.0,18.0,1.0,0.73999999999999999,0.66670000000000007,0.51000000000000001,0.0,2.0,0.0,1.0,1.0,591.0
0.0,6.0,19.0,1.0,0.71999999999999997,0.68180000000000007,0.62,0.19399999999999998,2.0,0.0,1.0,1.0,396.0
0.0,6.0,20.0,1.0,0.69999999999999996,0.65150000000000008,0.65000000000000002,0.1045,2.0,0.0,1.0,1.0,305.0
0.0,6.0,21.0,1.0,0.69999999999999996,0.65150000000000008,0.65000000000000002,0.0,2.0,0.0,1.0,1.0,242.0
0.0,6.0,22.0,1.0,0.67999999999999994,0.63639999999999997,0.68999999999999995,0.0,2.0,0.0,1.0,1.0,145.0
0.0,6.0,23.0,1.0,0.67999999999999994,0.63639999999999997,0.68999999999999995,0.0,2.0,0.0,1.0,1.0,81.0
0.0,6.0,0.0,2.0,0.65999999999999992,0.60609999999999997,0.78000000000000003,0.1343,2.0,0.0,2.0,1.0,30.0
0.0,6.0,1.0,1.0,0.65999999999999992,0.62119999999999997,0.73999999999999999,0.0,2.0,0.0,2.0,1.0,13.0
0.0,6.0,2.0,2.0,0.65999999999999992,0.62119999999999997,0.73999999999999999,0.0,2.0,0.0,2.0,1.0,11.0
0.0,6.0,3.0,2.0,0.65999999999999992,0.62119999999999997,0.73999999999999999,0.0,2.0,0.0,2.0,1.0,2.0
0.0,6.0,4.0,1.0,0.65999999999999992,0.62119999999999997,0.73999999999999999,0.0,2.0,0.0,2.0,1.0,8.0
0.0,6.0,5.0,1.0,0.65999999999999992,0.60609999999999997,0.78000000000000003,0.0,2.0,0.0,2.0,1.0,21.0
0.0,6.0,6.0,1.0,0.65999999999999992,0.60609999999999997,0.82999999999999996,0.16420000000000001,2.0,0.0,2.0,1.0,124.0
0.0,6.0,7.0,1.0,0.67999999999999994,0.63639999999999997,0.82999999999999996,0.19399999999999998,2.0,0.0,2.0,1.0,347.0
0.0,6.0,8.0,1.0,0.69999999999999996,0.66670000000000007,0.79000000000000004,0.16420000000000001,2.0,0.0,2.0,1.0,456.0
0.0,6.0,9.0,1.0,0.73999999999999999,0.69700000000000006,0.69999999999999996,0.0,2.0,0.0,2.0,1.0,246.0
0.0,6.0,10.0,1.0,0.79999999999999993,0.74239999999999995,0.48999999999999999,0.16420000000000001,2.0,0.0,2.0,1.0,157.0
0.0,6.0,11.0,1.0,0.81999999999999995,0.75760000000000005,0.46000000000000002,0.0,2.0,0.0,2.0,1.0,167.0
0.0,6.0,12.0,1.0,0.83999999999999997,0.77269999999999994,0.46999999999999997,0.22390000000000002,2.0,0.0,2.0,1.0,202.0
0.0,6.0,13.0,1.0,0.83999999999999997,0.75760000000000005,0.44,0.0,2.0,0.0,2.0,1.0,189.0
0.0,6.0,14.0,1.0,0.85999999999999999,0.78790000000000004,0.44,0.22390000000000002,2.0,0.0,2.0,1.0,160.0
0.0,6.0,15.0,1.0,0.85999999999999999,0.78790000000000004,0.40999999999999998,0.0,2.0,0.0,2.0,1.0,166.0
0.0,6.0,16.0,1.0,0.85999999999999999,0.80299999999999994,0.46999999999999997,0.28360000000000002,2.0,0.0,2.0,1.0,261.0
0.0,6.0,17.0,3.0,0.81999999999999995,0.78790000000000004,0.56000000000000005,0.28360000000000002,2.0,0.0,2.0,1.0,579.0
0.0,6.0,18.0,3.0,0.79999999999999993,0.75760000000000005,0.55000000000000004,0.29850000000000004,2.0,0.0,2.0,1.0,504.0
0.0,6.0,19.0,2.0,0.73999999999999999,0.68180000000000007,0.57999999999999996,0.4627,2.0,0.0,2.0,1.0,299.0
0.0,6.0,20.0,1.0,0.73999999999999999,0.68180000000000007,0.62,0.0,2.0,0.0,2.0,1.0,296.0
0.0,6.0,21.0,1.0,0.73999999999999999,0.69700000000000006,0.66000000000000003,0.28360000000000002,2.0,0.0,2.0,1.0,195.0
0.0,6.0,22.0,1.0,0.69999999999999996,0.65150000000000008,0.69999999999999996,0.29850000000000004,2.0,0.0,2.0,1.0,134.0
0.0,6.0,23.0,1.0,0.69999999999999996,0.65150000000000008,0.69999999999999996,0.28360000000000002,2.0,0.0,2.0,1.0,81.0
0.0,6.0,0.0,2.0,0.67999999999999994,0.63639999999999997,0.79000000000000004,0.28360000000000002,2.0,0.0,3.0,1.0,36.0
0.0,6.0,1.0,1.0,0.67999999999999994,0.63639999999999997,0.79000000000000004,0.29850000000000004,2.0,0.0,3.0,1.0,28.0
0.0,6.0,2.0,1.0,0.65999999999999992,0.60609999999999997,0.82999999999999996,0.22390000000000002,2.0,0.0,3.0,1.0,16.0
0.0,6.0,3.0,2.0,0.65999999999999992,0.60609999999999997,0.82999999999999996,0.1045,2.0,0.0,3.0,1.0,5.0
0.0,6.0,4.0,1.0,0.65999999999999992,0.60609999999999997,0.82999999999999996,0.1045,2.0,0.0,3.0,1.0,5.0
0.0,6.0,5.0,1.0,0.64000000000000001,0.57579999999999998,0.82999999999999996,0.19399999999999998,2.0,0.0,3.0,1.0,22.0
0.0,6.0,6.0,1.0,0.65999999999999992,0.62119999999999997,0.68999999999999995,0.29850000000000004,2.0,0.0,3.0,1.0,116.0
0.0,6.0,7.0,1.0,0.69999999999999996,0.65150000000000008,0.54000000000000004,0.22390000000000002,2.0,0.0,3.0,1.0,336.0
0.0,6.0,8.0,1.0,0.69999999999999996,0.65150000000000008,0.47999999999999998,0.28360000000000002,2.0,0.0,3.0,1.0,540.0
0.0,6.0,9.0,1.0,0.71999999999999997,0.65150000000000008,0.45000000000000001,0.3881,2.0,0.0,3.0,1.0,221.0
0.0,6.0,10.0,1.0,0.73999999999999999,0.66670000000000007,0.41999999999999998,0.28360000000000002,2.0,0.0,3.0,1.0,126.0
0.0,6.0,11.0,1.0,0.76000000000000001,0.66670000000000007,0.34999999999999998,0.22390000000000002,2.0,0.0,3.0,1.0,170.0
0.0,6.0,12.0,1.0,0.76000000000000001,0.66670000000000007,0.34999999999999998,0.25370000000000004,2.0,0.0,3.0,1.0,243.0
0.0,6.0,13.0,1.0,0.79999999999999993,0.69700000000000006,0.31,0.32840000000000003,2.0,0.0,3.0,1.0,231.0
0.0,6.0,14.0,1.0,0.79999999999999993,0.69700000000000006,0.31,0.19399999999999998,2.0,0.0,3.0,1.0,188.0
0.0,6.0,15.0,1.0,0.81999999999999995,0.71209999999999996,0.29999999999999999,0.16420000000000001,2.0,0.0,3.0,1.0,189.0
0.0,6.0,16.0,1.0,0.81999999999999995,0.71209999999999996,0.29999999999999999,0.41790000000000005,2.0,0.0,3.0,1.0,328.0
0.0,6.0,17.0,1.0,0.81999999999999995,0.71209999999999996,0.26000000000000001,0.41790000000000005,2.0,0.0,3.0,1.0,570.0
0.0,6.0,18.0,1.0,0.79999999999999993,0.69700000000000006,0.28999999999999998,0.29850000000000004,2.0,0.0,3.0,1.0,588.0
0.0,6.0,19.0,1.0,0.76000000000000001,0.66670000000000007,0.34999999999999998,0.3881,2.0,0.0,3.0,1.0,401.0
0.0,6.0,20.0,1.0,0.73999999999999999,0.65150000000000008,0.37,0.29850000000000004,2.0,0.0,3.0,1.0,333.0
0.0,6.0,21.0,1.0,0.71999999999999997,0.65150000000000008,0.39000000000000001,0.22390000000000002,2.0,0.0,3.0,1.0,221.0
0.0,6.0,22.0,1.0,0.69999999999999996,0.63639999999999997,0.41999999999999998,0.19399999999999998,2.0,0.0,3.0,1.0,183.0
0.0,6.0,23.0,1.0,0.67999999999999994,0.63639999999999997,0.46999999999999997,0.19399999999999998,2.0,0.0,3.0,1.0,129.0
0.0,6.0,0.0,1.0,0.65999999999999992,0.62119999999999997,0.5,0.16420000000000001,2.0,0.0,4.0,1.0,54.0
0.0,6.0,1.0,1.0,0.64000000000000001,0.62119999999999997,0.53000000000000003,0.1343,2.0,0.0,4.0,1.0,32.0
0.0,6.0,2.0,1.0,0.62,0.62119999999999997,0.56999999999999995,0.1343,2.0,0.0,4.0,1.0,8.0
0.0,6.0,3.0,1.0,0.60000000000000009,0.60609999999999997,0.59999999999999998,0.16420000000000001,2.0,0.0,4.0,1.0,9.0
0.0,6.0,4.0,1.0,0.58000000000000007,0.54549999999999998,0.64000000000000001,0.1343,2.0,0.0,4.0,1.0,6.0
0.0,6.0,5.0,1.0,0.58000000000000007,0.54549999999999998,0.64000000000000001,0.25370000000000004,2.0,0.0,4.0,1.0,25.0
0.0,6.0,6.0,1.0,0.60000000000000009,0.60609999999999997,0.64000000000000001,0.25370000000000004,2.0,0.0,4.0,1.0,123.0
0.0,6.0,7.0,1.0,0.62,0.60609999999999997,0.60999999999999999,0.22390000000000002,2.0,0.0,4.0,1.0,320.0
0.0,6.0,8.0,1.0,0.67999999999999994,0.63639999999999997,0.46999999999999997,0.22390000000000002,2.0,0.0,4.0,1.0,555.0
0.0,6.0,9.0,1.0,0.69999999999999996,0.63639999999999997,0.41999999999999998,0.22390000000000002,2.0,0.0,4.0,1.0,260.0
0.0,6.0,10.0,1.0,0.71999999999999997,0.65150000000000008,0.41999999999999998,0.19399999999999998,2.0,0.0,4.0,1.0,132.0
0.0,6.0,11.0,1.0,0.73999999999999999,0.65150000000000008,0.37,0.1343,2.0,0.0,4.0,1.0,169.0
0.0,6.0,12.0,1.0,0.76000000000000001,0.66670000000000007,0.34999999999999998,0.16420000000000001,2.0,0.0,4.0,1.0,233.0
0.0,6.0,13.0,1.0,0.76000000000000001,0.66670000000000007,0.33000000000000002,0.19399999999999998,2.0,0.0,4.0,1.0,232.0
0.0,6.0,14.0,1.0,0.78000000000000003,0.68180000000000007,0.31,0.19399999999999998,2.0,0.0,4.0,1.0,163.0
0.0,6.0,15.0,1.0,0.78000000000000003,0.66670000000000007,0.25,0.25370000000000004,2.0,0.0,4.0,1.0,240.0
0.0,6.0,16.0,1.0,0.79999999999999993,0.69700000000000006,0.26000000000000001,0.1343,2.0,0.0,4.0,1.0,323.0
0.0,6.0,17.0,1.0,0.78000000000000003,0.68180000000000007,0.27000000000000002,0.35820000000000002,2.0,0.0,4.0,1.0,594.0
0.0,6.0,18.0,1.0,0.76000000000000001,0.66670000000000007,0.28999999999999998,0.25370000000000004,2.0,0.0,4.0,1.0,586.0
0.0,6.0,19.0,1.0,0.73999999999999999,0.65150000000000008,0.33000000000000002,0.19399999999999998,2.0,0.0,4.0,1.0,455.0
0.0,6.0,20.0,1.0,0.73999999999999999,0.65150000000000008,0.33000000000000002,0.19399999999999998,2.0,0.0,4.0,1.0,340.0
0.0,6.0,21.0,1.0,0.71999999999999997,0.65150000000000008,0.37,0.1045,2.0,0.0,4.0,1.0,323.0
0.0,6.0,22.0,1.0,0.69999999999999996,0.63639999999999997,0.41999999999999998,0.16420000000000001,2.0,0.0,4.0,1.0,207.0
0.0,6.0,23.0,1.0,0.65999999999999992,0.62119999999999997,0.5,0.0,2.0,0.0,4.0,1.0,126.0
0.0,7.0,0.0,1.0,0.65999999999999992,0.62119999999999997,0.5,0.0,2.0,0.0,5.0,1.0,68.0
0.0,7.0,1.0,1.0,0.65999999999999992,0.62119999999999997,0.5,0.0,2.0,0.0,5.0,1.0,31.0
0.0,7.0,2.0,1.0,0.62,0.60609999999999997,0.68999999999999995,0.0,2.0,0.0,5.0,1.0,13.0
0.0,7.0,3.0,1.0,0.64000000000000001,0.62119999999999997,0.53000000000000003,0.0,2.0,0.0,5.0,1.0,11.0
0.0,7.0,4.0,1.0,0.62,0.62119999999999997,0.56999999999999995,0.0,2.0,0.0,5.0,1.0,6.0
0.0,7.0,5.0,1.0,0.60000000000000009,0.60609999999999997,0.64000000000000001,0.1343,2.0,0.0,5.0,1.0,30.0
0.0,7.0,6.0,1.0,0.62,0.60609999999999997,0.60999999999999999,0.1343,2.0,0.0,5.0,1.0,108.0
0.0,7.0,7.0,1.0,0.65999999999999992,0.62119999999999997,0.54000000000000004,0.1045,2.0,0.0,5.0,1.0,243.0
0.0,7.0,8.0,1.0,0.69999999999999996,0.63639999999999997,0.41999999999999998,0.16420000000000001,2.0,0.0,5.0,1.0,492.0
0.0,7.0,9.0,1.0,0.73999999999999999,0.65150000000000008,0.34999999999999998,0.16420000000000001,2.0,0.0,5.0,1.0,260.0
0.0,7.0,10.0,1.0,0.76000000000000001,0.66670000000000007,0.33000000000000002,0.16420000000000001,2.0,0.0,5.0,1.0,170.0
0.0,7.0,11.0,1.0,0.79999999999999993,0.69700000000000006,0.26000000000000001,0.0,2.0,0.0,5.0,1.0,214.0
0.0,7.0,12.0,1.0,0.79999999999999993,0.69700000000000006,0.26000000000000001,0.0,2.0,0.0,5.0,1.0,263.0
0.0,7.0,13.0,1.0,0.79999999999999993,0.68180000000000007,0.23999999999999999,0.0,2.0,0.0,5.0,1.0,292.0
0.0,7.0,14.0,1.0,0.81999999999999995,0.69700000000000006,0.23000000000000001,0.19399999999999998,2.0,0.0,5.0,1.0,303.0
0.0,7.0,15.0,1.0,0.81999999999999995,0.69700000000000006,0.20999999999999999,0.25370000000000004,2.0,0.0,5.0,1.0,381.0
0.0,7.0,16.0,1.0,0.81999999999999995,0.69700000000000006,0.17000000000000001,0.0,2.0,0.0,5.0,1.0,427.0
0.0,7.0,17.0,1.0,0.81999999999999995,0.69700000000000006,0.20999999999999999,0.19399999999999998,2.0,0.0,5.0,1.0,461.0
0.0,7.0,18.0,1.0,0.79999999999999993,0.68180000000000007,0.23999999999999999,0.25370000000000004,2.0,0.0,5.0,1.0,422.0
0.0,7.0,19.0,1.0,0.78000000000000003,0.66670000000000007,0.25,0.19399999999999998,2.0,0.0,5.0,1.0,318.0
0.0,7.0,20.0,1.0,0.71999999999999997,0.65150000000000008,0.41999999999999998,0.22390000000000002,2.0,0.0,5.0,1.0,269.0
0.0,7.0,21.0,1.0,0.69999999999999996,0.63639999999999997,0.45000000000000001,0.19399999999999998,2.0,0.0,5.0,1.0,218.0
0.0,7.0,22.0,1.0,0.69999999999999996,0.63639999999999997,0.41999999999999998,0.0,2.0,0.0,5.0,1.0,222.0
0.0,7.0,23.0,1.0,0.67999999999999994,0.63639999999999997,0.46999999999999997,0.089599999999999999,2.0,0.0,5.0,1.0,140.0
0.0,7.0,0.0,1.0,0.67999999999999994,0.63639999999999997,0.46999999999999997,0.089599999999999999,2.0,0.0,6.0,0.0,115.0
0.0,7.0,1.0,1.0,0.65999999999999992,0.62119999999999997,0.54000000000000004,0.0,2.0,0.0,6.0,0.0,78.0
0.0,7.0,2.0,1.0,0.64000000000000001,0.62119999999999997,0.53000000000000003,0.0,2.0,0.0,6.0,0.0,52.0
0.0,7.0,3.0,1.0,0.64000000000000001,0.62119999999999997,0.53000000000000003,0.0,2.0,0.0,6.0,0.0,26.0
0.0,7.0,4.0,1.0,0.62,0.60609999999999997,0.60999999999999999,0.0,2.0,0.0,6.0,0.0,11.0
0.0,7.0,5.0,1.0,0.58000000000000007,0.54549999999999998,0.72999999999999998,0.1045,2.0,0.0,6.0,0.0,14.0
0.0,7.0,6.0,1.0,0.62,0.60609999999999997,0.68999999999999995,0.1045,2.0,0.0,6.0,0.0,32.0
0.0,7.0,7.0,1.0,0.64000000000000001,0.60609999999999997,0.65000000000000002,0.0,2.0,0.0,6.0,0.0,45.0
0.0,7.0,8.0,1.0,0.67999999999999994,0.63639999999999997,0.56999999999999995,0.0,2.0,0.0,6.0,0.0,132.0
0.0,7.0,9.0,1.0,0.73999999999999999,0.66670000000000007,0.51000000000000001,0.089599999999999999,2.0,0.0,6.0,0.0,179.0
0.0,7.0,10.0,1.0,0.79999999999999993,0.71209999999999996,0.35999999999999999,0.0,2.0,0.0,6.0,0.0,271.0
0.0,7.0,11.0,1.0,0.79999999999999993,0.71209999999999996,0.35999999999999999,0.089599999999999999,2.0,0.0,6.0,0.0,357.0
0.0,7.0,12.0,1.0,0.81999999999999995,0.71209999999999996,0.29999999999999999,0.1343,2.0,0.0,6.0,0.0,374.0
0.0,7.0,13.0,1.0,0.81999999999999995,0.71209999999999996,0.29999999999999999,0.1045,2.0,0.0,6.0,0.0,404.0
0.0,7.0,14.0,1.0,0.83999999999999997,0.71209999999999996,0.20000000000000001,0.0,2.0,0.0,6.0,0.0,392.0
0.0,7.0,15.0,1.0,0.85999999999999999,0.72730000000000006,0.19,0.16420000000000001,2.0,0.0,6.0,0.0,331.0
0.0,7.0,16.0,1.0,0.88,0.74239999999999995,0.22,0.22390000000000002,2.0,0.0,6.0,0.0,398.0
0.0,7.0,17.0,1.0,0.83999999999999997,0.72730000000000006,0.29999999999999999,0.22390000000000002,2.0,0.0,6.0,0.0,349.0
0.0,7.0,18.0,1.0,0.81999999999999995,0.71209999999999996,0.29999999999999999,0.28360000000000002,2.0,0.0,6.0,0.0,383.0
0.0,7.0,19.0,1.0,0.79999999999999993,0.69700000000000006,0.33000000000000002,0.22390000000000002,2.0,0.0,6.0,0.0,305.0
0.0,7.0,20.0,1.0,0.76000000000000001,0.68180000000000007,0.45000000000000001,0.28360000000000002,2.0,0.0,6.0,0.0,284.0
0.0,7.0,21.0,1.0,0.73999999999999999,0.66670000000000007,0.47999999999999998,0.19399999999999998,2.0,0.0,6.0,0.0,232.0
0.0,7.0,22.0,1.0,0.71999999999999997,0.66670000000000007,0.51000000000000001,0.16420000000000001,2.0,0.0,6.0,0.0,201.0
0.0,7.0,23.0,1.0,0.71999999999999997,0.66670000000000007,0.54000000000000004,0.28360000000000002,2.0,0.0,6.0,0.0,154.0
0.0,7.0,0.0,1.0,0.69999999999999996,0.65150000000000008,0.57999999999999996,0.22390000000000002,2.0,0.0,7.0,0.0,144.0
0.0,7.0,1.0,2.0,0.69999999999999996,0.65150000000000008,0.60999999999999999,0.16420000000000001,2.0,0.0,7.0,0.0,78.0
0.0,7.0,2.0,1.0,0.69999999999999996,0.65150000000000008,0.57999999999999996,0.19399999999999998,2.0,0.0,7.0,0.0,69.0
0.0,7.0,3.0,3.0,0.67999999999999994,0.63639999999999997,0.65000000000000002,0.089599999999999999,2.0,0.0,7.0,0.0,33.0
0.0,7.0,4.0,3.0,0.67999999999999994,0.63639999999999997,0.65000000000000002,0.089599999999999999,2.0,0.0,7.0,0.0,5.0
0.0,7.0,5.0,3.0,0.62,0.57579999999999998,0.82999999999999996,0.19399999999999998,2.0,0.0,7.0,0.0,1.0
0.0,7.0,6.0,2.0,0.62,0.54549999999999998,0.93999999999999995,0.089599999999999999,2.0,0.0,7.0,0.0,3.0
0.0,7.0,7.0,2.0,0.64000000000000001,0.57579999999999998,0.89000000000000001,0.19399999999999998,2.0,0.0,7.0,0.0,25.0
0.0,7.0,8.0,1.0,0.67999999999999994,0.63639999999999997,0.79000000000000004,0.22390000000000002,2.0,0.0,7.0,0.0,92.0
0.0,7.0,9.0,1.0,0.69999999999999996,0.66670000000000007,0.73999999999999999,0.25370000000000004,2.0,0.0,7.0,0.0,181.0
0.0,7.0,10.0,1.0,0.73999999999999999,0.69700000000000006,0.66000000000000003,0.16420000000000001,2.0,0.0,7.0,0.0,264.0
0.0,7.0,11.0,1.0,0.76000000000000001,0.71209999999999996,0.62,0.1045,2.0,0.0,7.0,0.0,390.0
0.0,7.0,12.0,1.0,0.79999999999999993,0.75760000000000005,0.55000000000000004,0.1045,2.0,0.0,7.0,0.0,404.0
0.0,7.0,13.0,1.0,0.79999999999999993,0.77269999999999994,0.58999999999999997,0.22390000000000002,2.0,0.0,7.0,0.0,421.0
0.0,7.0,14.0,1.0,0.81999999999999995,0.78790000000000004,0.56000000000000005,0.25370000000000004,2.0,0.0,7.0,0.0,375.0
0.0,7.0,15.0,1.0,0.83999999999999997,0.80299999999999994,0.53000000000000003,0.29850000000000004,2.0,0.0,7.0,0.0,376.0
0.0,7.0,16.0,1.0,0.83999999999999997,0.80299999999999994,0.53000000000000003,0.29850000000000004,2.0,0.0,7.0,0.0,414.0
0.0,7.0,17.0,3.0,0.79999999999999993,0.74239999999999995,0.48999999999999999,0.8506999999999999,2.0,0.0,7.0,0.0,358.0
0.0,7.0,18.0,3.0,0.79999999999999993,0.74239999999999995,0.48999999999999999,0.8506999999999999,2.0,0.0,7.0,0.0,181.0
0.0,7.0,19.0,2.0,0.65999999999999992,0.60609999999999997,0.82999999999999996,0.19399999999999998,2.0,0.0,7.0,0.0,183.0
0.0,7.0,20.0,3.0,0.65999999999999992,0.60609999999999997,0.82999999999999996,0.0,2.0,0.0,7.0,0.0,176.0
0.0,7.0,21.0,2.0,0.65999999999999992,0.60609999999999997,0.82999999999999996,0.16420000000000001,2.0,0.0,7.0,0.0,167.0
0.0,7.0,22.0,2.0,0.65999999999999992,0.60609999999999997,0.78000000000000003,0.1045,2.0,0.0,7.0,0.0,162.0
0.0,7.0,23.0,1.0,0.64000000000000001,0.57579999999999998,0.82999999999999996,0.16420000000000001,2.0,0.0,7.0,0.0,147.0
0.0,7.0,0.0,1.0,0.64000000000000001,0.57579999999999998,0.82999999999999996,0.1343,2.0,1.0,1.0,1.0,140.0
0.0,7.0,1.0,1.0,0.64000000000000001,0.57579999999999998,0.82999999999999996,0.089599999999999999,2.0,1.0,1.0,1.0,119.0
0.0,7.0,2.0,1.0,0.64000000000000001,0.57579999999999998,0.82999999999999996,0.0,2.0,1.0,1.0,1.0,63.0
0.0,7.0,3.0,1.0,0.64000000000000001,0.59089999999999998,0.78000000000000003,0.0,2.0,1.0,1.0,1.0,26.0
0.0,7.0,4.0,2.0,0.65999999999999992,0.60609999999999997,0.78000000000000003,0.089599999999999999,2.0,1.0,1.0,1.0,12.0
0.0,7.0,5.0,2.0,0.64000000000000001,0.57579999999999998,0.82999999999999996,0.1343,2.0,1.0,1.0,1.0,4.0
0.0,7.0,6.0,1.0,0.64000000000000001,0.57579999999999998,0.89000000000000001,0.16420000000000001,2.0,1.0,1.0,1.0,16.0
0.0,7.0,7.0,1.0,0.65999999999999992,0.60609999999999997,0.82999999999999996,0.1343,2.0,1.0,1.0,1.0,36.0
0.0,7.0,8.0,1.0,0.69999999999999996,0.66670000000000007,0.73999999999999999,0.1045,2.0,1.0,1.0,1.0,86.0
0.0,7.0,9.0,2.0,0.71999999999999997,0.68180000000000007,0.66000000000000003,0.089599999999999999,2.0,1.0,1.0,1.0,238.0
0.0,7.0,10.0,2.0,0.76000000000000001,0.69700000000000006,0.55000000000000004,0.089599999999999999,2.0,1.0,1.0,1.0,280.0
0.0,7.0,11.0,2.0,0.76000000000000001,0.69700000000000006,0.55000000000000004,0.089599999999999999,2.0,1.0,1.0,1.0,349.0
0.0,7.0,12.0,2.0,0.78000000000000003,0.71209999999999996,0.52000000000000002,0.0,2.0,1.0,1.0,1.0,447.0
0.0,7.0,13.0,2.0,0.78000000000000003,0.71209999999999996,0.48999999999999999,0.0,2.0,1.0,1.0,1.0,423.0
0.0,7.0,14.0,1.0,0.79999999999999993,0.72730000000000006,0.46000000000000002,0.0,2.0,1.0,1.0,1.0,408.0
0.0,7.0,15.0,1.0,0.81999999999999995,0.74239999999999995,0.42999999999999999,0.089599999999999999,2.0,1.0,1.0,1.0,408.0
0.0,7.0,16.0,1.0,0.81999999999999995,0.74239999999999995,0.40999999999999998,0.0,2.0,1.0,1.0,1.0,452.0
0.0,7.0,17.0,1.0,0.79999999999999993,0.72730000000000006,0.46000000000000002,0.0,2.0,1.0,1.0,1.0,436.0
0.0,7.0,18.0,1.0,0.79999999999999993,0.72730000000000006,0.46000000000000002,0.1343,2.0,1.0,1.0,1.0,418.0
0.0,7.0,19.0,2.0,0.78000000000000003,0.71209999999999996,0.48999999999999999,0.16420000000000001,2.0,1.0,1.0,1.0,375.0
0.0,7.0,20.0,2.0,0.76000000000000001,0.69700000000000006,0.55000000000000004,0.1045,2.0,1.0,1.0,1.0,386.0
0.0,7.0,21.0,2.0,0.73999999999999999,0.68180000000000007,0.62,0.1045,2.0,1.0,1.0,1.0,457.0
0.0,7.0,22.0,2.0,0.73999999999999999,0.68180000000000007,0.62,0.1343,2.0,1.0,1.0,1.0,326.0
0.0,7.0,23.0,2.0,0.71999999999999997,0.68180000000000007,0.69999999999999996,0.1045,2.0,1.0,1.0,1.0,138.0
0.0,7.0,0.0,2.0,0.69999999999999996,0.65150000000000008,0.65000000000000002,0.16420000000000001,2.0,0.0,2.0,1.0,55.0
0.0,7.0,1.0,1.0,0.69999999999999996,0.65150000000000008,0.65000000000000002,0.1045,2.0,0.0,2.0,1.0,39.0
0.0,7.0,2.0,1.0,0.65999999999999992,0.62119999999999997,0.73999999999999999,0.089599999999999999,2.0,0.0,2.0,1.0,13.0
0.0,7.0,3.0,1.0,0.65999999999999992,0.62119999999999997,0.73999999999999999,0.22390000000000002,2.0,0.0,2.0,1.0,8.0
0.0,7.0,4.0,1.0,0.65999999999999992,0.62119999999999997,0.68999999999999995,0.16420000000000001,2.0,0.0,2.0,1.0,5.0
0.0,7.0,5.0,1.0,0.65999999999999992,0.62119999999999997,0.68999999999999995,0.0,2.0,0.0,2.0,1.0,20.0
0.0,7.0,6.0,1.0,0.65999999999999992,0.62119999999999997,0.73999999999999999,0.089599999999999999,2.0,0.0,2.0,1.0,94.0
0.0,7.0,7.0,1.0,0.69999999999999996,0.65150000000000008,0.65000000000000002,0.089599999999999999,2.0,0.0,2.0,1.0,270.0
0.0,7.0,8.0,1.0,0.71999999999999997,0.68180000000000007,0.62,0.1343,2.0,0.0,2.0,1.0,432.0
0.0,7.0,9.0,1.0,0.73999999999999999,0.68180000000000007,0.57999999999999996,0.1343,2.0,0.0,2.0,1.0,227.0
0.0,7.0,10.0,1.0,0.76000000000000001,0.69700000000000006,0.52000000000000002,0.1045,2.0,0.0,2.0,1.0,139.0
0.0,7.0,11.0,1.0,0.78000000000000003,0.69700000000000006,0.46000000000000002,0.1045,2.0,0.0,2.0,1.0,172.0
0.0,7.0,12.0,1.0,0.79999999999999993,0.72730000000000006,0.42999999999999999,0.1045,2.0,0.0,2.0,1.0,201.0
0.0,7.0,13.0,1.0,0.81999999999999995,0.74239999999999995,0.42999999999999999,0.1045,2.0,0.0,2.0,1.0,203.0
0.0,7.0,14.0,1.0,0.79999999999999993,0.74239999999999995,0.48999999999999999,0.16420000000000001,2.0,0.0,2.0,1.0,178.0
0.0,7.0,15.0,1.0,0.81999999999999995,0.74239999999999995,0.42999999999999999,0.0,2.0,0.0,2.0,1.0,162.0
0.0,7.0,16.0,1.0,0.81999999999999995,0.75760000000000005,0.46000000000000002,0.1045,2.0,0.0,2.0,1.0,281.0
0.0,7.0,17.0,1.0,0.81999999999999995,0.75760000000000005,0.46000000000000002,0.1045,2.0,0.0,2.0,1.0,545.0
0.0,7.0,18.0,1.0,0.79999999999999993,0.75760000000000005,0.55000000000000004,0.16420000000000001,2.0,0.0,2.0,1.0,496.0
0.0,7.0,19.0,1.0,0.79999999999999993,0.77269999999999994,0.58999999999999997,0.1343,2.0,0.0,2.0,1.0,368.0
0.0,7.0,20.0,1.0,0.76000000000000001,0.72730000000000006,0.66000000000000003,0.1045,2.0,0.0,2.0,1.0,284.0
0.0,7.0,21.0,1.0,0.78000000000000003,0.74239999999999995,0.62,0.25370000000000004,2.0,0.0,2.0,1.0,245.0
0.0,7.0,22.0,1.0,0.76000000000000001,0.72730000000000006,0.66000000000000003,0.22390000000000002,2.0,0.0,2.0,1.0,155.0
0.0,7.0,23.0,1.0,0.73999999999999999,0.69700000000000006,0.66000000000000003,0.16420000000000001,2.0,0.0,2.0,1.0,73.0
0.0,7.0,0.0,1.0,0.71999999999999997,0.69700000000000006,0.73999999999999999,0.19399999999999998,2.0,0.0,3.0,1.0,37.0
0.0,7.0,1.0,1.0,0.69999999999999996,0.66670000000000007,0.73999999999999999,0.1343,2.0,0.0,3.0,1.0,15.0
0.0,7.0,2.0,1.0,0.69999999999999996,0.66670000000000007,0.79000000000000004,0.089599999999999999,2.0,0.0,3.0,1.0,5.0
0.0,7.0,3.0,1.0,0.69999999999999996,0.66670000000000007,0.79000000000000004,0.0,2.0,0.0,3.0,1.0,6.0
0.0,7.0,4.0,2.0,0.67999999999999994,0.63639999999999997,0.82999999999999996,0.089599999999999999,2.0,0.0,3.0,1.0,6.0
0.0,7.0,5.0,1.0,0.67999999999999994,0.63639999999999997,0.82999999999999996,0.089599999999999999,2.0,0.0,3.0,1.0,35.0
0.0,7.0,6.0,1.0,0.69999999999999996,0.66670000000000007,0.79000000000000004,0.089599999999999999,2.0,0.0,3.0,1.0,121.0
0.0,7.0,7.0,2.0,0.71999999999999997,0.69700000000000006,0.79000000000000004,0.0,2.0,0.0,3.0,1.0,312.0
0.0,7.0,8.0,2.0,0.71999999999999997,0.69700000000000006,0.73999999999999999,0.1045,2.0,0.0,3.0,1.0,428.0
0.0,7.0,9.0,3.0,0.69999999999999996,0.66670000000000007,0.79000000000000004,0.19399999999999998,2.0,0.0,3.0,1.0,189.0
0.0,7.0,10.0,3.0,0.69999999999999996,0.66670000000000007,0.79000000000000004,0.089599999999999999,2.0,0.0,3.0,1.0,43.0
0.0,7.0,11.0,2.0,0.71999999999999997,0.69700000000000006,0.73999999999999999,0.0,2.0,0.0,3.0,1.0,127.0
0.0,7.0,12.0,2.0,0.73999999999999999,0.69700000000000006,0.66000000000000003,0.089599999999999999,2.0,0.0,3.0,1.0,152.0
0.0,7.0,13.0,2.0,0.73999999999999999,0.69700000000000006,0.69999999999999996,0.1045,2.0,0.0,3.0,1.0,140.0
0.0,7.0,14.0,1.0,0.76000000000000001,0.72730000000000006,0.66000000000000003,0.28360000000000002,2.0,0.0,3.0,1.0,163.0
0.0,7.0,15.0,1.0,0.76000000000000001,0.72730000000000006,0.69999999999999996,0.28360000000000002,2.0,0.0,3.0,1.0,185.0
0.0,7.0,16.0,1.0,0.76000000000000001,0.72730000000000006,0.69999999999999996,0.25370000000000004,2.0,0.0,3.0,1.0,275.0
0.0,7.0,17.0,1.0,0.78000000000000003,0.74239999999999995,0.58999999999999997,0.22390000000000002,2.0,0.0,3.0,1.0,596.0
0.0,7.0,18.0,1.0,0.76000000000000001,0.71209999999999996,0.62,0.19399999999999998,2.0,0.0,3.0,1.0,563.0
0.0,7.0,19.0,1.0,0.73999999999999999,0.69700000000000006,0.69999999999999996,0.22390000000000002,2.0,0.0,3.0,1.0,394.0
0.0,7.0,20.0,1.0,0.71999999999999997,0.69700000000000006,0.73999999999999999,0.25370000000000004,2.0,0.0,3.0,1.0,312.0
0.0,7.0,21.0,1.0,0.69999999999999996,0.66670000000000007,0.79000000000000004,0.19399999999999998,2.0,0.0,3.0,1.0,241.0
0.0,7.0,22.0,1.0,0.69999999999999996,0.66670000000000007,0.79000000000000004,0.19399999999999998,2.0,0.0,3.0,1.0,186.0
0.0,7.0,23.0,1.0,0.67999999999999994,0.63639999999999997,0.82999999999999996,0.22390000000000002,2.0,0.0,3.0,1.0,98.0
0.0,7.0,0.0,1.0,0.65999999999999992,0.59089999999999998,0.89000000000000001,0.1343,2.0,0.0,4.0,1.0,35.0
0.0,7.0,1.0,1.0,0.65999999999999992,0.59089999999999998,0.89000000000000001,0.19399999999999998,2.0,0.0,4.0,1.0,16.0
0.0,7.0,2.0,1.0,0.65999999999999992,0.59089999999999998,0.89000000000000001,0.19399999999999998,2.0,0.0,4.0,1.0,8.0
0.0,7.0,3.0,1.0,0.64000000000000001,0.56059999999999999,0.93999999999999995,0.1045,2.0,0.0,4.0,1.0,4.0
0.0,7.0,4.0,1.0,0.64000000000000001,0.57579999999999998,0.89000000000000001,0.1045,2.0,0.0,4.0,1.0,4.0
0.0,7.0,5.0,1.0,0.64000000000000001,0.57579999999999998,0.89000000000000001,0.1045,2.0,0.0,4.0,1.0,32.0
0.0,7.0,6.0,2.0,0.64000000000000001,0.57579999999999998,0.89000000000000001,0.1343,2.0,0.0,4.0,1.0,118.0
0.0,7.0,7.0,2.0,0.65999999999999992,0.59089999999999998,0.89000000000000001,0.1045,2.0,0.0,4.0,1.0,292.0
0.0,7.0,8.0,2.0,0.69999999999999996,0.66670000000000007,0.79000000000000004,0.19399999999999998,2.0,0.0,4.0,1.0,443.0
0.0,7.0,9.0,1.0,0.73999999999999999,0.69700000000000006,0.69999999999999996,0.16420000000000001,2.0,0.0,4.0,1.0,179.0
0.0,7.0,10.0,1.0,0.78000000000000003,0.74239999999999995,0.62,0.0,2.0,0.0,4.0,1.0,101.0
0.0,7.0,11.0,1.0,0.81999999999999995,0.77269999999999994,0.52000000000000002,0.1343,2.0,0.0,4.0,1.0,142.0
0.0,7.0,12.0,1.0,0.83999999999999997,0.77269999999999994,0.40999999999999998,0.0,2.0,0.0,4.0,1.0,171.0
0.0,7.0,13.0,1.0,0.85999999999999999,0.78790000000000004,0.40999999999999998,0.0,2.0,0.0,4.0,1.0,155.0
0.0,7.0,14.0,1.0,0.85999999999999999,0.78790000000000004,0.40999999999999998,0.25370000000000004,2.0,0.0,4.0,1.0,160.0
0.0,7.0,15.0,1.0,0.85999999999999999,0.78790000000000004,0.40999999999999998,0.25370000000000004,2.0,0.0,4.0,1.0,166.0
0.0,7.0,16.0,1.0,0.85999999999999999,0.77269999999999994,0.39000000000000001,0.22390000000000002,2.0,0.0,4.0,1.0,265.0
0.0,7.0,17.0,1.0,0.85999999999999999,0.75760000000000005,0.35999999999999999,0.25370000000000004,2.0,0.0,4.0,1.0,569.0
0.0,7.0,18.0,1.0,0.83999999999999997,0.75760000000000005,0.44,0.29850000000000004,2.0,0.0,4.0,1.0,562.0
0.0,7.0,19.0,1.0,0.81999999999999995,0.77269999999999994,0.52000000000000002,0.28360000000000002,2.0,0.0,4.0,1.0,365.0
0.0,7.0,20.0,1.0,0.76000000000000001,0.71209999999999996,0.57999999999999996,0.35820000000000002,2.0,0.0,4.0,1.0,285.0
0.0,7.0,21.0,1.0,0.73999999999999999,0.68180000000000007,0.62,0.16420000000000001,2.0,0.0,4.0,1.0,209.0
0.0,7.0,22.0,1.0,0.73999999999999999,0.68180000000000007,0.62,0.16420000000000001,2.0,0.0,4.0,1.0,182.0
0.0,7.0,23.0,1.0,0.71999999999999997,0.68180000000000007,0.66000000000000003,0.0,2.0,0.0,4.0,1.0,129.0
0.0,7.0,0.0,1.0,0.73999999999999999,0.69700000000000006,0.66000000000000003,0.1045,2.0,0.0,5.0,1.0,47.0
0.0,7.0,1.0,1.0,0.71999999999999997,0.69700000000000006,0.79000000000000004,0.0,2.0,0.0,5.0,1.0,34.0
0.0,7.0,2.0,2.0,0.69999999999999996,0.66670000000000007,0.73999999999999999,0.16420000000000001,2.0,0.0,5.0,1.0,22.0
0.0,7.0,3.0,1.0,0.67999999999999994,0.63639999999999997,0.79000000000000004,0.1045,2.0,0.0,5.0,1.0,6.0
0.0,7.0,4.0,1.0,0.69999999999999996,0.66670000000000007,0.79000000000000004,0.25370000000000004,2.0,0.0,5.0,1.0,11.0
0.0,7.0,5.0,1.0,0.67999999999999994,0.63639999999999997,0.79000000000000004,0.25370000000000004,2.0,0.0,5.0,1.0,27.0
0.0,7.0,6.0,1.0,0.69999999999999996,0.66670000000000007,0.73999999999999999,0.1045,2.0,0.0,5.0,1.0,102.0
0.0,7.0,7.0,2.0,0.69999999999999996,0.66670000000000007,0.79000000000000004,0.19399999999999998,2.0,0.0,5.0,1.0,332.0
0.0,7.0,8.0,2.0,0.71999999999999997,0.69700000000000006,0.73999999999999999,0.25370000000000004,2.0,0.0,5.0,1.0,457.0
0.0,7.0,9.0,2.0,0.76000000000000001,0.72730000000000006,0.69999999999999996,0.29850000000000004,2.0,0.0,5.0,1.0,241.0
0.0,7.0,10.0,2.0,0.73999999999999999,0.69700000000000006,0.69999999999999996,0.35820000000000002,2.0,0.0,5.0,1.0,138.0
0.0,7.0,11.0,2.0,0.73999999999999999,0.71209999999999996,0.73999999999999999,0.25370000000000004,2.0,0.0,5.0,1.0,165.0
0.0,7.0,12.0,2.0,0.76000000000000001,0.72730000000000006,0.69999999999999996,0.28360000000000002,2.0,0.0,5.0,1.0,213.0
0.0,7.0,13.0,2.0,0.78000000000000003,0.75760000000000005,0.66000000000000003,0.28360000000000002,2.0,0.0,5.0,1.0,229.0
0.0,7.0,14.0,2.0,0.79999999999999993,0.78790000000000004,0.63,0.35820000000000002,2.0,0.0,5.0,1.0,216.0
0.0,7.0,15.0,2.0,0.79999999999999993,0.78790000000000004,0.63,0.35820000000000002,2.0,0.0,5.0,1.0,141.0
0.0,7.0,16.0,3.0,0.67999999999999994,0.63639999999999997,0.82999999999999996,0.44780000000000003,2.0,0.0,5.0,1.0,132.0
0.0,7.0,17.0,3.0,0.65999999999999992,0.59089999999999998,0.89000000000000001,0.44780000000000003,2.0,0.0,5.0,1.0,167.0
0.0,7.0,18.0,1.0,0.65999999999999992,0.60609999999999997,0.82999999999999996,0.089599999999999999,2.0,0.0,5.0,1.0,316.0
0.0,7.0,19.0,1.0,0.65999999999999992,0.60609999999999997,0.82999999999999996,0.089599999999999999,2.0,0.0,5.0,1.0,270.0
0.0,7.0,20.0,1.0,0.65999999999999992,0.60609999999999997,0.82999999999999996,0.16420000000000001,2.0,0.0,5.0,1.0,250.0
0.0,7.0,21.0,2.0,0.65999999999999992,0.60609999999999997,0.82999999999999996,0.25370000000000004,2.0,0.0,5.0,1.0,204.0
0.0,7.0,22.0,2.0,0.65999999999999992,0.60609999999999997,0.78000000000000003,0.19399999999999998,2.0,0.0,5.0,1.0,169.0
0.0,7.0,23.0,2.0,0.65999999999999992,0.60609999999999997,0.78000000000000003,0.089599999999999999,2.0,0.0,5.0,1.0,151.0
0.0,7.0,0.0,2.0,0.65999999999999992,0.60609999999999997,0.82999999999999996,0.1343,2.0,0.0,6.0,0.0,121.0
0.0,7.0,1.0,2.0,0.64000000000000001,0.57579999999999998,0.89000000000000001,0.1045,2.0,0.0,6.0,0.0,53.0
0.0,7.0,2.0,1.0,0.64000000000000001,0.57579999999999998,0.89000000000000001,0.16420000000000001,2.0,0.0,6.0,0.0,55.0
0.0,7.0,3.0,1.0,0.64000000000000001,0.57579999999999998,0.89000000000000001,0.1343,2.0,0.0,6.0,0.0,30.0
0.0,7.0,4.0,1.0,0.64000000000000001,0.57579999999999998,0.82999999999999996,0.22390000000000002,2.0,0.0,6.0,0.0,6.0
0.0,7.0,5.0,2.0,0.62,0.56059999999999999,0.88,0.16420000000000001,2.0,0.0,6.0,0.0,15.0
0.0,7.0,6.0,2.0,0.64000000000000001,0.57579999999999998,0.82999999999999996,0.19399999999999998,2.0,0.0,6.0,0.0,38.0
0.0,7.0,7.0,1.0,0.65999999999999992,0.60609999999999997,0.78000000000000003,0.19399999999999998,2.0,0.0,6.0,0.0,71.0
0.0,7.0,8.0,1.0,0.69999999999999996,0.65150000000000008,0.69999999999999996,0.25370000000000004,2.0,0.0,6.0,0.0,182.0
0.0,7.0,9.0,1.0,0.73999999999999999,0.68180000000000007,0.57999999999999996,0.28360000000000002,2.0,0.0,6.0,0.0,247.0
0.0,7.0,10.0,1.0,0.76000000000000001,0.69700000000000006,0.52000000000000002,0.16420000000000001,2.0,0.0,6.0,0.0,264.0
0.0,7.0,11.0,1.0,0.78000000000000003,0.69700000000000006,0.46000000000000002,0.29850000000000004,2.0,0.0,6.0,0.0,290.0
0.0,7.0,12.0,1.0,0.79999999999999993,0.72730000000000006,0.46000000000000002,0.25370000000000004,2.0,0.0,6.0,0.0,366.0
0.0,7.0,13.0,1.0,0.81999999999999995,0.74239999999999995,0.40999999999999998,0.22390000000000002,2.0,0.0,6.0,0.0,416.0
0.0,7.0,14.0,1.0,0.83999999999999997,0.74239999999999995,0.35999999999999999,0.1343,2.0,0.0,6.0,0.0,373.0
0.0,7.0,15.0,1.0,0.83999999999999997,0.72730000000000006,0.34000000000000002,0.089599999999999999,2.0,0.0,6.0,0.0,402.0
0.0,7.0,16.0,1.0,0.81999999999999995,0.72730000000000006,0.38,0.0,2.0,0.0,6.0,0.0,416.0
0.0,7.0,17.0,1.0,0.83999999999999997,0.72730000000000006,0.32000000000000001,0.0,2.0,0.0,6.0,0.0,401.0
0.0,7.0,18.0,1.0,0.81999999999999995,0.72730000000000006,0.35999999999999999,0.1045,2.0,0.0,6.0,0.0,378.0
0.0,7.0,19.0,1.0,0.76000000000000001,0.69700000000000006,0.55000000000000004,0.16420000000000001,2.0,0.0,6.0,0.0,306.0
0.0,7.0,20.0,1.0,0.76000000000000001,0.71209999999999996,0.57999999999999996,0.22390000000000002,2.0,0.0,6.0,0.0,314.0
0.0,7.0,21.0,1.0,0.73999999999999999,0.68180000000000007,0.57999999999999996,0.16420000000000001,2.0,0.0,6.0,0.0,238.0
0.0,7.0,22.0,1.0,0.71999999999999997,0.68180000000000007,0.62,0.16420000000000001,2.0,0.0,6.0,0.0,214.0
0.0,7.0,23.0,1.0,0.71999999999999997,0.66670000000000007,0.57999999999999996,0.19399999999999998,2.0,0.0,6.0,0.0,140.0
0.0,7.0,0.0,1.0,0.69999999999999996,0.65150000000000008,0.60999999999999999,0.16420000000000001,2.0,0.0,7.0,0.0,154.0
0.0,7.0,1.0,1.0,0.69999999999999996,0.65150000000000008,0.60999999999999999,0.1343,2.0,0.0,7.0,0.0,113.0
0.0,7.0,2.0,1.0,0.67999999999999994,0.63639999999999997,0.68999999999999995,0.089599999999999999,2.0,0.0,7.0,0.0,96.0
0.0,7.0,3.0,1.0,0.65999999999999992,0.62119999999999997,0.73999999999999999,0.089599999999999999,2.0,0.0,7.0,0.0,25.0
0.0,7.0,4.0,1.0,0.65999999999999992,0.62119999999999997,0.68999999999999995,0.089599999999999999,2.0,0.0,7.0,0.0,5.0
0.0,7.0,5.0,1.0,0.65999999999999992,0.62119999999999997,0.73999999999999999,0.0,2.0,0.0,7.0,0.0,17.0
0.0,7.0,6.0,1.0,0.64000000000000001,0.59089999999999998,0.78000000000000003,0.089599999999999999,2.0,0.0,7.0,0.0,25.0
0.0,7.0,7.0,1.0,0.69999999999999996,0.65150000000000008,0.69999999999999996,0.089599999999999999,2.0,0.0,7.0,0.0,65.0
0.0,7.0,8.0,1.0,0.71999999999999997,0.68180000000000007,0.66000000000000003,0.0,2.0,0.0,7.0,0.0,92.0
0.0,7.0,9.0,1.0,0.73999999999999999,0.69700000000000006,0.66000000000000003,0.089599999999999999,2.0,0.0,7.0,0.0,169.0
0.0,7.0,10.0,1.0,0.76000000000000001,0.69700000000000006,0.55000000000000004,0.1343,2.0,0.0,7.0,0.0,268.0
0.0,7.0,11.0,1.0,0.78000000000000003,0.72730000000000006,0.55000000000000004,0.19399999999999998,2.0,0.0,7.0,0.0,287.0
0.0,7.0,12.0,1.0,0.81999999999999995,0.75760000000000005,0.46000000000000002,0.28360000000000002,2.0,0.0,7.0,0.0,377.0
0.0,7.0,13.0,1.0,0.79999999999999993,0.72730000000000006,0.46000000000000002,0.29850000000000004,2.0,0.0,7.0,0.0,367.0
0.0,7.0,14.0,1.0,0.81999999999999995,0.74239999999999995,0.40999999999999998,0.32840000000000003,2.0,0.0,7.0,0.0,349.0
0.0,7.0,15.0,1.0,0.83999999999999997,0.74239999999999995,0.39000000000000001,0.28360000000000002,2.0,0.0,7.0,0.0,361.0
0.0,7.0,16.0,1.0,0.83999999999999997,0.75760000000000005,0.40999999999999998,0.28360000000000002,2.0,0.0,7.0,0.0,372.0
0.0,7.0,17.0,1.0,0.83999999999999997,0.74239999999999995,0.35999999999999999,0.22390000000000002,2.0,0.0,7.0,0.0,363.0
0.0,7.0,18.0,1.0,0.81999999999999995,0.74239999999999995,0.42999999999999999,0.28360000000000002,2.0,0.0,7.0,0.0,363.0
0.0,7.0,19.0,1.0,0.79999999999999993,0.74239999999999995,0.48999999999999999,0.32840000000000003,2.0,0.0,7.0,0.0,303.0
0.0,7.0,20.0,1.0,0.76000000000000001,0.69700000000000006,0.55000000000000004,0.19399999999999998,2.0,0.0,7.0,0.0,268.0
0.0,7.0,21.0,1.0,0.73999999999999999,0.68180000000000007,0.62,0.25370000000000004,2.0,0.0,7.0,0.0,227.0
0.0,7.0,22.0,1.0,0.73999999999999999,0.69700000000000006,0.66000000000000003,0.22390000000000002,2.0,0.0,7.0,0.0,143.0
0.0,7.0,23.0,1.0,0.71999999999999997,0.68180000000000007,0.66000000000000003,0.25370000000000004,2.0,0.0,7.0,0.0,72.0
0.0,7.0,0.0,1.0,0.69999999999999996,0.65150000000000008,0.65000000000000002,0.19399999999999998,2.0,0.0,1.0,1.0,35.0
0.0,7.0,1.0,1.0,0.69999999999999996,0.65150000000000008,0.60999999999999999,0.28360000000000002,2.0,0.0,1.0,1.0,10.0
0.0,7.0,2.0,1.0,0.69999999999999996,0.65150000000000008,0.60999999999999999,0.22390000000000002,2.0,0.0,1.0,1.0,12.0
0.0,7.0,3.0,1.0,0.67999999999999994,0.63639999999999997,0.65000000000000002,0.16420000000000001,2.0,0.0,1.0,1.0,10.0
0.0,7.0,4.0,1.0,0.65999999999999992,0.62119999999999997,0.73999999999999999,0.22390000000000002,2.0,0.0,1.0,1.0,4.0
0.0,7.0,5.0,1.0,0.65999999999999992,0.62119999999999997,0.73999999999999999,0.1343,2.0,0.0,1.0,1.0,26.0
0.0,7.0,6.0,1.0,0.67999999999999994,0.63639999999999997,0.73999999999999999,0.19399999999999998,2.0,0.0,1.0,1.0,121.0
0.0,7.0,7.0,1.0,0.69999999999999996,0.66670000000000007,0.73999999999999999,0.25370000000000004,2.0,0.0,1.0,1.0,317.0
0.0,7.0,8.0,1.0,0.73999999999999999,0.69700000000000006,0.66000000000000003,0.28360000000000002,2.0,0.0,1.0,1.0,420.0
0.0,7.0,9.0,1.0,0.78000000000000003,0.74239999999999995,0.58999999999999997,0.29850000000000004,2.0,0.0,1.0,1.0,208.0
0.0,7.0,10.0,1.0,0.79999999999999993,0.75760000000000005,0.55000000000000004,0.35820000000000002,2.0,0.0,1.0,1.0,117.0
0.0,7.0,11.0,1.0,0.81999999999999995,0.78790000000000004,0.56000000000000005,0.29850000000000004,2.0,0.0,1.0,1.0,128.0
0.0,7.0,12.0,1.0,0.83999999999999997,0.80299999999999994,0.53000000000000003,0.28360000000000002,2.0,0.0,1.0,1.0,148.0
0.0,7.0,13.0,1.0,0.85999999999999999,0.81819999999999993,0.5,0.25370000000000004,2.0,0.0,1.0,1.0,141.0
0.0,7.0,14.0,1.0,0.85999999999999999,0.83329999999999993,0.53000000000000003,0.28360000000000002,2.0,0.0,1.0,1.0,134.0
0.0,7.0,15.0,1.0,0.85999999999999999,0.84849999999999992,0.56000000000000005,0.41790000000000005,2.0,0.0,1.0,1.0,146.0
0.0,7.0,16.0,1.0,0.85999999999999999,0.84849999999999992,0.56000000000000005,0.3881,2.0,0.0,1.0,1.0,239.0
0.0,7.0,17.0,1.0,0.85999999999999999,0.84849999999999992,0.56000000000000005,0.41790000000000005,2.0,0.0,1.0,1.0,514.0
0.0,7.0,18.0,1.0,0.85999999999999999,0.83329999999999993,0.53000000000000003,0.3881,2.0,0.0,1.0,1.0,472.0
0.0,7.0,19.0,1.0,0.83999999999999997,0.83329999999999993,0.58999999999999997,0.32840000000000003,2.0,0.0,1.0,1.0,373.0
0.0,7.0,20.0,1.0,0.71999999999999997,0.69700000000000006,0.73999999999999999,0.41790000000000005,2.0,0.0,1.0,1.0,236.0
0.0,7.0,21.0,1.0,0.69999999999999996,0.66670000000000007,0.79000000000000004,0.41790000000000005,2.0,0.0,1.0,1.0,130.0
0.0,7.0,22.0,1.0,0.71999999999999997,0.69700000000000006,0.73999999999999999,0.1343,2.0,0.0,1.0,1.0,90.0
0.0,7.0,23.0,1.0,0.69999999999999996,0.66670000000000007,0.79000000000000004,0.1343,2.0,0.0,1.0,1.0,55.0
0.0,7.0,0.0,1.0,0.69999999999999996,0.66670000000000007,0.79000000000000004,0.1343,2.0,0.0,2.0,1.0,22.0
0.0,7.0,1.0,1.0,0.69999999999999996,0.66670000000000007,0.79000000000000004,0.089599999999999999,2.0,0.0,2.0,1.0,14.0
0.0,7.0,2.0,1.0,0.69999999999999996,0.66670000000000007,0.79000000000000004,0.1045,2.0,0.0,2.0,1.0,9.0
0.0,7.0,3.0,2.0,0.69999999999999996,0.66670000000000007,0.79000000000000004,0.0,2.0,0.0,2.0,1.0,8.0
0.0,7.0,4.0,1.0,0.69999999999999996,0.66670000000000007,0.79000000000000004,0.16420000000000001,2.0,0.0,2.0,1.0,6.0
0.0,7.0,5.0,1.0,0.69999999999999996,0.66670000000000007,0.79000000000000004,0.089599999999999999,2.0,0.0,2.0,1.0,25.0
0.0,7.0,6.0,1.0,0.73999999999999999,0.68180000000000007,0.57999999999999996,0.22390000000000002,2.0,0.0,2.0,1.0,115.0
0.0,7.0,7.0,1.0,0.76000000000000001,0.69700000000000006,0.55000000000000004,0.19399999999999998,2.0,0.0,2.0,1.0,330.0
0.0,7.0,8.0,1.0,0.76000000000000001,0.71209999999999996,0.57999999999999996,0.22390000000000002,2.0,0.0,2.0,1.0,417.0
0.0,7.0,9.0,1.0,0.78000000000000003,0.72730000000000006,0.55000000000000004,0.49250000000000005,2.0,0.0,2.0,1.0,176.0
0.0,7.0,10.0,1.0,0.81999999999999995,0.77269999999999994,0.52000000000000002,0.16420000000000001,2.0,0.0,2.0,1.0,123.0
0.0,7.0,11.0,1.0,0.81999999999999995,0.77269999999999994,0.52000000000000002,0.16420000000000001,2.0,0.0,2.0,1.0,125.0
0.0,7.0,12.0,1.0,0.85999999999999999,0.78790000000000004,0.44,0.29850000000000004,2.0,0.0,2.0,1.0,163.0
0.0,7.0,13.0,1.0,0.85999999999999999,0.80299999999999994,0.46999999999999997,0.22390000000000002,2.0,0.0,2.0,1.0,136.0
0.0,7.0,14.0,1.0,0.89999999999999991,0.84849999999999992,0.41999999999999998,0.29850000000000004,2.0,0.0,2.0,1.0,124.0
0.0,7.0,15.0,1.0,0.89999999999999991,0.84849999999999992,0.41999999999999998,0.35820000000000002,2.0,0.0,2.0,1.0,148.0
0.0,7.0,16.0,1.0,0.85999999999999999,0.78790000000000004,0.44,0.28360000000000002,2.0,0.0,2.0,1.0,202.0
0.0,7.0,17.0,1.0,0.88,0.81819999999999993,0.44,0.28360000000000002,2.0,0.0,2.0,1.0,428.0
0.0,7.0,18.0,1.0,0.85999999999999999,0.80299999999999994,0.46999999999999997,0.29850000000000004,2.0,0.0,2.0,1.0,511.0
0.0,7.0,19.0,1.0,0.83999999999999997,0.75760000000000005,0.44,0.28360000000000002,2.0,0.0,2.0,1.0,337.0
0.0,7.0,20.0,1.0,0.81999999999999995,0.74239999999999995,0.42999999999999999,0.19399999999999998,2.0,0.0,2.0,1.0,308.0
0.0,7.0,21.0,1.0,0.81999999999999995,0.74239999999999995,0.42999999999999999,0.1045,2.0,0.0,2.0,1.0,258.0
0.0,7.0,22.0,1.0,0.79999999999999993,0.72730000000000006,0.46000000000000002,0.1343,2.0,0.0,2.0,1.0,194.0
0.0,7.0,23.0,1.0,0.78000000000000003,0.71209999999999996,0.52000000000000002,0.0,2.0,0.0,2.0,1.0,79.0
0.0,7.0,0.0,1.0,0.76000000000000001,0.71209999999999996,0.62,0.0,2.0,0.0,3.0,1.0,46.0
0.0,7.0,1.0,1.0,0.76000000000000001,0.69700000000000006,0.55000000000000004,0.0,2.0,0.0,3.0,1.0,12.0
0.0,7.0,2.0,1.0,0.76000000000000001,0.69700000000000006,0.55000000000000004,0.0,2.0,0.0,3.0,1.0,5.0
0.0,7.0,3.0,1.0,0.73999999999999999,0.68180000000000007,0.57999999999999996,0.19399999999999998,2.0,0.0,3.0,1.0,4.0
0.0,7.0,4.0,1.0,0.73999999999999999,0.68180000000000007,0.57999999999999996,0.25370000000000004,2.0,0.0,3.0,1.0,5.0
0.0,7.0,5.0,1.0,0.73999999999999999,0.68180000000000007,0.57999999999999996,0.19399999999999998,2.0,0.0,3.0,1.0,26.0
0.0,7.0,6.0,1.0,0.73999999999999999,0.68180000000000007,0.57999999999999996,0.16420000000000001,2.0,0.0,3.0,1.0,121.0
0.0,7.0,7.0,1.0,0.76000000000000001,0.69700000000000006,0.55000000000000004,0.25370000000000004,2.0,0.0,3.0,1.0,313.0
0.0,7.0,8.0,1.0,0.79999999999999993,0.74239999999999995,0.48999999999999999,0.25370000000000004,2.0,0.0,3.0,1.0,449.0
0.0,7.0,9.0,1.0,0.81999999999999995,0.74239999999999995,0.40999999999999998,0.19399999999999998,2.0,0.0,3.0,1.0,186.0
0.0,7.0,10.0,1.0,0.81999999999999995,0.75760000000000005,0.46000000000000002,0.19399999999999998,2.0,0.0,3.0,1.0,113.0
0.0,7.0,11.0,1.0,0.83999999999999997,0.74239999999999995,0.39000000000000001,0.16420000000000001,2.0,0.0,3.0,1.0,165.0
0.0,7.0,12.0,1.0,0.83999999999999997,0.75760000000000005,0.40999999999999998,0.28360000000000002,2.0,0.0,3.0,1.0,174.0
0.0,7.0,13.0,3.0,0.81999999999999995,0.75760000000000005,0.46000000000000002,0.1343,2.0,0.0,3.0,1.0,158.0
0.0,7.0,14.0,3.0,0.81999999999999995,0.75760000000000005,0.46000000000000002,0.1343,2.0,0.0,3.0,1.0,116.0
0.0,7.0,15.0,3.0,0.64000000000000001,0.56059999999999999,0.93999999999999995,0.1343,2.0,0.0,3.0,1.0,46.0
0.0,7.0,16.0,2.0,0.65999999999999992,0.59089999999999998,0.89000000000000001,0.0,2.0,0.0,3.0,1.0,141.0
0.0,7.0,17.0,1.0,0.69999999999999996,0.66670000000000007,0.79000000000000004,0.0,2.0,0.0,3.0,1.0,488.0
0.0,7.0,18.0,1.0,0.71999999999999997,0.69700000000000006,0.79000000000000004,0.1343,2.0,0.0,3.0,1.0,463.0
0.0,7.0,19.0,1.0,0.69999999999999996,0.66670000000000007,0.79000000000000004,0.1045,2.0,0.0,3.0,1.0,419.0
0.0,7.0,20.0,1.0,0.69999999999999996,0.66670000000000007,0.83999999999999997,0.16420000000000001,2.0,0.0,3.0,1.0,342.0
0.0,7.0,21.0,1.0,0.69999999999999996,0.66670000000000007,0.79000000000000004,0.1045,2.0,0.0,3.0,1.0,250.0
0.0,7.0,22.0,1.0,0.67999999999999994,0.63639999999999997,0.82999999999999996,0.19399999999999998,2.0,0.0,3.0,1.0,184.0
0.0,7.0,23.0,1.0,0.65999999999999992,0.60609999999999997,0.82999999999999996,0.25370000000000004,2.0,0.0,3.0,1.0,116.0
0.0,7.0,0.0,1.0,0.65999999999999992,0.62119999999999997,0.68999999999999995,0.29850000000000004,2.0,0.0,4.0,1.0,46.0
0.0,7.0,1.0,1.0,0.65999999999999992,0.62119999999999997,0.60999999999999999,0.25370000000000004,2.0,0.0,4.0,1.0,25.0
0.0,7.0,2.0,1.0,0.64000000000000001,0.62119999999999997,0.56999999999999995,0.29850000000000004,2.0,0.0,4.0,1.0,10.0
0.0,7.0,3.0,1.0,0.62,0.62119999999999997,0.56999999999999995,0.29850000000000004,2.0,0.0,4.0,1.0,6.0
0.0,7.0,4.0,1.0,0.62,0.62119999999999997,0.53000000000000003,0.25370000000000004,2.0,0.0,4.0,1.0,6.0
0.0,7.0,5.0,1.0,0.60000000000000009,0.62119999999999997,0.56000000000000005,0.22390000000000002,2.0,0.0,4.0,1.0,28.0
0.0,7.0,6.0,1.0,0.60000000000000009,0.60609999999999997,0.59999999999999998,0.22390000000000002,2.0,0.0,4.0,1.0,130.0
0.0,7.0,7.0,1.0,0.62,0.62119999999999997,0.53000000000000003,0.25370000000000004,2.0,0.0,4.0,1.0,334.0
0.0,7.0,8.0,1.0,0.64000000000000001,0.62119999999999997,0.5,0.35820000000000002,2.0,0.0,4.0,1.0,486.0
0.0,7.0,9.0,1.0,0.67999999999999994,0.63639999999999997,0.46999999999999997,0.28360000000000002,2.0,0.0,4.0,1.0,224.0
0.0,7.0,10.0,1.0,0.69999999999999996,0.63639999999999997,0.41999999999999998,0.25370000000000004,2.0,0.0,4.0,1.0,127.0
0.0,7.0,11.0,1.0,0.71999999999999997,0.65150000000000008,0.37,0.22390000000000002,2.0,0.0,4.0,1.0,148.0
0.0,7.0,12.0,1.0,0.73999999999999999,0.65150000000000008,0.34999999999999998,0.25370000000000004,2.0,0.0,4.0,1.0,223.0
0.0,7.0,13.0,1.0,0.76000000000000001,0.66670000000000007,0.33000000000000002,0.32840000000000003,2.0,0.0,4.0,1.0,177.0
0.0,7.0,14.0,1.0,0.73999999999999999,0.65150000000000008,0.34999999999999998,0.28360000000000002,2.0,0.0,4.0,1.0,178.0
0.0,7.0,15.0,1.0,0.76000000000000001,0.66670000000000007,0.33000000000000002,0.29850000000000004,2.0,0.0,4.0,1.0,180.0
0.0,7.0,16.0,1.0,0.76000000000000001,0.66670000000000007,0.33000000000000002,0.1343,2.0,0.0,4.0,1.0,274.0
0.0,7.0,17.0,1.0,0.73999999999999999,0.65150000000000008,0.37,0.1343,2.0,0.0,4.0,1.0,595.0
0.0,7.0,18.0,1.0,0.71999999999999997,0.65150000000000008,0.41999999999999998,0.19399999999999998,2.0,0.0,4.0,1.0,578.0
0.0,7.0,19.0,1.0,0.71999999999999997,0.65150000000000008,0.39000000000000001,0.22390000000000002,2.0,0.0,4.0,1.0,400.0
0.0,7.0,20.0,1.0,0.69999999999999996,0.63639999999999997,0.41999999999999998,0.22390000000000002,2.0,0.0,4.0,1.0,348.0
0.0,7.0,21.0,1.0,0.65999999999999992,0.62119999999999997,0.5,0.1343,2.0,0.0,4.0,1.0,261.0
0.0,7.0,22.0,1.0,0.64000000000000001,0.62119999999999997,0.56999999999999995,0.089599999999999999,2.0,0.0,4.0,1.0,176.0
0.0,7.0,23.0,1.0,0.64000000000000001,0.60609999999999997,0.65000000000000002,0.25370000000000004,2.0,0.0,4.0,1.0,124.0
0.0,7.0,0.0,1.0,0.62,0.59089999999999998,0.72999999999999998,0.22390000000000002,2.0,0.0,5.0,1.0,80.0
0.0,7.0,1.0,1.0,0.62,0.59089999999999998,0.72999999999999998,0.19399999999999998,2.0,0.0,5.0,1.0,20.0
0.0,7.0,2.0,1.0,0.60000000000000009,0.57579999999999998,0.78000000000000003,0.16420000000000001,2.0,0.0,5.0,1.0,38.0
0.0,7.0,3.0,1.0,0.60000000000000009,0.59089999999999998,0.72999999999999998,0.19399999999999998,2.0,0.0,5.0,1.0,7.0
0.0,7.0,4.0,1.0,0.60000000000000009,0.59089999999999998,0.72999999999999998,0.16420000000000001,2.0,0.0,5.0,1.0,10.0
0.0,7.0,5.0,1.0,0.60000000000000009,0.59089999999999998,0.72999999999999998,0.1343,2.0,0.0,5.0,1.0,23.0
0.0,7.0,6.0,2.0,0.60000000000000009,0.59089999999999998,0.72999999999999998,0.1045,2.0,0.0,5.0,1.0,120.0
0.0,7.0,7.0,1.0,0.64000000000000001,0.60609999999999997,0.65000000000000002,0.1045,2.0,0.0,5.0,1.0,274.0
0.0,7.0,8.0,1.0,0.64000000000000001,0.60609999999999997,0.65000000000000002,0.25370000000000004,2.0,0.0,5.0,1.0,564.0
0.0,7.0,9.0,1.0,0.67999999999999994,0.63639999999999997,0.54000000000000004,0.19399999999999998,2.0,0.0,5.0,1.0,207.0
0.0,7.0,10.0,2.0,0.65999999999999992,0.62119999999999997,0.60999999999999999,0.16420000000000001,2.0,0.0,5.0,1.0,166.0
0.0,7.0,11.0,1.0,0.69999999999999996,0.65150000000000008,0.54000000000000004,0.1343,2.0,0.0,5.0,1.0,210.0
0.0,7.0,12.0,1.0,0.69999999999999996,0.65150000000000008,0.47999999999999998,0.19399999999999998,2.0,0.0,5.0,1.0,238.0
0.0,7.0,13.0,1.0,0.69999999999999996,0.65150000000000008,0.54000000000000004,0.19399999999999998,2.0,0.0,5.0,1.0,247.0
0.0,7.0,14.0,1.0,0.69999999999999996,0.65150000000000008,0.51000000000000001,0.19399999999999998,2.0,0.0,5.0,1.0,265.0
0.0,7.0,15.0,1.0,0.71999999999999997,0.65150000000000008,0.45000000000000001,0.16420000000000001,2.0,0.0,5.0,1.0,237.0
0.0,7.0,16.0,1.0,0.71999999999999997,0.66670000000000007,0.51000000000000001,0.19399999999999998,2.0,0.0,5.0,1.0,361.0
0.0,7.0,17.0,1.0,0.73999999999999999,0.66670000000000007,0.41999999999999998,0.25370000000000004,2.0,0.0,5.0,1.0,587.0
0.0,7.0,18.0,1.0,0.71999999999999997,0.65150000000000008,0.45000000000000001,0.22390000000000002,2.0,0.0,5.0,1.0,496.0
0.0,7.0,19.0,1.0,0.69999999999999996,0.63639999999999997,0.45000000000000001,0.22390000000000002,2.0,0.0,5.0,1.0,394.0
0.0,7.0,20.0,1.0,0.69999999999999996,0.65150000000000008,0.51000000000000001,0.22390000000000002,2.0,0.0,5.0,1.0,343.0
0.0,7.0,21.0,1.0,0.65999999999999992,0.62119999999999997,0.54000000000000004,0.1045,2.0,0.0,5.0,1.0,261.0
0.0,7.0,22.0,1.0,0.65999999999999992,0.62119999999999997,0.56999999999999995,0.22390000000000002,2.0,0.0,5.0,1.0,223.0
0.0,7.0,23.0,1.0,0.64000000000000001,0.62119999999999997,0.60999999999999999,0.16420000000000001,2.0,0.0,5.0,1.0,167.0
0.0,7.0,0.0,1.0,0.62,0.60609999999999997,0.65000000000000002,0.19399999999999998,2.0,0.0,6.0,0.0,110.0
0.0,7.0,1.0,1.0,0.60000000000000009,0.59089999999999998,0.68999999999999995,0.1045,2.0,0.0,6.0,0.0,75.0
0.0,7.0,2.0,1.0,0.60000000000000009,0.59089999999999998,0.72999999999999998,0.1343,2.0,0.0,6.0,0.0,58.0
0.0,7.0,3.0,1.0,0.60000000000000009,0.57579999999999998,0.78000000000000003,0.1343,2.0,0.0,6.0,0.0,26.0
0.0,7.0,4.0,1.0,0.60000000000000009,0.59089999999999998,0.72999999999999998,0.089599999999999999,2.0,0.0,6.0,0.0,16.0
0.0,7.0,5.0,1.0,0.58000000000000007,0.54549999999999998,0.78000000000000003,0.089599999999999999,2.0,0.0,6.0,0.0,10.0
0.0,7.0,6.0,1.0,0.60000000000000009,0.57579999999999998,0.78000000000000003,0.16420000000000001,2.0,0.0,6.0,0.0,37.0
0.0,7.0,7.0,1.0,0.62,0.59089999999999998,0.72999999999999998,0.1343,2.0,0.0,6.0,0.0,52.0
0.0,7.0,8.0,1.0,0.65999999999999992,0.62119999999999997,0.65000000000000002,0.16420000000000001,2.0,0.0,6.0,0.0,127.0
0.0,7.0,9.0,1.0,0.69999999999999996,0.65150000000000008,0.54000000000000004,0.22390000000000002,2.0,0.0,6.0,0.0,222.0
0.0,7.0,10.0,1.0,0.71999999999999997,0.66670000000000007,0.54000000000000004,0.19399999999999998,2.0,0.0,6.0,0.0,322.0
0.0,7.0,11.0,1.0,0.73999999999999999,0.66670000000000007,0.47999999999999998,0.22390000000000002,2.0,0.0,6.0,0.0,396.0
0.0,7.0,12.0,1.0,0.76000000000000001,0.68180000000000007,0.42999999999999999,0.28360000000000002,2.0,0.0,6.0,0.0,463.0
0.0,7.0,13.0,1.0,0.76000000000000001,0.68180000000000007,0.45000000000000001,0.29850000000000004,2.0,0.0,6.0,0.0,497.0
0.0,7.0,14.0,1.0,0.73999999999999999,0.66670000000000007,0.45000000000000001,0.29850000000000004,2.0,0.0,6.0,0.0,433.0
0.0,7.0,15.0,1.0,0.76000000000000001,0.68180000000000007,0.45000000000000001,0.32840000000000003,2.0,0.0,6.0,0.0,428.0
0.0,7.0,16.0,1.0,0.76000000000000001,0.68180000000000007,0.45000000000000001,0.28360000000000002,2.0,0.0,6.0,0.0,425.0
0.0,7.0,17.0,1.0,0.76000000000000001,0.68180000000000007,0.45000000000000001,0.22390000000000002,2.0,0.0,6.0,0.0,475.0
0.0,7.0,18.0,1.0,0.76000000000000001,0.68180000000000007,0.45000000000000001,0.28360000000000002,2.0,0.0,6.0,0.0,428.0
0.0,7.0,19.0,1.0,0.73999999999999999,0.68180000000000007,0.47999999999999998,0.19399999999999998,2.0,0.0,6.0,0.0,406.0
0.0,7.0,20.0,1.0,0.71999999999999997,0.66670000000000007,0.51000000000000001,0.22390000000000002,2.0,0.0,6.0,0.0,296.0
0.0,7.0,21.0,1.0,0.69999999999999996,0.65150000000000008,0.57999999999999996,0.22390000000000002,2.0,0.0,6.0,0.0,252.0
0.0,7.0,22.0,1.0,0.69999999999999996,0.65150000000000008,0.65000000000000002,0.28360000000000002,2.0,0.0,6.0,0.0,201.0
0.0,7.0,23.0,1.0,0.67999999999999994,0.63639999999999997,0.60999999999999999,0.22390000000000002,2.0,0.0,6.0,0.0,168.0
0.0,7.0,0.0,1.0,0.65999999999999992,0.62119999999999997,0.65000000000000002,0.22390000000000002,2.0,0.0,7.0,0.0,125.0
0.0,7.0,1.0,1.0,0.64000000000000001,0.60609999999999997,0.68999999999999995,0.19399999999999998,2.0,0.0,7.0,0.0,102.0
0.0,7.0,2.0,1.0,0.64000000000000001,0.60609999999999997,0.68999999999999995,0.22390000000000002,2.0,0.0,7.0,0.0,94.0
0.0,7.0,3.0,1.0,0.64000000000000001,0.60609999999999997,0.68999999999999995,0.22390000000000002,2.0,0.0,7.0,0.0,47.0
0.0,7.0,4.0,1.0,0.62,0.59089999999999998,0.72999999999999998,0.16420000000000001,2.0,0.0,7.0,0.0,10.0
0.0,7.0,5.0,1.0,0.64000000000000001,0.60609999999999997,0.68999999999999995,0.22390000000000002,2.0,0.0,7.0,0.0,12.0
0.0,7.0,6.0,1.0,0.62,0.59089999999999998,0.72999999999999998,0.16420000000000001,2.0,0.0,7.0,0.0,21.0
0.0,7.0,7.0,1.0,0.64000000000000001,0.60609999999999997,0.72999999999999998,0.16420000000000001,2.0,0.0,7.0,0.0,50.0
0.0,7.0,8.0,1.0,0.67999999999999994,0.63639999999999997,0.65000000000000002,0.22390000000000002,2.0,0.0,7.0,0.0,118.0
0.0,7.0,9.0,1.0,0.71999999999999997,0.66670000000000007,0.57999999999999996,0.22390000000000002,2.0,0.0,7.0,0.0,184.0
0.0,7.0,10.0,1.0,0.73999999999999999,0.68180000000000007,0.59999999999999998,0.22390000000000002,2.0,0.0,7.0,0.0,304.0
0.0,7.0,11.0,1.0,0.76000000000000001,0.69700000000000006,0.55000000000000004,0.28360000000000002,2.0,0.0,7.0,0.0,391.0
0.0,7.0,12.0,1.0,0.76000000000000001,0.69700000000000006,0.55000000000000004,0.28360000000000002,2.0,0.0,7.0,0.0,420.0
0.0,7.0,13.0,1.0,0.79999999999999993,0.74239999999999995,0.48999999999999999,0.29850000000000004,2.0,0.0,7.0,0.0,472.0
0.0,7.0,14.0,1.0,0.79999999999999993,0.74239999999999995,0.48999999999999999,0.35820000000000002,2.0,0.0,7.0,0.0,430.0
0.0,7.0,15.0,1.0,0.81999999999999995,0.74239999999999995,0.42999999999999999,0.29850000000000004,2.0,0.0,7.0,0.0,324.0
0.0,7.0,16.0,1.0,0.79999999999999993,0.72730000000000006,0.46000000000000002,0.29850000000000004,2.0,0.0,7.0,0.0,317.0
0.0,7.0,17.0,1.0,0.79999999999999993,0.74239999999999995,0.48999999999999999,0.3881,2.0,0.0,7.0,0.0,369.0
0.0,7.0,18.0,1.0,0.79999999999999993,0.72730000000000006,0.46000000000000002,0.29850000000000004,2.0,0.0,7.0,0.0,390.0
0.0,7.0,19.0,1.0,0.76000000000000001,0.69700000000000006,0.55000000000000004,0.28360000000000002,2.0,0.0,7.0,0.0,379.0
0.0,7.0,20.0,1.0,0.76000000000000001,0.71209999999999996,0.57999999999999996,0.25370000000000004,2.0,0.0,7.0,0.0,262.0
0.0,7.0,21.0,1.0,0.73999999999999999,0.68180000000000007,0.62,0.22390000000000002,2.0,0.0,7.0,0.0,207.0
0.0,7.0,22.0,1.0,0.71999999999999997,0.68180000000000007,0.66000000000000003,0.22390000000000002,2.0,0.0,7.0,0.0,181.0
0.0,7.0,23.0,1.0,0.69999999999999996,0.66670000000000007,0.73999999999999999,0.1343,2.0,0.0,7.0,0.0,93.0
0.0,7.0,0.0,1.0,0.69999999999999996,0.66670000000000007,0.73999999999999999,0.1343,2.0,0.0,1.0,1.0,51.0
0.0,7.0,1.0,1.0,0.69999999999999996,0.66670000000000007,0.73999999999999999,0.22390000000000002,2.0,0.0,1.0,1.0,25.0
0.0,7.0,2.0,1.0,0.65999999999999992,0.60609999999999997,0.82999999999999996,0.22390000000000002,2.0,0.0,1.0,1.0,10.0
0.0,7.0,3.0,1.0,0.65999999999999992,0.60609999999999997,0.78000000000000003,0.19399999999999998,2.0,0.0,1.0,1.0,7.0
0.0,7.0,4.0,1.0,0.64000000000000001,0.59089999999999998,0.78000000000000003,0.16420000000000001,2.0,0.0,1.0,1.0,4.0
0.0,7.0,5.0,1.0,0.64000000000000001,0.59089999999999998,0.78000000000000003,0.1045,2.0,0.0,1.0,1.0,17.0
0.0,7.0,6.0,1.0,0.64000000000000001,0.57579999999999998,0.82999999999999996,0.1045,2.0,0.0,1.0,1.0,105.0
0.0,7.0,7.0,1.0,0.67999999999999994,0.63639999999999997,0.73999999999999999,0.22390000000000002,2.0,0.0,1.0,1.0,277.0
0.0,7.0,8.0,1.0,0.69999999999999996,0.65150000000000008,0.69999999999999996,0.19399999999999998,2.0,0.0,1.0,1.0,347.0
0.0,7.0,9.0,1.0,0.73999999999999999,0.69700000000000006,0.67000000000000004,0.22390000000000002,2.0,0.0,1.0,1.0,203.0
0.0,7.0,10.0,1.0,0.76000000000000001,0.71209999999999996,0.62,0.19399999999999998,2.0,0.0,1.0,1.0,130.0
0.0,7.0,11.0,1.0,0.79999999999999993,0.75760000000000005,0.55000000000000004,0.089599999999999999,2.0,0.0,1.0,1.0,141.0
0.0,7.0,12.0,1.0,0.79999999999999993,0.77269999999999994,0.58999999999999997,0.19399999999999998,2.0,0.0,1.0,1.0,165.0
0.0,7.0,13.0,1.0,0.81999999999999995,0.78790000000000004,0.56000000000000005,0.25370000000000004,2.0,0.0,1.0,1.0,152.0
0.0,7.0,14.0,1.0,0.81999999999999995,0.78790000000000004,0.56000000000000005,0.32840000000000003,2.0,0.0,1.0,1.0,138.0
0.0,7.0,15.0,1.0,0.83999999999999997,0.80299999999999994,0.53000000000000003,0.32840000000000003,2.0,0.0,1.0,1.0,164.0
0.0,7.0,16.0,1.0,0.83999999999999997,0.80299999999999994,0.53000000000000003,0.28360000000000002,2.0,0.0,1.0,1.0,265.0
0.0,7.0,17.0,1.0,0.83999999999999997,0.78790000000000004,0.48999999999999999,0.32840000000000003,2.0,0.0,1.0,1.0,545.0
0.0,7.0,18.0,1.0,0.81999999999999995,0.77269999999999994,0.48999999999999999,0.35820000000000002,2.0,0.0,1.0,1.0,558.0
0.0,7.0,19.0,1.0,0.79999999999999993,0.75760000000000005,0.55000000000000004,0.22390000000000002,2.0,0.0,1.0,1.0,398.0
0.0,7.0,20.0,1.0,0.78000000000000003,0.74239999999999995,0.58999999999999997,0.22390000000000002,2.0,0.0,1.0,1.0,323.0
0.0,7.0,21.0,1.0,0.73999999999999999,0.69700000000000006,0.66000000000000003,0.19399999999999998,2.0,0.0,1.0,1.0,202.0
0.0,7.0,22.0,1.0,0.76000000000000001,0.72730000000000006,0.66000000000000003,0.22390000000000002,2.0,0.0,1.0,1.0,140.0
0.0,7.0,23.0,1.0,0.73999999999999999,0.69700000000000006,0.66000000000000003,0.16420000000000001,2.0,0.0,1.0,1.0,91.0
0.0,7.0,0.0,1.0,0.73999999999999999,0.69700000000000006,0.66000000000000003,0.1045,2.0,0.0,2.0,1.0,51.0
0.0,7.0,1.0,2.0,0.73999999999999999,0.69700000000000006,0.66000000000000003,0.1343,2.0,0.0,2.0,1.0,13.0
0.0,7.0,2.0,1.0,0.71999999999999997,0.68180000000000007,0.69999999999999996,0.16420000000000001,2.0,0.0,2.0,1.0,13.0
0.0,7.0,3.0,1.0,0.71999999999999997,0.68180000000000007,0.69999999999999996,0.16420000000000001,2.0,0.0,2.0,1.0,3.0
0.0,7.0,4.0,1.0,0.71999999999999997,0.68180000000000007,0.69999999999999996,0.1343,2.0,0.0,2.0,1.0,5.0
0.0,7.0,5.0,2.0,0.69999999999999996,0.66670000000000007,0.73999999999999999,0.1045,2.0,0.0,2.0,1.0,19.0
0.0,7.0,6.0,2.0,0.71999999999999997,0.69700000000000006,0.73999999999999999,0.1045,2.0,0.0,2.0,1.0,134.0
0.0,7.0,7.0,2.0,0.73999999999999999,0.69700000000000006,0.69999999999999996,0.16420000000000001,2.0,0.0,2.0,1.0,315.0
0.0,7.0,8.0,2.0,0.76000000000000001,0.72730000000000006,0.69999999999999996,0.16420000000000001,2.0,0.0,2.0,1.0,412.0
0.0,7.0,9.0,2.0,0.79999999999999993,0.78790000000000004,0.63,0.1343,2.0,0.0,2.0,1.0,199.0
0.0,7.0,10.0,2.0,0.81999999999999995,0.78790000000000004,0.56000000000000005,0.16420000000000001,2.0,0.0,2.0,1.0,141.0
0.0,7.0,11.0,1.0,0.81999999999999995,0.80299999999999994,0.58999999999999997,0.0,2.0,0.0,2.0,1.0,127.0
0.0,7.0,12.0,1.0,0.83999999999999997,0.81819999999999993,0.56000000000000005,0.089599999999999999,2.0,0.0,2.0,1.0,153.0
0.0,7.0,13.0,1.0,0.85999999999999999,0.83329999999999993,0.53000000000000003,0.1045,2.0,0.0,2.0,1.0,172.0
0.0,7.0,14.0,1.0,0.85999999999999999,0.81819999999999993,0.5,0.19399999999999998,2.0,0.0,2.0,1.0,152.0
0.0,7.0,15.0,1.0,0.88,0.81819999999999993,0.44,0.19399999999999998,2.0,0.0,2.0,1.0,158.0
0.0,7.0,16.0,1.0,0.89999999999999991,0.84849999999999992,0.41999999999999998,0.29850000000000004,2.0,0.0,2.0,1.0,277.0
0.0,7.0,17.0,1.0,0.79999999999999993,0.80299999999999994,0.66000000000000003,0.0,2.0,0.0,2.0,1.0,513.0
0.0,7.0,18.0,1.0,0.79999999999999993,0.80299999999999994,0.66000000000000003,0.1343,2.0,0.0,2.0,1.0,530.0
0.0,7.0,19.0,1.0,0.76000000000000001,0.74239999999999995,0.75,0.19399999999999998,2.0,0.0,2.0,1.0,388.0
0.0,7.0,20.0,1.0,0.73999999999999999,0.72730000000000006,0.73999999999999999,0.089599999999999999,2.0,0.0,2.0,1.0,277.0
0.0,7.0,21.0,1.0,0.73999999999999999,0.71209999999999996,0.73999999999999999,0.1343,2.0,0.0,2.0,1.0,241.0
0.0,7.0,22.0,1.0,0.73999999999999999,0.71209999999999996,0.73999999999999999,0.0,2.0,0.0,2.0,1.0,156.0
0.0,7.0,23.0,3.0,0.71999999999999997,0.69700000000000006,0.79000000000000004,0.16420000000000001,2.0,0.0,2.0,1.0,92.0
0.0,7.0,0.0,1.0,0.69999999999999996,0.66670000000000007,0.83999999999999997,0.1045,2.0,0.0,3.0,1.0,40.0
0.0,7.0,1.0,1.0,0.69999999999999996,0.66670000000000007,0.83999999999999997,0.0,2.0,0.0,3.0,1.0,11.0
0.0,7.0,2.0,1.0,0.69999999999999996,0.66670000000000007,0.83999999999999997,0.0,2.0,0.0,3.0,1.0,9.0
0.0,7.0,3.0,1.0,0.69999999999999996,0.66670000000000007,0.83999999999999997,0.1045,2.0,0.0,3.0,1.0,6.0
0.0,7.0,4.0,1.0,0.67999999999999994,0.63639999999999997,0.82999999999999996,0.0,2.0,0.0,3.0,1.0,4.0
0.0,7.0,5.0,1.0,0.67999999999999994,0.63639999999999997,0.82999999999999996,0.1045,2.0,0.0,3.0,1.0,23.0
0.0,7.0,6.0,2.0,0.67999999999999994,0.63639999999999997,0.89000000000000001,0.1045,2.0,0.0,3.0,1.0,116.0
0.0,7.0,7.0,2.0,0.69999999999999996,0.66670000000000007,0.83999999999999997,0.1045,2.0,0.0,3.0,1.0,303.0
0.0,7.0,8.0,1.0,0.73999999999999999,0.71209999999999996,0.73999999999999999,0.0,2.0,0.0,3.0,1.0,438.0
0.0,7.0,9.0,1.0,0.73999999999999999,0.69700000000000006,0.69999999999999996,0.089599999999999999,2.0,0.0,3.0,1.0,209.0
0.0,7.0,10.0,1.0,0.76000000000000001,0.72730000000000006,0.69999999999999996,0.0,2.0,0.0,3.0,1.0,110.0
0.0,7.0,11.0,1.0,0.79999999999999993,0.78790000000000004,0.63,0.089599999999999999,2.0,0.0,3.0,1.0,142.0
0.0,7.0,12.0,1.0,0.81999999999999995,0.80299999999999994,0.58999999999999997,0.0,2.0,0.0,3.0,1.0,149.0
0.0,7.0,13.0,1.0,0.83999999999999997,0.81819999999999993,0.56000000000000005,0.19399999999999998,2.0,0.0,3.0,1.0,120.0
0.0,7.0,14.0,1.0,0.85999999999999999,0.83329999999999993,0.53000000000000003,0.22390000000000002,2.0,0.0,3.0,1.0,127.0
0.0,7.0,15.0,1.0,0.85999999999999999,0.81819999999999993,0.5,0.16420000000000001,2.0,0.0,3.0,1.0,138.0
0.0,7.0,16.0,1.0,0.83999999999999997,0.81819999999999993,0.56000000000000005,0.0,2.0,0.0,3.0,1.0,234.0
0.0,7.0,17.0,1.0,0.83999999999999997,0.83329999999999993,0.58999999999999997,0.19399999999999998,2.0,0.0,3.0,1.0,455.0
0.0,7.0,18.0,1.0,0.83999999999999997,0.83329999999999993,0.58999999999999997,0.22390000000000002,2.0,0.0,3.0,1.0,497.0
0.0,7.0,19.0,1.0,0.81999999999999995,0.84849999999999992,0.67000000000000004,0.16420000000000001,2.0,0.0,3.0,1.0,382.0
0.0,7.0,20.0,1.0,0.79999999999999993,0.83329999999999993,0.75,0.22390000000000002,2.0,0.0,3.0,1.0,309.0
0.0,7.0,21.0,1.0,0.79999999999999993,0.80299999999999994,0.66000000000000003,0.16420000000000001,2.0,0.0,3.0,1.0,242.0
0.0,7.0,22.0,1.0,0.78000000000000003,0.77269999999999994,0.69999999999999996,0.22390000000000002,2.0,0.0,3.0,1.0,169.0
0.0,7.0,23.0,1.0,0.76000000000000001,0.74239999999999995,0.75,0.25370000000000004,2.0,0.0,3.0,1.0,99.0
0.0,7.0,0.0,2.0,0.76000000000000001,0.74239999999999995,0.75,0.19399999999999998,2.0,0.0,4.0,1.0,42.0
0.0,7.0,1.0,2.0,0.73999999999999999,0.72730000000000006,0.83999999999999997,0.22390000000000002,2.0,0.0,4.0,1.0,21.0
0.0,7.0,2.0,2.0,0.73999999999999999,0.72730000000000006,0.83999999999999997,0.22390000000000002,2.0,0.0,4.0,1.0,6.0
0.0,7.0,3.0,2.0,0.73999999999999999,0.71209999999999996,0.79000000000000004,0.1343,2.0,0.0,4.0,1.0,6.0
0.0,7.0,4.0,2.0,0.71999999999999997,0.71209999999999996,0.83999999999999997,0.1045,2.0,0.0,4.0,1.0,4.0
0.0,7.0,5.0,2.0,0.71999999999999997,0.71209999999999996,0.83999999999999997,0.1045,2.0,0.0,4.0,1.0,18.0
0.0,7.0,6.0,2.0,0.71999999999999997,0.71209999999999996,0.83999999999999997,0.1045,2.0,0.0,4.0,1.0,117.0
0.0,7.0,7.0,2.0,0.73999999999999999,0.72730000000000006,0.83999999999999997,0.1343,2.0,0.0,4.0,1.0,274.0
0.0,7.0,8.0,2.0,0.76000000000000001,0.75760000000000005,0.79000000000000004,0.16420000000000001,2.0,0.0,4.0,1.0,381.0
0.0,7.0,9.0,2.0,0.79999999999999993,0.81819999999999993,0.75,0.25370000000000004,2.0,0.0,4.0,1.0,200.0
0.0,7.0,10.0,2.0,0.81999999999999995,0.86360000000000003,0.70999999999999996,0.22390000000000002,2.0,0.0,4.0,1.0,78.0
0.0,7.0,11.0,2.0,0.85999999999999999,0.89390000000000003,0.63,0.29850000000000004,2.0,0.0,4.0,1.0,106.0
0.0,7.0,12.0,1.0,0.88,0.89390000000000003,0.56000000000000005,0.32840000000000003,2.0,0.0,4.0,1.0,135.0
0.0,7.0,13.0,1.0,0.88,0.89390000000000003,0.56000000000000005,0.29850000000000004,2.0,0.0,4.0,1.0,102.0
0.0,7.0,14.0,1.0,0.89999999999999991,0.89390000000000003,0.5,0.35820000000000002,2.0,0.0,4.0,1.0,147.0
0.0,7.0,15.0,1.0,0.89999999999999991,0.92420000000000002,0.53000000000000003,0.25370000000000004,2.0,0.0,4.0,1.0,133.0
0.0,7.0,16.0,1.0,0.91999999999999993,0.92420000000000002,0.47999999999999998,0.28360000000000002,2.0,0.0,4.0,1.0,210.0
0.0,7.0,17.0,1.0,0.91999999999999993,0.90910000000000002,0.45000000000000001,0.29850000000000004,2.0,0.0,4.0,1.0,414.0
0.0,7.0,18.0,1.0,0.89999999999999991,0.89390000000000003,0.5,0.28360000000000002,2.0,0.0,4.0,1.0,382.0
0.0,7.0,19.0,1.0,0.85999999999999999,0.92420000000000002,0.67000000000000004,0.28360000000000002,2.0,0.0,4.0,1.0,284.0
0.0,7.0,20.0,1.0,0.83999999999999997,0.89390000000000003,0.70999999999999996,0.22390000000000002,2.0,0.0,4.0,1.0,237.0
0.0,7.0,21.0,1.0,0.81999999999999995,0.89390000000000003,0.75,0.22390000000000002,2.0,0.0,4.0,1.0,225.0
0.0,7.0,22.0,1.0,0.81999999999999995,0.86360000000000003,0.70999999999999996,0.16420000000000001,2.0,0.0,4.0,1.0,149.0
0.0,7.0,23.0,1.0,0.79999999999999993,0.81819999999999993,0.70999999999999996,0.16420000000000001,2.0,0.0,4.0,1.0,113.0
0.0,7.0,0.0,1.0,0.81999999999999995,0.83329999999999993,0.63,0.1343,2.0,0.0,5.0,1.0,60.0
0.0,7.0,1.0,1.0,0.79999999999999993,0.78790000000000004,0.63,0.0,2.0,0.0,5.0,1.0,24.0
0.0,7.0,2.0,1.0,0.78000000000000003,0.80299999999999994,0.79000000000000004,0.1343,2.0,0.0,5.0,1.0,14.0
0.0,7.0,3.0,1.0,0.78000000000000003,0.78790000000000004,0.75,0.1045,2.0,0.0,5.0,1.0,7.0
0.0,7.0,4.0,1.0,0.76000000000000001,0.74239999999999995,0.75,0.1045,2.0,0.0,5.0,1.0,13.0
0.0,7.0,5.0,1.0,0.73999999999999999,0.71209999999999996,0.79000000000000004,0.1045,2.0,0.0,5.0,1.0,19.0
0.0,7.0,6.0,1.0,0.76000000000000001,0.74239999999999995,0.75,0.089599999999999999,2.0,0.0,5.0,1.0,96.0
0.0,7.0,7.0,2.0,0.79999999999999993,0.80299999999999994,0.66000000000000003,0.1045,2.0,0.0,5.0,1.0,252.0
0.0,7.0,8.0,2.0,0.83999999999999997,0.84849999999999992,0.63,0.16420000000000001,2.0,0.0,5.0,1.0,322.0
0.0,7.0,9.0,1.0,0.85999999999999999,0.89390000000000003,0.63,0.089599999999999999,2.0,0.0,5.0,1.0,208.0
0.0,7.0,10.0,1.0,0.89999999999999991,0.92420000000000002,0.53000000000000003,0.089599999999999999,2.0,0.0,5.0,1.0,115.0
0.0,7.0,11.0,1.0,0.89999999999999991,0.89390000000000003,0.5,0.1045,2.0,0.0,5.0,1.0,109.0
0.0,7.0,12.0,1.0,0.93999999999999995,0.95450000000000002,0.47999999999999998,0.16420000000000001,2.0,0.0,5.0,1.0,115.0
0.0,7.0,13.0,1.0,0.93999999999999995,0.98480000000000001,0.51000000000000001,0.16420000000000001,2.0,0.0,5.0,1.0,123.0
0.0,7.0,14.0,1.0,0.95999999999999996,1.0,0.47999999999999998,0.29850000000000004,2.0,0.0,5.0,1.0,101.0
0.0,7.0,15.0,1.0,0.93999999999999995,0.98480000000000001,0.51000000000000001,0.29850000000000004,2.0,0.0,5.0,1.0,133.0
0.0,7.0,16.0,3.0,0.89999999999999991,0.83329999999999993,0.39000000000000001,0.29850000000000004,2.0,0.0,5.0,1.0,182.0
0.0,7.0,17.0,1.0,0.88,0.84849999999999992,0.46999999999999997,0.1045,2.0,0.0,5.0,1.0,306.0
0.0,7.0,18.0,1.0,0.89999999999999991,0.81819999999999993,0.37,0.16420000000000001,2.0,0.0,5.0,1.0,284.0
0.0,7.0,19.0,2.0,0.85999999999999999,0.78790000000000004,0.40999999999999998,0.1045,2.0,0.0,5.0,1.0,250.0
0.0,7.0,20.0,1.0,0.83999999999999997,0.81819999999999993,0.56000000000000005,0.0,2.0,0.0,5.0,1.0,212.0
0.0,7.0,21.0,1.0,0.81999999999999995,0.80299999999999994,0.58999999999999997,0.089599999999999999,2.0,0.0,5.0,1.0,190.0
0.0,7.0,22.0,2.0,0.83999999999999997,0.78790000000000004,0.48999999999999999,0.089599999999999999,2.0,0.0,5.0,1.0,149.0
0.0,7.0,23.0,1.0,0.79999999999999993,0.78790000000000004,0.63,0.19399999999999998,2.0,0.0,5.0,1.0,103.0
0.0,7.0,0.0,1.0,0.81999999999999995,0.78790000000000004,0.56000000000000005,0.0,2.0,0.0,6.0,0.0,101.0
0.0,7.0,1.0,1.0,0.81999999999999995,0.77269999999999994,0.52000000000000002,0.1045,2.0,0.0,6.0,0.0,70.0
0.0,7.0,2.0,1.0,0.81999999999999995,0.77269999999999994,0.52000000000000002,0.0,2.0,0.0,6.0,0.0,61.0
0.0,7.0,3.0,1.0,0.78000000000000003,0.75760000000000005,0.66000000000000003,0.089599999999999999,2.0,0.0,6.0,0.0,22.0
0.0,7.0,4.0,1.0,0.76000000000000001,0.72730000000000006,0.66000000000000003,0.1045,2.0,0.0,6.0,0.0,9.0
0.0,7.0,5.0,1.0,0.76000000000000001,0.71209999999999996,0.62,0.1343,2.0,0.0,6.0,0.0,7.0
0.0,7.0,6.0,1.0,0.79999999999999993,0.74239999999999995,0.52000000000000002,0.1343,2.0,0.0,6.0,0.0,25.0
0.0,7.0,7.0,1.0,0.79999999999999993,0.74239999999999995,0.52000000000000002,0.1045,2.0,0.0,6.0,0.0,45.0
0.0,7.0,8.0,1.0,0.83999999999999997,0.78790000000000004,0.48999999999999999,0.25370000000000004,2.0,0.0,6.0,0.0,109.0
0.0,7.0,9.0,1.0,0.83999999999999997,0.78790000000000004,0.48999999999999999,0.16420000000000001,2.0,0.0,6.0,0.0,132.0
0.0,7.0,10.0,1.0,0.85999999999999999,0.78790000000000004,0.40999999999999998,0.22390000000000002,2.0,0.0,6.0,0.0,198.0
0.0,7.0,11.0,1.0,0.89999999999999991,0.81819999999999993,0.37,0.19399999999999998,2.0,0.0,6.0,0.0,216.0
0.0,7.0,12.0,1.0,0.91999999999999993,0.86360000000000003,0.37,0.1045,2.0,0.0,6.0,0.0,235.0
0.0,7.0,13.0,1.0,0.93999999999999995,0.87879999999999991,0.38,0.16420000000000001,2.0,0.0,6.0,0.0,245.0
0.0,7.0,14.0,1.0,0.91999999999999993,0.89390000000000003,0.41999999999999998,0.0,2.0,0.0,6.0,0.0,236.0
0.0,7.0,15.0,1.0,0.93999999999999995,0.87879999999999991,0.38,0.0,2.0,0.0,6.0,0.0,215.0
0.0,7.0,16.0,1.0,0.93999999999999995,0.87879999999999991,0.38,0.1343,2.0,0.0,6.0,0.0,221.0
0.0,7.0,17.0,1.0,0.93999999999999995,0.87879999999999991,0.38,0.1343,2.0,0.0,6.0,0.0,197.0
0.0,7.0,18.0,1.0,0.91999999999999993,0.87879999999999991,0.40000000000000002,0.22390000000000002,2.0,0.0,6.0,0.0,196.0
0.0,7.0,19.0,2.0,0.81999999999999995,0.80299999999999994,0.58999999999999997,0.1343,2.0,0.0,6.0,0.0,217.0
0.0,7.0,20.0,1.0,0.81999999999999995,0.80299999999999994,0.58999999999999997,0.22390000000000002,2.0,0.0,6.0,0.0,145.0
0.0,7.0,21.0,1.0,0.81999999999999995,0.80299999999999994,0.58999999999999997,0.22390000000000002,2.0,0.0,6.0,0.0,154.0
0.0,7.0,22.0,1.0,0.79999999999999993,0.77269999999999994,0.58999999999999997,0.19399999999999998,2.0,0.0,6.0,0.0,125.0
0.0,7.0,23.0,1.0,0.79999999999999993,0.77269999999999994,0.58999999999999997,0.1045,2.0,0.0,6.0,0.0,104.0
0.0,7.0,0.0,1.0,0.79999999999999993,0.77269999999999994,0.58999999999999997,0.1045,2.0,0.0,7.0,0.0,119.0
0.0,7.0,1.0,1.0,0.78000000000000003,0.75760000000000005,0.66000000000000003,0.1045,2.0,0.0,7.0,0.0,96.0
0.0,7.0,2.0,1.0,0.79999999999999993,0.78790000000000004,0.63,0.089599999999999999,2.0,0.0,7.0,0.0,60.0
0.0,7.0,3.0,1.0,0.79999999999999993,0.78790000000000004,0.63,0.089599999999999999,2.0,0.0,7.0,0.0,37.0
0.0,7.0,4.0,1.0,0.78000000000000003,0.75760000000000005,0.66000000000000003,0.1045,2.0,0.0,7.0,0.0,6.0
0.0,7.0,5.0,1.0,0.78000000000000003,0.75760000000000005,0.66000000000000003,0.089599999999999999,2.0,0.0,7.0,0.0,8.0
0.0,7.0,6.0,2.0,0.79999999999999993,0.78790000000000004,0.63,0.089599999999999999,2.0,0.0,7.0,0.0,22.0
0.0,7.0,7.0,1.0,0.79999999999999993,0.77269999999999994,0.58999999999999997,0.1343,2.0,0.0,7.0,0.0,35.0
0.0,7.0,8.0,1.0,0.81999999999999995,0.78790000000000004,0.56000000000000005,0.28360000000000002,2.0,0.0,7.0,0.0,104.0
0.0,7.0,9.0,1.0,0.81999999999999995,0.78790000000000004,0.56000000000000005,0.3881,2.0,0.0,7.0,0.0,154.0
0.0,7.0,10.0,1.0,0.85999999999999999,0.81819999999999993,0.5,0.32840000000000003,2.0,0.0,7.0,0.0,226.0
0.0,7.0,11.0,1.0,0.83999999999999997,0.80299999999999994,0.53000000000000003,0.25370000000000004,2.0,0.0,7.0,0.0,243.0
0.0,7.0,12.0,1.0,0.89999999999999991,0.86360000000000003,0.45000000000000001,0.16420000000000001,2.0,0.0,7.0,0.0,246.0
0.0,7.0,13.0,1.0,0.85999999999999999,0.80299999999999994,0.46999999999999997,0.22390000000000002,2.0,0.0,7.0,0.0,252.0
0.0,7.0,14.0,1.0,0.85999999999999999,0.81819999999999993,0.5,0.28360000000000002,2.0,0.0,7.0,0.0,283.0
0.0,7.0,15.0,1.0,0.89999999999999991,0.84849999999999992,0.41999999999999998,0.25370000000000004,2.0,0.0,7.0,0.0,238.0
0.0,7.0,16.0,1.0,0.89999999999999991,0.84849999999999992,0.41999999999999998,0.25370000000000004,2.0,0.0,7.0,0.0,249.0
0.0,7.0,17.0,1.0,0.89999999999999991,0.83329999999999993,0.39000000000000001,0.1045,2.0,0.0,7.0,0.0,249.0
0.0,7.0,18.0,1.0,0.88,0.81819999999999993,0.41999999999999998,0.16420000000000001,2.0,0.0,7.0,0.0,243.0
0.0,7.0,19.0,1.0,0.85999999999999999,0.80299999999999994,0.46999999999999997,0.16420000000000001,2.0,0.0,7.0,0.0,240.0
0.0,7.0,20.0,1.0,0.83999999999999997,0.78790000000000004,0.48999999999999999,0.16420000000000001,2.0,0.0,7.0,0.0,195.0
0.0,7.0,21.0,1.0,0.79999999999999993,0.78790000000000004,0.63,0.1343,2.0,0.0,7.0,0.0,153.0
0.0,7.0,22.0,1.0,0.78000000000000003,0.75760000000000005,0.66000000000000003,0.0,2.0,0.0,7.0,0.0,98.0
0.0,7.0,23.0,2.0,0.76000000000000001,0.72730000000000006,0.69999999999999996,0.089599999999999999,2.0,0.0,7.0,0.0,50.0
0.0,7.0,0.0,2.0,0.76000000000000001,0.72730000000000006,0.69999999999999996,0.0,2.0,0.0,1.0,1.0,34.0
0.0,7.0,1.0,2.0,0.76000000000000001,0.74239999999999995,0.75,0.089599999999999999,2.0,0.0,1.0,1.0,12.0
0.0,7.0,2.0,2.0,0.73999999999999999,0.71209999999999996,0.79000000000000004,0.089599999999999999,2.0,0.0,1.0,1.0,6.0
0.0,7.0,3.0,1.0,0.73999999999999999,0.71209999999999996,0.79000000000000004,0.0,2.0,0.0,1.0,1.0,4.0
0.0,7.0,4.0,1.0,0.71999999999999997,0.71209999999999996,0.83999999999999997,0.089599999999999999,2.0,0.0,1.0,1.0,6.0
0.0,7.0,5.0,1.0,0.71999999999999997,0.71209999999999996,0.83999999999999997,0.089599999999999999,2.0,0.0,1.0,1.0,24.0
0.0,7.0,6.0,2.0,0.71999999999999997,0.71209999999999996,0.83999999999999997,0.089599999999999999,2.0,0.0,1.0,1.0,107.0
0.0,7.0,7.0,2.0,0.73999999999999999,0.71209999999999996,0.79000000000000004,0.0,2.0,0.0,1.0,1.0,277.0
0.0,7.0,8.0,2.0,0.76000000000000001,0.74239999999999995,0.75,0.0,2.0,0.0,1.0,1.0,387.0
0.0,7.0,9.0,1.0,0.79999999999999993,0.80299999999999994,0.66000000000000003,0.0,2.0,0.0,1.0,1.0,135.0
0.0,7.0,10.0,1.0,0.81999999999999995,0.80299999999999994,0.58999999999999997,0.0,2.0,0.0,1.0,1.0,84.0
0.0,7.0,11.0,2.0,0.83999999999999997,0.83329999999999993,0.58999999999999997,0.19399999999999998,2.0,0.0,1.0,1.0,107.0
0.0,7.0,12.0,2.0,0.83999999999999997,0.83329999999999993,0.58999999999999997,0.19399999999999998,2.0,0.0,1.0,1.0,67.0
0.0,7.0,13.0,2.0,0.73999999999999999,0.71209999999999996,0.73999999999999999,0.1343,2.0,0.0,1.0,1.0,78.0
0.0,7.0,14.0,2.0,0.71999999999999997,0.69700000000000006,0.79000000000000004,0.19399999999999998,2.0,0.0,1.0,1.0,90.0
0.0,7.0,15.0,1.0,0.69999999999999996,0.66670000000000007,0.83999999999999997,0.3881,2.0,0.0,1.0,1.0,112.0
0.0,7.0,16.0,1.0,0.69999999999999996,0.66670000000000007,0.83999999999999997,0.22390000000000002,2.0,0.0,1.0,1.0,198.0
0.0,7.0,17.0,1.0,0.71999999999999997,0.69700000000000006,0.73999999999999999,0.0,2.0,0.0,1.0,1.0,485.0
0.0,7.0,18.0,1.0,0.73999999999999999,0.71209999999999996,0.73999999999999999,0.089599999999999999,2.0,0.0,1.0,1.0,533.0
0.0,7.0,19.0,1.0,0.73999999999999999,0.69700000000000006,0.69999999999999996,0.089599999999999999,2.0,0.0,1.0,1.0,386.0
0.0,7.0,20.0,1.0,0.71999999999999997,0.69700000000000006,0.73999999999999999,0.1343,2.0,0.0,1.0,1.0,302.0
0.0,7.0,21.0,1.0,0.69999999999999996,0.66670000000000007,0.83999999999999997,0.0,2.0,0.0,1.0,1.0,194.0
0.0,7.0,22.0,1.0,0.69999999999999996,0.66670000000000007,0.83999999999999997,0.0,2.0,0.0,1.0,1.0,125.0
0.0,7.0,23.0,1.0,0.69999999999999996,0.66670000000000007,0.83999999999999997,0.089599999999999999,2.0,0.0,1.0,1.0,87.0
0.0,7.0,0.0,1.0,0.69999999999999996,0.66670000000000007,0.79000000000000004,0.1045,2.0,0.0,2.0,1.0,28.0
0.0,7.0,1.0,1.0,0.69999999999999996,0.66670000000000007,0.79000000000000004,0.1045,2.0,0.0,2.0,1.0,12.0
0.0,7.0,2.0,1.0,0.67999999999999994,0.63639999999999997,0.89000000000000001,0.1045,2.0,0.0,2.0,1.0,7.0
0.0,7.0,3.0,1.0,0.67999999999999994,0.63639999999999997,0.89000000000000001,0.1343,2.0,0.0,2.0,1.0,4.0
0.0,7.0,4.0,1.0,0.67999999999999994,0.63639999999999997,0.88,0.16420000000000001,2.0,0.0,2.0,1.0,6.0
0.0,7.0,5.0,1.0,0.65999999999999992,0.59089999999999998,0.89000000000000001,0.089599999999999999,2.0,0.0,2.0,1.0,27.0
0.0,7.0,6.0,1.0,0.67999999999999994,0.63639999999999997,0.82999999999999996,0.22390000000000002,2.0,0.0,2.0,1.0,110.0
0.0,7.0,7.0,1.0,0.71999999999999997,0.68180000000000007,0.66000000000000003,0.28360000000000002,2.0,0.0,2.0,1.0,318.0
0.0,7.0,8.0,1.0,0.73999999999999999,0.68180000000000007,0.55000000000000004,0.19399999999999998,2.0,0.0,2.0,1.0,424.0
0.0,7.0,9.0,1.0,0.76000000000000001,0.68180000000000007,0.40000000000000002,0.22390000000000002,2.0,0.0,2.0,1.0,187.0
0.0,7.0,10.0,1.0,0.79999999999999993,0.69700000000000006,0.31,0.22390000000000002,2.0,0.0,2.0,1.0,138.0
0.0,7.0,11.0,1.0,0.81999999999999995,0.71209999999999996,0.29999999999999999,0.0,2.0,0.0,2.0,1.0,151.0
0.0,7.0,12.0,1.0,0.83999999999999997,0.72730000000000006,0.28000000000000003,0.0,2.0,0.0,2.0,1.0,147.0
0.0,7.0,13.0,1.0,0.83999999999999997,0.72730000000000006,0.32000000000000001,0.29850000000000004,2.0,0.0,2.0,1.0,182.0
0.0,7.0,14.0,1.0,0.85999999999999999,0.74239999999999995,0.29999999999999999,0.28360000000000002,2.0,0.0,2.0,1.0,147.0
0.0,7.0,15.0,1.0,0.88,0.75760000000000005,0.28000000000000003,0.32840000000000003,2.0,0.0,2.0,1.0,163.0
0.0,7.0,16.0,1.0,0.85999999999999999,0.75760000000000005,0.35999999999999999,0.28360000000000002,2.0,0.0,2.0,1.0,254.0
0.0,7.0,17.0,1.0,0.85999999999999999,0.75760000000000005,0.35999999999999999,0.35820000000000002,2.0,0.0,2.0,1.0,537.0
0.0,7.0,18.0,1.0,0.83999999999999997,0.74239999999999995,0.39000000000000001,0.3881,2.0,0.0,2.0,1.0,546.0
0.0,7.0,19.0,1.0,0.81999999999999995,0.74239999999999995,0.42999999999999999,0.29850000000000004,2.0,0.0,2.0,1.0,398.0
0.0,7.0,20.0,1.0,0.79999999999999993,0.72730000000000006,0.46000000000000002,0.25370000000000004,2.0,0.0,2.0,1.0,290.0
0.0,7.0,21.0,1.0,0.78000000000000003,0.71209999999999996,0.48999999999999999,0.22390000000000002,2.0,0.0,2.0,1.0,267.0
0.0,7.0,22.0,1.0,0.76000000000000001,0.69700000000000006,0.55000000000000004,0.1343,2.0,0.0,2.0,1.0,158.0
0.0,7.0,23.0,1.0,0.76000000000000001,0.71209999999999996,0.57999999999999996,0.1045,2.0,0.0,2.0,1.0,89.0
0.0,7.0,0.0,2.0,0.78000000000000003,0.71209999999999996,0.52000000000000002,0.16420000000000001,2.0,0.0,3.0,1.0,45.0
0.0,7.0,1.0,1.0,0.78000000000000003,0.71209999999999996,0.48999999999999999,0.19399999999999998,2.0,0.0,3.0,1.0,10.0
0.0,7.0,2.0,1.0,0.76000000000000001,0.69700000000000006,0.52000000000000002,0.29850000000000004,2.0,0.0,3.0,1.0,6.0
0.0,7.0,3.0,1.0,0.71999999999999997,0.66670000000000007,0.57999999999999996,0.16420000000000001,2.0,0.0,3.0,1.0,4.0
0.0,7.0,4.0,1.0,0.71999999999999997,0.66670000000000007,0.51000000000000001,0.19399999999999998,2.0,0.0,3.0,1.0,4.0
0.0,7.0,5.0,1.0,0.69999999999999996,0.65150000000000008,0.54000000000000004,0.28360000000000002,2.0,0.0,3.0,1.0,18.0
0.0,7.0,6.0,1.0,0.69999999999999996,0.65150000000000008,0.54000000000000004,0.22390000000000002,2.0,0.0,3.0,1.0,123.0
0.0,7.0,7.0,1.0,0.71999999999999997,0.66670000000000007,0.47999999999999998,0.25370000000000004,2.0,0.0,3.0,1.0,347.0
0.0,7.0,8.0,1.0,0.73999999999999999,0.66670000000000007,0.41999999999999998,0.25370000000000004,2.0,0.0,3.0,1.0,433.0
0.0,7.0,9.0,1.0,0.76000000000000001,0.66670000000000007,0.34999999999999998,0.25370000000000004,2.0,0.0,3.0,1.0,216.0
0.0,7.0,10.0,1.0,0.78000000000000003,0.68180000000000007,0.33000000000000002,0.0,2.0,0.0,3.0,1.0,114.0
0.0,7.0,11.0,1.0,0.79999999999999993,0.69700000000000006,0.31,0.0,2.0,0.0,3.0,1.0,136.0
0.0,7.0,12.0,1.0,0.81999999999999995,0.71209999999999996,0.29999999999999999,0.28360000000000002,2.0,0.0,3.0,1.0,169.0
0.0,7.0,13.0,1.0,0.83999999999999997,0.72730000000000006,0.29999999999999999,0.35820000000000002,2.0,0.0,3.0,1.0,180.0
0.0,7.0,14.0,1.0,0.83999999999999997,0.72730000000000006,0.28000000000000003,0.22390000000000002,2.0,0.0,3.0,1.0,127.0
0.0,7.0,15.0,1.0,0.85999999999999999,0.74239999999999995,0.26000000000000001,0.25370000000000004,2.0,0.0,3.0,1.0,140.0
0.0,7.0,16.0,1.0,0.85999999999999999,0.72730000000000006,0.25,0.16420000000000001,2.0,0.0,3.0,1.0,268.0
0.0,7.0,17.0,1.0,0.83999999999999997,0.71209999999999996,0.26000000000000001,0.22390000000000002,2.0,0.0,3.0,1.0,572.0
0.0,7.0,18.0,1.0,0.81999999999999995,0.71209999999999996,0.28000000000000003,0.1045,2.0,0.0,3.0,1.0,541.0
0.0,7.0,19.0,1.0,0.79999999999999993,0.69700000000000006,0.28999999999999998,0.089599999999999999,2.0,0.0,3.0,1.0,375.0
0.0,7.0,20.0,1.0,0.76000000000000001,0.68180000000000007,0.45000000000000001,0.22390000000000002,2.0,0.0,3.0,1.0,294.0
0.0,7.0,21.0,1.0,0.73999999999999999,0.66670000000000007,0.47999999999999998,0.1045,2.0,0.0,3.0,1.0,245.0
0.0,7.0,22.0,1.0,0.71999999999999997,0.66670000000000007,0.47999999999999998,0.0,2.0,0.0,3.0,1.0,180.0
0.0,7.0,23.0,1.0,0.73999999999999999,0.66670000000000007,0.45000000000000001,0.089599999999999999,2.0,0.0,3.0,1.0,109.0
0.0,7.0,0.0,1.0,0.69999999999999996,0.65150000000000008,0.51000000000000001,0.1343,2.0,0.0,4.0,1.0,45.0
0.0,7.0,1.0,1.0,0.71999999999999997,0.66670000000000007,0.51000000000000001,0.0,2.0,0.0,4.0,1.0,29.0
0.0,7.0,2.0,1.0,0.71999999999999997,0.66670000000000007,0.54000000000000004,0.1045,2.0,0.0,4.0,1.0,7.0
0.0,7.0,3.0,1.0,0.71999999999999997,0.66670000000000007,0.54000000000000004,0.0,2.0,0.0,4.0,1.0,5.0
0.0,7.0,4.0,1.0,0.69999999999999996,0.65150000000000008,0.60999999999999999,0.1045,2.0,0.0,4.0,1.0,6.0
0.0,7.0,5.0,1.0,0.69999999999999996,0.65150000000000008,0.65000000000000002,0.1045,2.0,0.0,4.0,1.0,27.0
0.0,7.0,6.0,1.0,0.69999999999999996,0.65150000000000008,0.69999999999999996,0.089599999999999999,2.0,0.0,4.0,1.0,116.0
0.0,7.0,7.0,1.0,0.71999999999999997,0.68180000000000007,0.69999999999999996,0.16420000000000001,2.0,0.0,4.0,1.0,305.0
0.0,7.0,8.0,1.0,0.73999999999999999,0.69700000000000006,0.66000000000000003,0.16420000000000001,2.0,0.0,4.0,1.0,456.0
0.0,7.0,9.0,1.0,0.78000000000000003,0.74239999999999995,0.58999999999999997,0.19399999999999998,2.0,0.0,4.0,1.0,210.0
0.0,7.0,10.0,1.0,0.79999999999999993,0.75760000000000005,0.55000000000000004,0.28360000000000002,2.0,0.0,4.0,1.0,116.0
0.0,7.0,11.0,1.0,0.83999999999999997,0.81819999999999993,0.56000000000000005,0.28360000000000002,2.0,0.0,4.0,1.0,154.0
0.0,7.0,12.0,1.0,0.83999999999999997,0.80299999999999994,0.53000000000000003,0.25370000000000004,2.0,0.0,4.0,1.0,186.0
0.0,7.0,13.0,1.0,0.85999999999999999,0.80299999999999994,0.46999999999999997,0.25370000000000004,2.0,0.0,4.0,1.0,152.0
0.0,7.0,14.0,2.0,0.83999999999999997,0.78790000000000004,0.48999999999999999,0.25370000000000004,2.0,0.0,4.0,1.0,138.0
0.0,7.0,15.0,1.0,0.85999999999999999,0.81819999999999993,0.5,0.19399999999999998,2.0,0.0,4.0,1.0,146.0
0.0,7.0,16.0,1.0,0.85999999999999999,0.80299999999999994,0.46999999999999997,0.16420000000000001,2.0,0.0,4.0,1.0,256.0
0.0,7.0,17.0,1.0,0.83999999999999997,0.80299999999999994,0.53000000000000003,0.19399999999999998,2.0,0.0,4.0,1.0,468.0
0.0,7.0,18.0,1.0,0.83999999999999997,0.81819999999999993,0.56000000000000005,0.22390000000000002,2.0,0.0,4.0,1.0,483.0
0.0,7.0,19.0,1.0,0.81999999999999995,0.80299999999999994,0.58999999999999997,0.19399999999999998,2.0,0.0,4.0,1.0,322.0
0.0,7.0,20.0,1.0,0.79999999999999993,0.78790000000000004,0.63,0.19399999999999998,2.0,0.0,4.0,1.0,270.0
0.0,7.0,21.0,1.0,0.78000000000000003,0.75760000000000005,0.66000000000000003,0.28360000000000002,2.0,0.0,4.0,1.0,196.0
0.0,7.0,22.0,1.0,0.76000000000000001,0.72730000000000006,0.69999999999999996,0.25370000000000004,2.0,0.0,4.0,1.0,174.0
0.0,7.0,23.0,1.0,0.76000000000000001,0.74239999999999995,0.75,0.19399999999999998,2.0,0.0,4.0,1.0,123.0
0.0,7.0,0.0,1.0,0.73999999999999999,0.71209999999999996,0.79000000000000004,0.16420000000000001,2.0,0.0,5.0,1.0,57.0
0.0,7.0,1.0,1.0,0.73999999999999999,0.71209999999999996,0.79000000000000004,0.1343,2.0,0.0,5.0,1.0,34.0
0.0,7.0,2.0,1.0,0.73999999999999999,0.71209999999999996,0.79000000000000004,0.0,2.0,0.0,5.0,1.0,13.0
0.0,7.0,3.0,1.0,0.73999999999999999,0.71209999999999996,0.79000000000000004,0.0,2.0,0.0,5.0,1.0,11.0
0.0,7.0,4.0,1.0,0.71999999999999997,0.71209999999999996,0.83999999999999997,0.1343,2.0,0.0,5.0,1.0,6.0
0.0,7.0,5.0,1.0,0.71999999999999997,0.71209999999999996,0.83999999999999997,0.0,2.0,0.0,5.0,1.0,27.0
0.0,7.0,6.0,2.0,0.71999999999999997,0.71209999999999996,0.83999999999999997,0.0,2.0,0.0,5.0,1.0,90.0
0.0,7.0,7.0,2.0,0.73999999999999999,0.71209999999999996,0.79000000000000004,0.089599999999999999,2.0,0.0,5.0,1.0,254.0
0.0,7.0,8.0,2.0,0.76000000000000001,0.77269999999999994,0.77000000000000002,0.0,2.0,0.0,5.0,1.0,384.0
0.0,7.0,9.0,1.0,0.85999999999999999,0.80299999999999994,0.46999999999999997,0.25370000000000004,2.0,0.0,5.0,1.0,179.0
0.0,7.0,10.0,1.0,0.89999999999999991,0.84849999999999992,0.41999999999999998,0.28360000000000002,2.0,0.0,5.0,1.0,106.0
0.0,7.0,11.0,1.0,0.91999999999999993,0.87879999999999991,0.40000000000000002,0.29850000000000004,2.0,0.0,5.0,1.0,161.0
0.0,7.0,12.0,1.0,0.95999999999999996,0.86360000000000003,0.31,0.28360000000000002,2.0,0.0,5.0,1.0,135.0
0.0,7.0,13.0,1.0,0.93999999999999995,0.83329999999999993,0.31,0.0,2.0,0.0,5.0,1.0,156.0
0.0,7.0,14.0,1.0,0.95999999999999996,0.86360000000000003,0.29999999999999999,0.22390000000000002,2.0,0.0,5.0,1.0,148.0
0.0,7.0,15.0,1.0,0.95999999999999996,0.86360000000000003,0.29999999999999999,0.25370000000000004,2.0,0.0,5.0,1.0,169.0
0.0,7.0,16.0,1.0,0.95999999999999996,0.86360000000000003,0.29999999999999999,0.3881,2.0,0.0,5.0,1.0,233.0
0.0,7.0,17.0,1.0,0.95999999999999996,0.86360000000000003,0.29999999999999999,0.29850000000000004,2.0,0.0,5.0,1.0,421.0
0.0,7.0,18.0,1.0,0.91999999999999993,0.86360000000000003,0.37,0.32840000000000003,2.0,0.0,5.0,1.0,362.0
0.0,7.0,19.0,1.0,0.89999999999999991,0.84849999999999992,0.41999999999999998,0.22390000000000002,2.0,0.0,5.0,1.0,241.0
0.0,7.0,20.0,1.0,0.85999999999999999,0.78790000000000004,0.40999999999999998,0.32840000000000003,2.0,0.0,5.0,1.0,206.0
0.0,7.0,21.0,1.0,0.81999999999999995,0.75760000000000005,0.46000000000000002,0.16420000000000001,2.0,0.0,5.0,1.0,163.0
0.0,7.0,22.0,1.0,0.79999999999999993,0.74239999999999995,0.48999999999999999,0.22390000000000002,2.0,0.0,5.0,1.0,174.0
0.0,7.0,23.0,1.0,0.78000000000000003,0.71209999999999996,0.52000000000000002,0.1045,2.0,0.0,5.0,1.0,116.0
0.0,7.0,0.0,1.0,0.76000000000000001,0.69700000000000006,0.55000000000000004,0.19399999999999998,2.0,0.0,6.0,0.0,133.0
0.0,7.0,1.0,1.0,0.76000000000000001,0.69700000000000006,0.55000000000000004,0.089599999999999999,2.0,0.0,6.0,0.0,90.0
0.0,7.0,2.0,1.0,0.76000000000000001,0.69700000000000006,0.55000000000000004,0.1045,2.0,0.0,6.0,0.0,42.0
0.0,7.0,3.0,1.0,0.73999999999999999,0.68180000000000007,0.62,0.16420000000000001,2.0,0.0,6.0,0.0,43.0
0.0,7.0,4.0,1.0,0.71999999999999997,0.68180000000000007,0.66000000000000003,0.16420000000000001,2.0,0.0,6.0,0.0,10.0
0.0,7.0,5.0,1.0,0.71999999999999997,0.68180000000000007,0.69999999999999996,0.28360000000000002,2.0,0.0,6.0,0.0,13.0
0.0,7.0,6.0,1.0,0.71999999999999997,0.68180000000000007,0.69999999999999996,0.29850000000000004,2.0,0.0,6.0,0.0,24.0
0.0,7.0,7.0,1.0,0.76000000000000001,0.72730000000000006,0.66000000000000003,0.19399999999999998,2.0,0.0,6.0,0.0,42.0
0.0,7.0,8.0,1.0,0.78000000000000003,0.74239999999999995,0.58999999999999997,0.22390000000000002,2.0,0.0,6.0,0.0,114.0
0.0,7.0,9.0,1.0,0.81999999999999995,0.75760000000000005,0.46000000000000002,0.29850000000000004,2.0,0.0,6.0,0.0,174.0
0.0,7.0,10.0,1.0,0.81999999999999995,0.74239999999999995,0.40999999999999998,0.29850000000000004,2.0,0.0,6.0,0.0,261.0
0.0,7.0,11.0,1.0,0.83999999999999997,0.74239999999999995,0.35999999999999999,0.19399999999999998,2.0,0.0,6.0,0.0,317.0
0.0,7.0,12.0,1.0,0.83999999999999997,0.72730000000000006,0.32000000000000001,0.16420000000000001,2.0,0.0,6.0,0.0,341.0
0.0,7.0,13.0,1.0,0.88,0.75760000000000005,0.28999999999999998,0.0,2.0,0.0,6.0,0.0,308.0
0.0,7.0,14.0,1.0,0.89999999999999991,0.78790000000000004,0.28999999999999998,0.0,2.0,0.0,6.0,0.0,305.0
0.0,7.0,15.0,1.0,0.89999999999999991,0.80299999999999994,0.31,0.1343,2.0,0.0,6.0,0.0,302.0
0.0,7.0,16.0,1.0,0.89999999999999991,0.78790000000000004,0.27000000000000002,0.22390000000000002,2.0,0.0,6.0,0.0,302.0
0.0,7.0,17.0,1.0,0.89999999999999991,0.78790000000000004,0.28999999999999998,0.1045,2.0,0.0,6.0,0.0,302.0
0.0,7.0,18.0,1.0,0.88,0.75760000000000005,0.28000000000000003,0.19399999999999998,2.0,0.0,6.0,0.0,299.0
0.0,7.0,19.0,1.0,0.73999999999999999,0.65150000000000008,0.33000000000000002,0.22390000000000002,2.0,0.0,6.0,0.0,256.0
0.0,7.0,20.0,1.0,0.81999999999999995,0.74239999999999995,0.42999999999999999,0.1343,2.0,0.0,6.0,0.0,206.0
0.0,7.0,21.0,1.0,0.79999999999999993,0.74239999999999995,0.48999999999999999,0.16420000000000001,2.0,0.0,6.0,0.0,205.0
0.0,7.0,22.0,1.0,0.78000000000000003,0.71209999999999996,0.52000000000000002,0.1045,2.0,0.0,6.0,0.0,209.0
0.0,7.0,23.0,1.0,0.76000000000000001,0.69700000000000006,0.55000000000000004,0.089599999999999999,2.0,0.0,6.0,0.0,177.0
0.0,7.0,0.0,1.0,0.76000000000000001,0.69700000000000006,0.55000000000000004,0.089599999999999999,2.0,0.0,7.0,0.0,113.0
0.0,7.0,1.0,1.0,0.73999999999999999,0.68180000000000007,0.62,0.089599999999999999,2.0,0.0,7.0,0.0,79.0
0.0,7.0,2.0,1.0,0.73999999999999999,0.69700000000000006,0.66000000000000003,0.089599999999999999,2.0,0.0,7.0,0.0,67.0
0.0,7.0,3.0,1.0,0.73999999999999999,0.69700000000000006,0.66000000000000003,0.0,2.0,0.0,7.0,0.0,50.0
0.0,7.0,4.0,1.0,0.71999999999999997,0.68180000000000007,0.69999999999999996,0.0,2.0,0.0,7.0,0.0,13.0
0.0,7.0,5.0,1.0,0.71999999999999997,0.68180000000000007,0.68999999999999995,0.0,2.0,0.0,7.0,0.0,8.0
0.0,7.0,6.0,1.0,0.73999999999999999,0.69700000000000006,0.69999999999999996,0.0,2.0,0.0,7.0,0.0,13.0
0.0,7.0,7.0,1.0,0.73999999999999999,0.68180000000000007,0.57999999999999996,0.1343,2.0,0.0,7.0,0.0,45.0
0.0,7.0,8.0,1.0,0.76000000000000001,0.69700000000000006,0.55000000000000004,0.22390000000000002,2.0,0.0,7.0,0.0,142.0
0.0,7.0,9.0,1.0,0.79999999999999993,0.74239999999999995,0.48999999999999999,0.0,2.0,0.0,7.0,0.0,183.0
0.0,7.0,10.0,1.0,0.83999999999999997,0.74239999999999995,0.35999999999999999,0.16420000000000001,2.0,0.0,7.0,0.0,254.0
0.0,7.0,11.0,1.0,0.85999999999999999,0.74239999999999995,0.28000000000000003,0.16420000000000001,2.0,0.0,7.0,0.0,275.0
0.0,7.0,12.0,1.0,0.89999999999999991,0.77269999999999994,0.25,0.19399999999999998,2.0,0.0,7.0,0.0,338.0
0.0,7.0,13.0,1.0,0.89999999999999991,0.77269999999999994,0.23999999999999999,0.1343,2.0,0.0,7.0,0.0,294.0
0.0,7.0,14.0,1.0,0.89999999999999991,0.77269999999999994,0.23999999999999999,0.16420000000000001,2.0,0.0,7.0,0.0,326.0
0.0,7.0,15.0,1.0,0.91999999999999993,0.77269999999999994,0.17999999999999999,0.29850000000000004,2.0,0.0,7.0,0.0,293.0
0.0,7.0,16.0,1.0,0.91999999999999993,0.77269999999999994,0.17000000000000001,0.28360000000000002,2.0,0.0,7.0,0.0,306.0
0.0,7.0,17.0,1.0,0.91999999999999993,0.77269999999999994,0.16,0.16420000000000001,2.0,0.0,7.0,0.0,320.0
0.0,7.0,18.0,1.0,0.85999999999999999,0.78790000000000004,0.40999999999999998,0.28360000000000002,2.0,0.0,7.0,0.0,304.0
0.0,7.0,19.0,1.0,0.79999999999999993,0.75760000000000005,0.55000000000000004,0.32840000000000003,2.0,0.0,7.0,0.0,274.0
0.0,7.0,20.0,1.0,0.79999999999999993,0.75760000000000005,0.55000000000000004,0.32840000000000003,2.0,0.0,7.0,0.0,275.0
0.0,7.0,21.0,1.0,0.78000000000000003,0.74239999999999995,0.58999999999999997,0.29850000000000004,2.0,0.0,7.0,0.0,164.0
0.0,7.0,22.0,1.0,0.73999999999999999,0.69700000000000006,0.69999999999999996,0.29850000000000004,2.0,0.0,7.0,0.0,96.0
0.0,7.0,23.0,1.0,0.73999999999999999,0.69700000000000006,0.66000000000000003,0.22390000000000002,2.0,0.0,7.0,0.0,70.0
0.0,8.0,0.0,1.0,0.71999999999999997,0.68180000000000007,0.69999999999999996,0.22390000000000002,2.0,0.0,1.0,1.0,29.0
0.0,8.0,1.0,1.0,0.71999999999999997,0.69700000000000006,0.73999999999999999,0.19399999999999998,2.0,0.0,1.0,1.0,17.0
0.0,8.0,2.0,1.0,0.69999999999999996,0.66670000000000007,0.73999999999999999,0.1045,2.0,0.0,1.0,1.0,11.0
0.0,8.0,3.0,1.0,0.69999999999999996,0.66670000000000007,0.79000000000000004,0.16420000000000001,2.0,0.0,1.0,1.0,4.0
0.0,8.0,4.0,1.0,0.65999999999999992,0.60609999999999997,0.82999999999999996,0.1343,2.0,0.0,1.0,1.0,4.0
0.0,8.0,5.0,1.0,0.65999999999999992,0.60609999999999997,0.82999999999999996,0.1045,2.0,0.0,1.0,1.0,26.0
0.0,8.0,6.0,1.0,0.65999999999999992,0.60609999999999997,0.82999999999999996,0.089599999999999999,2.0,0.0,1.0,1.0,100.0
0.0,8.0,7.0,1.0,0.73999999999999999,0.68180000000000007,0.62,0.0,2.0,0.0,1.0,1.0,282.0
0.0,8.0,8.0,1.0,0.79999999999999993,0.72730000000000006,0.42999999999999999,0.19399999999999998,2.0,0.0,1.0,1.0,382.0
0.0,8.0,9.0,1.0,0.81999999999999995,0.74239999999999995,0.40999999999999998,0.0,2.0,0.0,1.0,1.0,166.0
0.0,8.0,10.0,1.0,0.85999999999999999,0.75760000000000005,0.35999999999999999,0.16420000000000001,2.0,0.0,1.0,1.0,97.0
0.0,8.0,11.0,1.0,0.88,0.77269999999999994,0.32000000000000001,0.16420000000000001,2.0,0.0,1.0,1.0,119.0
0.0,8.0,12.0,1.0,0.89999999999999991,0.80299999999999994,0.33000000000000002,0.25370000000000004,2.0,0.0,1.0,1.0,168.0
0.0,8.0,13.0,1.0,0.89999999999999991,0.80299999999999994,0.31,0.29850000000000004,2.0,0.0,1.0,1.0,150.0
0.0,8.0,14.0,1.0,0.91999999999999993,0.81819999999999993,0.28999999999999998,0.19399999999999998,2.0,0.0,1.0,1.0,123.0
0.0,8.0,15.0,1.0,0.89999999999999991,0.78790000000000004,0.27000000000000002,0.0,2.0,0.0,1.0,1.0,129.0
0.0,8.0,16.0,1.0,0.89999999999999991,0.78790000000000004,0.27000000000000002,0.0,2.0,0.0,1.0,1.0,231.0
0.0,8.0,17.0,1.0,0.76000000000000001,0.68180000000000007,0.45000000000000001,0.29850000000000004,2.0,0.0,1.0,1.0,514.0
0.0,8.0,18.0,1.0,0.78000000000000003,0.69700000000000006,0.42999999999999999,0.19399999999999998,2.0,0.0,1.0,1.0,543.0
0.0,8.0,19.0,1.0,0.73999999999999999,0.66670000000000007,0.51000000000000001,0.22390000000000002,2.0,0.0,1.0,1.0,413.0
0.0,8.0,20.0,1.0,0.71999999999999997,0.68180000000000007,0.62,0.22390000000000002,2.0,0.0,1.0,1.0,305.0
0.0,8.0,21.0,1.0,0.69999999999999996,0.65150000000000008,0.69999999999999996,0.25370000000000004,2.0,0.0,1.0,1.0,220.0
0.0,8.0,22.0,1.0,0.69999999999999996,0.65150000000000008,0.69999999999999996,0.089599999999999999,2.0,0.0,1.0,1.0,137.0
0.0,8.0,23.0,1.0,0.67999999999999994,0.63639999999999997,0.73999999999999999,0.19399999999999998,2.0,0.0,1.0,1.0,96.0
0.0,8.0,0.0,1.0,0.65999999999999992,0.62119999999999997,0.73999999999999999,0.0,2.0,0.0,2.0,1.0,29.0
0.0,8.0,1.0,1.0,0.65999999999999992,0.62119999999999997,0.73999999999999999,0.1045,2.0,0.0,2.0,1.0,12.0
0.0,8.0,2.0,1.0,0.67999999999999994,0.63639999999999997,0.68999999999999995,0.0,2.0,0.0,2.0,1.0,8.0
0.0,8.0,3.0,1.0,0.65999999999999992,0.62119999999999997,0.73999999999999999,0.19399999999999998,2.0,0.0,2.0,1.0,5.0
0.0,8.0,4.0,1.0,0.65999999999999992,0.62119999999999997,0.73999999999999999,0.1045,2.0,0.0,2.0,1.0,10.0
0.0,8.0,5.0,1.0,0.65999999999999992,0.62119999999999997,0.73999999999999999,0.1343,2.0,0.0,2.0,1.0,21.0
0.0,8.0,6.0,1.0,0.67999999999999994,0.63639999999999997,0.68999999999999995,0.1045,2.0,0.0,2.0,1.0,117.0
0.0,8.0,7.0,1.0,0.71999999999999997,0.66670000000000007,0.60999999999999999,0.28360000000000002,2.0,0.0,2.0,1.0,335.0
0.0,8.0,8.0,1.0,0.73999999999999999,0.68180000000000007,0.57999999999999996,0.28360000000000002,2.0,0.0,2.0,1.0,435.0
0.0,8.0,9.0,1.0,0.78000000000000003,0.69700000000000006,0.46000000000000002,0.29850000000000004,2.0,0.0,2.0,1.0,213.0
0.0,8.0,10.0,1.0,0.81999999999999995,0.72730000000000006,0.35999999999999999,0.29850000000000004,2.0,0.0,2.0,1.0,140.0
0.0,8.0,11.0,1.0,0.83999999999999997,0.72730000000000006,0.32000000000000001,0.41790000000000005,2.0,0.0,2.0,1.0,128.0
0.0,8.0,12.0,1.0,0.85999999999999999,0.74239999999999995,0.29999999999999999,0.28360000000000002,2.0,0.0,2.0,1.0,157.0
0.0,8.0,13.0,1.0,0.85999999999999999,0.74239999999999995,0.29999999999999999,0.22390000000000002,2.0,0.0,2.0,1.0,203.0
0.0,8.0,14.0,1.0,0.89999999999999991,0.77269999999999994,0.25,0.28360000000000002,2.0,0.0,2.0,1.0,159.0
0.0,8.0,15.0,1.0,0.89999999999999991,0.77269999999999994,0.25,0.28360000000000002,2.0,0.0,2.0,1.0,168.0
0.0,8.0,16.0,1.0,0.89999999999999991,0.77269999999999994,0.25,0.28360000000000002,2.0,0.0,2.0,1.0,274.0
0.0,8.0,17.0,2.0,0.89999999999999991,0.78790000000000004,0.27000000000000002,0.1343,2.0,0.0,2.0,1.0,556.0
0.0,8.0,18.0,2.0,0.85999999999999999,0.75760000000000005,0.34000000000000002,0.19399999999999998,2.0,0.0,2.0,1.0,556.0
0.0,8.0,19.0,2.0,0.85999999999999999,0.75760000000000005,0.35999999999999999,0.22390000000000002,2.0,0.0,2.0,1.0,454.0
0.0,8.0,20.0,2.0,0.81999999999999995,0.75760000000000005,0.46000000000000002,0.25370000000000004,2.0,0.0,2.0,1.0,288.0
0.0,8.0,21.0,1.0,0.79999999999999993,0.74239999999999995,0.52000000000000002,0.22390000000000002,2.0,0.0,2.0,1.0,254.0
0.0,8.0,22.0,2.0,0.78000000000000003,0.74239999999999995,0.58999999999999997,0.16420000000000001,2.0,0.0,2.0,1.0,191.0
0.0,8.0,23.0,2.0,0.79999999999999993,0.74239999999999995,0.48999999999999999,0.16420000000000001,2.0,0.0,2.0,1.0,132.0
0.0,8.0,0.0,2.0,0.79999999999999993,0.74239999999999995,0.48999999999999999,0.16420000000000001,2.0,0.0,3.0,1.0,43.0
0.0,8.0,1.0,2.0,0.78000000000000003,0.71209999999999996,0.52000000000000002,0.16420000000000001,2.0,0.0,3.0,1.0,16.0
0.0,8.0,2.0,2.0,0.78000000000000003,0.71209999999999996,0.48999999999999999,0.16420000000000001,2.0,0.0,3.0,1.0,11.0
0.0,8.0,3.0,2.0,0.76000000000000001,0.69700000000000006,0.55000000000000004,0.089599999999999999,2.0,0.0,3.0,1.0,4.0
0.0,8.0,4.0,2.0,0.76000000000000001,0.69700000000000006,0.52000000000000002,0.16420000000000001,2.0,0.0,3.0,1.0,7.0
0.0,8.0,5.0,2.0,0.76000000000000001,0.69700000000000006,0.55000000000000004,0.089599999999999999,2.0,0.0,3.0,1.0,24.0
0.0,8.0,6.0,3.0,0.71999999999999997,0.68180000000000007,0.66000000000000003,0.49250000000000005,2.0,0.0,3.0,1.0,110.0
0.0,8.0,7.0,2.0,0.73999999999999999,0.66670000000000007,0.51000000000000001,0.22390000000000002,2.0,0.0,3.0,1.0,271.0
0.0,8.0,8.0,2.0,0.73999999999999999,0.66670000000000007,0.51000000000000001,0.16420000000000001,2.0,0.0,3.0,1.0,437.0
0.0,8.0,9.0,2.0,0.73999999999999999,0.68180000000000007,0.55000000000000004,0.19399999999999998,2.0,0.0,3.0,1.0,195.0
0.0,8.0,10.0,3.0,0.73999999999999999,0.68180000000000007,0.57999999999999996,0.089599999999999999,2.0,0.0,3.0,1.0,68.0
0.0,8.0,11.0,2.0,0.73999999999999999,0.68180000000000007,0.57999999999999996,0.1045,2.0,0.0,3.0,1.0,122.0
0.0,8.0,12.0,3.0,0.76000000000000001,0.69700000000000006,0.55000000000000004,0.1343,2.0,0.0,3.0,1.0,161.0
0.0,8.0,13.0,2.0,0.76000000000000001,0.71209999999999996,0.57999999999999996,0.22390000000000002,2.0,0.0,3.0,1.0,144.0
0.0,8.0,14.0,2.0,0.76000000000000001,0.71209999999999996,0.57999999999999996,0.22390000000000002,2.0,0.0,3.0,1.0,147.0
0.0,8.0,15.0,2.0,0.69999999999999996,0.66670000000000007,0.79000000000000004,0.1343,2.0,0.0,3.0,1.0,118.0
0.0,8.0,16.0,3.0,0.67999999999999994,0.63639999999999997,0.79000000000000004,0.0,2.0,0.0,3.0,1.0,150.0
0.0,8.0,17.0,2.0,0.69999999999999996,0.66670000000000007,0.79000000000000004,0.0,2.0,0.0,3.0,1.0,425.0
0.0,8.0,18.0,3.0,0.69999999999999996,0.66670000000000007,0.83999999999999997,0.0,2.0,0.0,3.0,1.0,492.0
0.0,8.0,19.0,3.0,0.69999999999999996,0.66670000000000007,0.83999999999999997,0.0,2.0,0.0,3.0,1.0,321.0
0.0,8.0,20.0,3.0,0.69999999999999996,0.66670000000000007,0.83999999999999997,0.1045,2.0,0.0,3.0,1.0,87.0
0.0,8.0,21.0,2.0,0.67999999999999994,0.63639999999999997,0.89000000000000001,0.1343,2.0,0.0,3.0,1.0,88.0
0.0,8.0,22.0,3.0,0.67999999999999994,0.63639999999999997,0.89000000000000001,0.1045,2.0,0.0,3.0,1.0,77.0
0.0,8.0,23.0,2.0,0.67999999999999994,0.63639999999999997,0.89000000000000001,0.089599999999999999,2.0,0.0,3.0,1.0,56.0
0.0,8.0,0.0,2.0,0.67999999999999994,0.63639999999999997,0.89000000000000001,0.089599999999999999,2.0,0.0,4.0,1.0,17.0
0.0,8.0,1.0,2.0,0.65999999999999992,0.59089999999999998,0.93999999999999995,0.089599999999999999,2.0,0.0,4.0,1.0,17.0
0.0,8.0,2.0,2.0,0.65999999999999992,0.59089999999999998,0.93999999999999995,0.089599999999999999,2.0,0.0,4.0,1.0,7.0
0.0,8.0,3.0,3.0,0.65999999999999992,0.59089999999999998,0.93999999999999995,0.089599999999999999,2.0,0.0,4.0,1.0,3.0
0.0,8.0,4.0,2.0,0.67999999999999994,0.63639999999999997,0.89000000000000001,0.0,2.0,0.0,4.0,1.0,7.0
0.0,8.0,5.0,2.0,0.67999999999999994,0.63639999999999997,0.89000000000000001,0.0,2.0,0.0,4.0,1.0,20.0
0.0,8.0,6.0,2.0,0.67999999999999994,0.63639999999999997,0.89000000000000001,0.29850000000000004,2.0,0.0,4.0,1.0,97.0
0.0,8.0,7.0,2.0,0.67999999999999994,0.63639999999999997,0.89000000000000001,0.29850000000000004,2.0,0.0,4.0,1.0,282.0
0.0,8.0,8.0,2.0,0.69999999999999996,0.65150000000000008,0.81999999999999995,0.35820000000000002,2.0,0.0,4.0,1.0,398.0
0.0,8.0,9.0,1.0,0.71999999999999997,0.69700000000000006,0.73999999999999999,0.32840000000000003,2.0,0.0,4.0,1.0,187.0
0.0,8.0,10.0,1.0,0.71999999999999997,0.66670000000000007,0.70999999999999996,0.29850000000000004,2.0,0.0,4.0,1.0,113.0
0.0,8.0,11.0,2.0,0.73999999999999999,0.69700000000000006,0.66000000000000003,0.22390000000000002,2.0,0.0,4.0,1.0,149.0
0.0,8.0,12.0,2.0,0.76000000000000001,0.71209999999999996,0.62,0.22390000000000002,2.0,0.0,4.0,1.0,205.0
0.0,8.0,13.0,1.0,0.76000000000000001,0.71209999999999996,0.57999999999999996,0.0,2.0,0.0,4.0,1.0,205.0
0.0,8.0,14.0,1.0,0.79999999999999993,0.75760000000000005,0.55000000000000004,0.16420000000000001,2.0,0.0,4.0,1.0,167.0
0.0,8.0,15.0,1.0,0.79999999999999993,0.75760000000000005,0.55000000000000004,0.25370000000000004,2.0,0.0,4.0,1.0,165.0
0.0,8.0,16.0,1.0,0.76000000000000001,0.71209999999999996,0.62,0.32840000000000003,2.0,0.0,4.0,1.0,290.0
0.0,8.0,17.0,1.0,0.76000000000000001,0.71209999999999996,0.62,0.32840000000000003,2.0,0.0,4.0,1.0,555.0
0.0,8.0,18.0,1.0,0.69999999999999996,0.66670000000000007,0.73999999999999999,0.29850000000000004,2.0,0.0,4.0,1.0,523.0
0.0,8.0,19.0,1.0,0.69999999999999996,0.66670000000000007,0.73999999999999999,0.28360000000000002,2.0,0.0,4.0,1.0,366.0
0.0,8.0,20.0,2.0,0.69999999999999996,0.66670000000000007,0.73999999999999999,0.19399999999999998,2.0,0.0,4.0,1.0,286.0
0.0,8.0,21.0,2.0,0.69999999999999996,0.66670000000000007,0.73999999999999999,0.19399999999999998,2.0,0.0,4.0,1.0,211.0
0.0,8.0,22.0,1.0,0.67999999999999994,0.63639999999999997,0.73999999999999999,0.19399999999999998,2.0,0.0,4.0,1.0,174.0
0.0,8.0,23.0,1.0,0.65999999999999992,0.62119999999999997,0.73999999999999999,0.1045,2.0,0.0,4.0,1.0,132.0
0.0,8.0,0.0,1.0,0.65999999999999992,0.62119999999999997,0.73999999999999999,0.1045,2.0,0.0,5.0,1.0,54.0
0.0,8.0,1.0,1.0,0.64000000000000001,0.59089999999999998,0.78000000000000003,0.089599999999999999,2.0,0.0,5.0,1.0,19.0
0.0,8.0,2.0,1.0,0.65999999999999992,0.62119999999999997,0.68999999999999995,0.0,2.0,0.0,5.0,1.0,19.0
0.0,8.0,3.0,1.0,0.64000000000000001,0.59089999999999998,0.78000000000000003,0.089599999999999999,2.0,0.0,5.0,1.0,6.0
0.0,8.0,4.0,1.0,0.64000000000000001,0.59089999999999998,0.78000000000000003,0.1343,2.0,0.0,5.0,1.0,7.0
0.0,8.0,5.0,1.0,0.64000000000000001,0.59089999999999998,0.78000000000000003,0.089599999999999999,2.0,0.0,5.0,1.0,16.0
0.0,8.0,6.0,1.0,0.64000000000000001,0.59089999999999998,0.78000000000000003,0.1343,2.0,0.0,5.0,1.0,101.0
0.0,8.0,7.0,1.0,0.65999999999999992,0.60609999999999997,0.78000000000000003,0.1343,2.0,0.0,5.0,1.0,270.0
0.0,8.0,8.0,1.0,0.69999999999999996,0.65150000000000008,0.65000000000000002,0.22390000000000002,2.0,0.0,5.0,1.0,454.0
0.0,8.0,9.0,1.0,0.71999999999999997,0.66670000000000007,0.57999999999999996,0.1045,2.0,0.0,5.0,1.0,226.0
0.0,8.0,10.0,1.0,0.73999999999999999,0.68180000000000007,0.55000000000000004,0.1343,2.0,0.0,5.0,1.0,163.0
0.0,8.0,11.0,2.0,0.76000000000000001,0.69700000000000006,0.52000000000000002,0.25370000000000004,2.0,0.0,5.0,1.0,147.0
0.0,8.0,12.0,1.0,0.76000000000000001,0.69700000000000006,0.52000000000000002,0.25370000000000004,2.0,0.0,5.0,1.0,216.0
0.0,8.0,13.0,1.0,0.78000000000000003,0.71209999999999996,0.52000000000000002,0.25370000000000004,2.0,0.0,5.0,1.0,204.0
0.0,8.0,14.0,2.0,0.78000000000000003,0.71209999999999996,0.52000000000000002,0.25370000000000004,2.0,0.0,5.0,1.0,245.0
0.0,8.0,15.0,1.0,0.76000000000000001,0.69700000000000006,0.55000000000000004,0.25370000000000004,2.0,0.0,5.0,1.0,210.0
0.0,8.0,16.0,1.0,0.79999999999999993,0.74239999999999995,0.48999999999999999,0.25370000000000004,2.0,0.0,5.0,1.0,330.0
0.0,8.0,17.0,1.0,0.78000000000000003,0.71209999999999996,0.48999999999999999,0.29850000000000004,2.0,0.0,5.0,1.0,550.0
0.0,8.0,18.0,1.0,0.76000000000000001,0.69700000000000006,0.52000000000000002,0.25370000000000004,2.0,0.0,5.0,1.0,466.0
0.0,8.0,19.0,1.0,0.73999999999999999,0.68180000000000007,0.55000000000000004,0.25370000000000004,2.0,0.0,5.0,1.0,372.0
0.0,8.0,20.0,1.0,0.71999999999999997,0.66670000000000007,0.57999999999999996,0.22390000000000002,2.0,0.0,5.0,1.0,291.0
0.0,8.0,21.0,1.0,0.69999999999999996,0.65150000000000008,0.65000000000000002,0.19399999999999998,2.0,0.0,5.0,1.0,173.0
0.0,8.0,22.0,1.0,0.69999999999999996,0.65150000000000008,0.65000000000000002,0.22390000000000002,2.0,0.0,5.0,1.0,188.0
0.0,8.0,23.0,1.0,0.67999999999999994,0.63639999999999997,0.68999999999999995,0.22390000000000002,2.0,0.0,5.0,1.0,139.0
0.0,8.0,0.0,1.0,0.65999999999999992,0.60609999999999997,0.78000000000000003,0.19399999999999998,2.0,0.0,6.0,0.0,133.0
0.0,8.0,1.0,1.0,0.65999999999999992,0.60609999999999997,0.78000000000000003,0.16420000000000001,2.0,0.0,6.0,0.0,67.0
0.0,8.0,2.0,1.0,0.65999999999999992,0.60609999999999997,0.78000000000000003,0.22390000000000002,2.0,0.0,6.0,0.0,53.0
0.0,8.0,3.0,2.0,0.65999999999999992,0.60609999999999997,0.78000000000000003,0.16420000000000001,2.0,0.0,6.0,0.0,42.0
0.0,8.0,4.0,2.0,0.65999999999999992,0.60609999999999997,0.82999999999999996,0.16420000000000001,2.0,0.0,6.0,0.0,10.0
0.0,8.0,5.0,1.0,0.64000000000000001,0.57579999999999998,0.89000000000000001,0.089599999999999999,2.0,0.0,6.0,0.0,6.0
0.0,8.0,6.0,1.0,0.64000000000000001,0.57579999999999998,0.89000000000000001,0.1045,2.0,0.0,6.0,0.0,27.0
0.0,8.0,7.0,1.0,0.67999999999999994,0.63639999999999997,0.82999999999999996,0.16420000000000001,2.0,0.0,6.0,0.0,63.0
0.0,8.0,8.0,1.0,0.67999999999999994,0.63639999999999997,0.82999999999999996,0.16420000000000001,2.0,0.0,6.0,0.0,121.0
0.0,8.0,9.0,1.0,0.73999999999999999,0.69700000000000006,0.69999999999999996,0.22390000000000002,2.0,0.0,6.0,0.0,215.0
0.0,8.0,10.0,2.0,0.73999999999999999,0.69700000000000006,0.69999999999999996,0.28360000000000002,2.0,0.0,6.0,0.0,290.0
0.0,8.0,11.0,1.0,0.78000000000000003,0.74239999999999995,0.62,0.22390000000000002,2.0,0.0,6.0,0.0,349.0
0.0,8.0,12.0,1.0,0.79999999999999993,0.75760000000000005,0.55000000000000004,0.22390000000000002,2.0,0.0,6.0,0.0,382.0
0.0,8.0,13.0,2.0,0.79999999999999993,0.77269999999999994,0.58999999999999997,0.32840000000000003,2.0,0.0,6.0,0.0,441.0
0.0,8.0,14.0,1.0,0.81999999999999995,0.77269999999999994,0.52000000000000002,0.25370000000000004,2.0,0.0,6.0,0.0,380.0
0.0,8.0,15.0,2.0,0.83999999999999997,0.80299999999999994,0.53000000000000003,0.25370000000000004,2.0,0.0,6.0,0.0,362.0
0.0,8.0,16.0,3.0,0.73999999999999999,0.71209999999999996,0.79000000000000004,0.16420000000000001,2.0,0.0,6.0,0.0,343.0
0.0,8.0,17.0,3.0,0.73999999999999999,0.71209999999999996,0.79000000000000004,0.16420000000000001,2.0,0.0,6.0,0.0,149.0
0.0,8.0,18.0,2.0,0.71999999999999997,0.69700000000000006,0.79000000000000004,0.44780000000000003,2.0,0.0,6.0,0.0,211.0
0.0,8.0,19.0,3.0,0.71999999999999997,0.71209999999999996,0.83999999999999997,0.25370000000000004,2.0,0.0,6.0,0.0,171.0
0.0,8.0,20.0,3.0,0.71999999999999997,0.69700000000000006,0.79000000000000004,0.28360000000000002,2.0,0.0,6.0,0.0,137.0
0.0,8.0,21.0,2.0,0.69999999999999996,0.66670000000000007,0.83999999999999997,0.32840000000000003,2.0,0.0,6.0,0.0,114.0
0.0,8.0,22.0,2.0,0.69999999999999996,0.66670000000000007,0.83999999999999997,0.32840000000000003,2.0,0.0,6.0,0.0,120.0
0.0,8.0,23.0,3.0,0.69999999999999996,0.66670000000000007,0.83999999999999997,0.28360000000000002,2.0,0.0,6.0,0.0,108.0
0.0,8.0,0.0,2.0,0.69999999999999996,0.66670000000000007,0.83999999999999997,0.28360000000000002,2.0,0.0,7.0,0.0,80.0
0.0,8.0,1.0,2.0,0.69999999999999996,0.66670000000000007,0.83999999999999997,0.25370000000000004,2.0,0.0,7.0,0.0,73.0
0.0,8.0,2.0,2.0,0.69999999999999996,0.66670000000000007,0.83999999999999997,0.22390000000000002,2.0,0.0,7.0,0.0,66.0
0.0,8.0,3.0,2.0,0.69999999999999996,0.66670000000000007,0.83999999999999997,0.1343,2.0,0.0,7.0,0.0,32.0
0.0,8.0,4.0,1.0,0.69999999999999996,0.66670000000000007,0.83999999999999997,0.1343,2.0,0.0,7.0,0.0,6.0
0.0,8.0,5.0,1.0,0.69999999999999996,0.66670000000000007,0.89000000000000001,0.19399999999999998,2.0,0.0,7.0,0.0,5.0
0.0,8.0,6.0,1.0,0.69999999999999996,0.66670000000000007,0.89000000000000001,0.16420000000000001,2.0,0.0,7.0,0.0,13.0
0.0,8.0,7.0,1.0,0.69999999999999996,0.66670000000000007,0.83999999999999997,0.19399999999999998,2.0,0.0,7.0,0.0,39.0
0.0,8.0,8.0,1.0,0.71999999999999997,0.69700000000000006,0.79000000000000004,0.19399999999999998,2.0,0.0,7.0,0.0,89.0
0.0,8.0,9.0,1.0,0.76000000000000001,0.74239999999999995,0.75,0.1045,2.0,0.0,7.0,0.0,184.0
0.0,8.0,10.0,1.0,0.79999999999999993,0.80299999999999994,0.66000000000000003,0.1343,2.0,0.0,7.0,0.0,266.0
0.0,8.0,11.0,1.0,0.81999999999999995,0.83329999999999993,0.63,0.0,2.0,0.0,7.0,0.0,269.0
0.0,8.0,12.0,1.0,0.89999999999999991,0.84849999999999992,0.41999999999999998,0.29850000000000004,2.0,0.0,7.0,0.0,370.0
0.0,8.0,13.0,1.0,0.89999999999999991,0.84849999999999992,0.41999999999999998,0.29850000000000004,2.0,0.0,7.0,0.0,324.0
0.0,8.0,14.0,1.0,0.85999999999999999,0.80299999999999994,0.46999999999999997,0.19399999999999998,2.0,0.0,7.0,0.0,322.0
0.0,8.0,15.0,3.0,0.71999999999999997,0.69700000000000006,0.73999999999999999,0.29850000000000004,2.0,0.0,7.0,0.0,326.0
0.0,8.0,16.0,3.0,0.71999999999999997,0.69700000000000006,0.73999999999999999,0.29850000000000004,2.0,0.0,7.0,0.0,193.0
0.0,8.0,17.0,3.0,0.73999999999999999,0.71209999999999996,0.73999999999999999,0.64179999999999993,2.0,0.0,7.0,0.0,194.0
0.0,8.0,18.0,1.0,0.71999999999999997,0.69700000000000006,0.73999999999999999,0.089599999999999999,2.0,0.0,7.0,0.0,229.0
0.0,8.0,19.0,1.0,0.71999999999999997,0.69700000000000006,0.79000000000000004,0.16420000000000001,2.0,0.0,7.0,0.0,228.0
0.0,8.0,20.0,1.0,0.71999999999999997,0.71209999999999996,0.83999999999999997,0.1343,2.0,0.0,7.0,0.0,183.0
0.0,8.0,21.0,1.0,0.71999999999999997,0.71209999999999996,0.83999999999999997,0.1045,2.0,0.0,7.0,0.0,136.0
0.0,8.0,22.0,1.0,0.69999999999999996,0.66670000000000007,0.89000000000000001,0.19399999999999998,2.0,0.0,7.0,0.0,103.0
0.0,8.0,23.0,1.0,0.69999999999999996,0.66670000000000007,0.79000000000000004,0.1045,2.0,0.0,7.0,0.0,55.0
0.0,8.0,0.0,1.0,0.69999999999999996,0.66670000000000007,0.79000000000000004,0.1045,2.0,0.0,1.0,1.0,30.0
0.0,8.0,1.0,1.0,0.67999999999999994,0.63639999999999997,0.82999999999999996,0.1343,2.0,0.0,1.0,1.0,12.0
0.0,8.0,2.0,1.0,0.65999999999999992,0.59089999999999998,0.89000000000000001,0.0,2.0,0.0,1.0,1.0,7.0
0.0,8.0,3.0,1.0,0.65999999999999992,0.59089999999999998,0.89000000000000001,0.0,2.0,0.0,1.0,1.0,1.0
0.0,8.0,4.0,1.0,0.65999999999999992,0.59089999999999998,0.89000000000000001,0.1045,2.0,0.0,1.0,1.0,10.0
0.0,8.0,5.0,1.0,0.69999999999999996,0.66670000000000007,0.79000000000000004,0.089599999999999999,2.0,0.0,1.0,1.0,15.0
0.0,8.0,6.0,1.0,0.69999999999999996,0.65150000000000008,0.65000000000000002,0.28360000000000002,2.0,0.0,1.0,1.0,95.0
0.0,8.0,7.0,1.0,0.71999999999999997,0.68180000000000007,0.62,0.29850000000000004,2.0,0.0,1.0,1.0,267.0
0.0,8.0,8.0,1.0,0.73999999999999999,0.68180000000000007,0.57999999999999996,0.32840000000000003,2.0,0.0,1.0,1.0,349.0
0.0,8.0,9.0,1.0,0.76000000000000001,0.69700000000000006,0.55000000000000004,0.3881,2.0,0.0,1.0,1.0,183.0
0.0,8.0,10.0,1.0,0.79999999999999993,0.74239999999999995,0.52000000000000002,0.3881,2.0,0.0,1.0,1.0,124.0
0.0,8.0,11.0,1.0,0.81999999999999995,0.74239999999999995,0.47999999999999998,0.35820000000000002,2.0,0.0,1.0,1.0,179.0
0.0,8.0,12.0,1.0,0.81999999999999995,0.75760000000000005,0.46000000000000002,0.25370000000000004,2.0,0.0,1.0,1.0,182.0
0.0,8.0,13.0,1.0,0.83999999999999997,0.75760000000000005,0.44,0.29850000000000004,2.0,0.0,1.0,1.0,151.0
0.0,8.0,14.0,1.0,0.81999999999999995,0.74239999999999995,0.42999999999999999,0.29850000000000004,2.0,0.0,1.0,1.0,150.0
0.0,8.0,15.0,1.0,0.83999999999999997,0.75760000000000005,0.40999999999999998,0.29850000000000004,2.0,0.0,1.0,1.0,126.0
0.0,8.0,16.0,1.0,0.85999999999999999,0.77269999999999994,0.39000000000000001,0.28360000000000002,2.0,0.0,1.0,1.0,282.0
0.0,8.0,17.0,1.0,0.85999999999999999,0.77269999999999994,0.39000000000000001,0.16420000000000001,2.0,0.0,1.0,1.0,527.0
0.0,8.0,18.0,1.0,0.83999999999999997,0.75760000000000005,0.40999999999999998,0.1343,2.0,0.0,1.0,1.0,529.0
0.0,8.0,19.0,1.0,0.81999999999999995,0.74239999999999995,0.42999999999999999,0.1045,2.0,0.0,1.0,1.0,416.0
0.0,8.0,20.0,1.0,0.79999999999999993,0.75760000000000005,0.55000000000000004,0.0,2.0,0.0,1.0,1.0,286.0
0.0,8.0,21.0,1.0,0.76000000000000001,0.71209999999999996,0.57999999999999996,0.089599999999999999,2.0,0.0,1.0,1.0,186.0
0.0,8.0,22.0,1.0,0.76000000000000001,0.71209999999999996,0.57999999999999996,0.1045,2.0,0.0,1.0,1.0,147.0
0.0,8.0,23.0,1.0,0.73999999999999999,0.69700000000000006,0.66000000000000003,0.1045,2.0,0.0,1.0,1.0,72.0
0.0,8.0,0.0,1.0,0.71999999999999997,0.69700000000000006,0.79000000000000004,0.1343,2.0,0.0,2.0,1.0,35.0
0.0,8.0,1.0,1.0,0.71999999999999997,0.68180000000000007,0.66000000000000003,0.0,2.0,0.0,2.0,1.0,14.0
0.0,8.0,2.0,1.0,0.71999999999999997,0.68180000000000007,0.69999999999999996,0.0,2.0,0.0,2.0,1.0,12.0
0.0,8.0,3.0,1.0,0.71999999999999997,0.68180000000000007,0.62,0.0,2.0,0.0,2.0,1.0,3.0
0.0,8.0,4.0,1.0,0.69999999999999996,0.66670000000000007,0.73999999999999999,0.0,2.0,0.0,2.0,1.0,7.0
0.0,8.0,5.0,1.0,0.69999999999999996,0.65150000000000008,0.65000000000000002,0.089599999999999999,2.0,0.0,2.0,1.0,30.0
0.0,8.0,6.0,1.0,0.71999999999999997,0.66670000000000007,0.64000000000000001,0.0,2.0,0.0,2.0,1.0,101.0
0.0,8.0,7.0,1.0,0.71999999999999997,0.69700000000000006,0.73999999999999999,0.1045,2.0,0.0,2.0,1.0,343.0
0.0,8.0,8.0,1.0,0.73999999999999999,0.69700000000000006,0.66000000000000003,0.0,2.0,0.0,2.0,1.0,392.0
0.0,8.0,9.0,2.0,0.78000000000000003,0.74239999999999995,0.62,0.1343,2.0,0.0,2.0,1.0,175.0
0.0,8.0,10.0,2.0,0.79999999999999993,0.77269999999999994,0.58999999999999997,0.22390000000000002,2.0,0.0,2.0,1.0,144.0
0.0,8.0,11.0,1.0,0.79999999999999993,0.77269999999999994,0.58999999999999997,0.22390000000000002,2.0,0.0,2.0,1.0,149.0
0.0,8.0,12.0,1.0,0.81999999999999995,0.78790000000000004,0.56000000000000005,0.19399999999999998,2.0,0.0,2.0,1.0,185.0
0.0,8.0,13.0,1.0,0.83999999999999997,0.78790000000000004,0.48999999999999999,0.16420000000000001,2.0,0.0,2.0,1.0,175.0
0.0,8.0,14.0,1.0,0.85999999999999999,0.78790000000000004,0.44,0.28360000000000002,2.0,0.0,2.0,1.0,148.0
0.0,8.0,15.0,1.0,0.85999999999999999,0.77269999999999994,0.39000000000000001,0.28360000000000002,2.0,0.0,2.0,1.0,164.0
0.0,8.0,16.0,1.0,0.85999999999999999,0.77269999999999994,0.39000000000000001,0.29850000000000004,2.0,0.0,2.0,1.0,285.0
0.0,8.0,17.0,1.0,0.79999999999999993,0.75760000000000005,0.55000000000000004,0.16420000000000001,2.0,0.0,2.0,1.0,532.0
0.0,8.0,18.0,1.0,0.79999999999999993,0.75760000000000005,0.55000000000000004,0.19399999999999998,2.0,0.0,2.0,1.0,585.0
0.0,8.0,19.0,1.0,0.79999999999999993,0.74239999999999995,0.48999999999999999,0.1045,2.0,0.0,2.0,1.0,371.0
0.0,8.0,20.0,1.0,0.79999999999999993,0.72730000000000006,0.42999999999999999,0.19399999999999998,2.0,0.0,2.0,1.0,292.0
0.0,8.0,21.0,1.0,0.78000000000000003,0.69700000000000006,0.46000000000000002,0.25370000000000004,2.0,0.0,2.0,1.0,230.0
0.0,8.0,22.0,1.0,0.78000000000000003,0.69700000000000006,0.46000000000000002,0.29850000000000004,2.0,0.0,2.0,1.0,155.0
0.0,8.0,23.0,1.0,0.76000000000000001,0.68180000000000007,0.47999999999999998,0.28360000000000002,2.0,0.0,2.0,1.0,75.0
0.0,8.0,0.0,1.0,0.73999999999999999,0.66670000000000007,0.51000000000000001,0.22390000000000002,2.0,0.0,3.0,1.0,37.0
0.0,8.0,1.0,1.0,0.71999999999999997,0.66670000000000007,0.54000000000000004,0.19399999999999998,2.0,0.0,3.0,1.0,17.0
0.0,8.0,2.0,1.0,0.71999999999999997,0.66670000000000007,0.54000000000000004,0.16420000000000001,2.0,0.0,3.0,1.0,11.0
0.0,8.0,3.0,1.0,0.69999999999999996,0.65150000000000008,0.57999999999999996,0.16420000000000001,2.0,0.0,3.0,1.0,4.0
0.0,8.0,4.0,1.0,0.69999999999999996,0.65150000000000008,0.54000000000000004,0.1343,2.0,0.0,3.0,1.0,5.0
0.0,8.0,5.0,1.0,0.67999999999999994,0.63639999999999997,0.60999999999999999,0.089599999999999999,2.0,0.0,3.0,1.0,32.0
0.0,8.0,6.0,1.0,0.67999999999999994,0.63639999999999997,0.60999999999999999,0.0,2.0,0.0,3.0,1.0,119.0
0.0,8.0,7.0,1.0,0.69999999999999996,0.65150000000000008,0.57999999999999996,0.089599999999999999,2.0,0.0,3.0,1.0,305.0
0.0,8.0,8.0,1.0,0.73999999999999999,0.66670000000000007,0.51000000000000001,0.19399999999999998,2.0,0.0,3.0,1.0,399.0
0.0,8.0,9.0,1.0,0.76000000000000001,0.68180000000000007,0.47999999999999998,0.22390000000000002,2.0,0.0,3.0,1.0,180.0
0.0,8.0,10.0,1.0,0.79999999999999993,0.72730000000000006,0.42999999999999999,0.22390000000000002,2.0,0.0,3.0,1.0,113.0
0.0,8.0,11.0,1.0,0.79999999999999993,0.71209999999999996,0.40999999999999998,0.3881,2.0,0.0,3.0,1.0,149.0
0.0,8.0,12.0,1.0,0.81999999999999995,0.72730000000000006,0.38,0.29850000000000004,2.0,0.0,3.0,1.0,240.0
0.0,8.0,13.0,1.0,0.81999999999999995,0.72730000000000006,0.38,0.28360000000000002,2.0,0.0,3.0,1.0,191.0
0.0,8.0,14.0,1.0,0.83999999999999997,0.72730000000000006,0.34000000000000002,0.32840000000000003,2.0,0.0,3.0,1.0,178.0
0.0,8.0,15.0,1.0,0.85999999999999999,0.74239999999999995,0.29999999999999999,0.32840000000000003,2.0,0.0,3.0,1.0,194.0
0.0,8.0,16.0,1.0,0.85999999999999999,0.74239999999999995,0.26000000000000001,0.29850000000000004,2.0,0.0,3.0,1.0,282.0
0.0,8.0,17.0,1.0,0.83999999999999997,0.71209999999999996,0.26000000000000001,0.29850000000000004,2.0,0.0,3.0,1.0,584.0
0.0,8.0,18.0,1.0,0.81999999999999995,0.71209999999999996,0.28000000000000003,0.29850000000000004,2.0,0.0,3.0,1.0,559.0
0.0,8.0,19.0,1.0,0.79999999999999993,0.69700000000000006,0.26000000000000001,0.25370000000000004,2.0,0.0,3.0,1.0,413.0
0.0,8.0,20.0,1.0,0.76000000000000001,0.66670000000000007,0.31,0.1343,2.0,0.0,3.0,1.0,312.0
0.0,8.0,21.0,1.0,0.76000000000000001,0.66670000000000007,0.33000000000000002,0.1045,2.0,0.0,3.0,1.0,209.0
0.0,8.0,22.0,1.0,0.73999999999999999,0.65150000000000008,0.37,0.0,2.0,0.0,3.0,1.0,139.0
0.0,8.0,23.0,1.0,0.73999999999999999,0.65150000000000008,0.37,0.089599999999999999,2.0,0.0,3.0,1.0,108.0
0.0,8.0,0.0,1.0,0.69999999999999996,0.63639999999999997,0.45000000000000001,0.1045,2.0,0.0,4.0,1.0,46.0
0.0,8.0,1.0,1.0,0.69999999999999996,0.63639999999999997,0.45000000000000001,0.1343,2.0,0.0,4.0,1.0,26.0
0.0,8.0,2.0,1.0,0.65999999999999992,0.62119999999999997,0.54000000000000004,0.1343,2.0,0.0,4.0,1.0,11.0
0.0,8.0,3.0,1.0,0.64000000000000001,0.62119999999999997,0.56999999999999995,0.1343,2.0,0.0,4.0,1.0,9.0
0.0,8.0,4.0,1.0,0.64000000000000001,0.62119999999999997,0.56999999999999995,0.16420000000000001,2.0,0.0,4.0,1.0,5.0
0.0,8.0,5.0,1.0,0.64000000000000001,0.62119999999999997,0.60999999999999999,0.19399999999999998,2.0,0.0,4.0,1.0,25.0
0.0,8.0,6.0,1.0,0.62,0.60609999999999997,0.65000000000000002,0.16420000000000001,2.0,0.0,4.0,1.0,106.0
0.0,8.0,7.0,1.0,0.65999999999999992,0.62119999999999997,0.54000000000000004,0.1343,2.0,0.0,4.0,1.0,307.0
0.0,8.0,8.0,1.0,0.69999999999999996,0.63639999999999997,0.45000000000000001,0.16420000000000001,2.0,0.0,4.0,1.0,390.0
0.0,8.0,9.0,1.0,0.71999999999999997,0.65150000000000008,0.39000000000000001,0.22390000000000002,2.0,0.0,4.0,1.0,197.0
0.0,8.0,10.0,1.0,0.73999999999999999,0.65150000000000008,0.37,0.25370000000000004,2.0,0.0,4.0,1.0,132.0
0.0,8.0,11.0,1.0,0.76000000000000001,0.66670000000000007,0.34999999999999998,0.25370000000000004,2.0,0.0,4.0,1.0,187.0
0.0,8.0,12.0,1.0,0.78000000000000003,0.68180000000000007,0.31,0.25370000000000004,2.0,0.0,4.0,1.0,214.0
0.0,8.0,13.0,1.0,0.76000000000000001,0.66670000000000007,0.31,0.22390000000000002,2.0,0.0,4.0,1.0,217.0
0.0,8.0,14.0,1.0,0.79999999999999993,0.69700000000000006,0.62608219178082192,0.0,2.0,0.0,4.0,1.0,142.0
0.0,8.0,15.0,1.0,0.79999999999999993,0.69700000000000006,0.28999999999999998,0.29850000000000004,2.0,0.0,4.0,1.0,178.0
0.0,8.0,16.0,1.0,0.79999999999999993,0.69700000000000006,0.27000000000000002,0.19399999999999998,2.0,0.0,4.0,1.0,298.0
0.0,8.0,17.0,1.0,0.79999999999999993,0.69700000000000006,0.28999999999999998,0.25370000000000004,2.0,0.0,4.0,1.0,582.0
0.0,8.0,18.0,1.0,0.78000000000000003,0.68180000000000007,0.28999999999999998,0.089599999999999999,2.0,0.0,4.0,1.0,571.0
0.0,8.0,19.0,1.0,0.73999999999999999,0.65150000000000008,0.34999999999999998,0.19399999999999998,2.0,0.0,4.0,1.0,371.0
0.0,8.0,20.0,1.0,0.71999999999999997,0.65150000000000008,0.37,0.1343,2.0,0.0,4.0,1.0,288.0
0.0,8.0,21.0,1.0,0.69999999999999996,0.65150000000000008,0.47999999999999998,0.089599999999999999,2.0,0.0,4.0,1.0,206.0
0.0,8.0,22.0,1.0,0.69999999999999996,0.65150000000000008,0.47999999999999998,0.0,2.0,0.0,4.0,1.0,157.0
0.0,8.0,23.0,1.0,0.65999999999999992,0.62119999999999997,0.5,0.16420000000000001,2.0,0.0,4.0,1.0,127.0
0.0,8.0,0.0,1.0,0.64000000000000001,0.62119999999999997,0.53000000000000003,0.16420000000000001,2.0,0.0,5.0,1.0,65.0
0.0,8.0,1.0,1.0,0.64000000000000001,0.62119999999999997,0.53000000000000003,0.1343,2.0,0.0,5.0,1.0,23.0
0.0,8.0,2.0,1.0,0.62,0.62119999999999997,0.56999999999999995,0.19399999999999998,2.0,0.0,5.0,1.0,15.0
0.0,8.0,3.0,1.0,0.62,0.62119999999999997,0.53000000000000003,0.16420000000000001,2.0,0.0,5.0,1.0,9.0
0.0,8.0,4.0,1.0,0.62,0.62119999999999997,0.53000000000000003,0.1343,2.0,0.0,5.0,1.0,5.0
0.0,8.0,5.0,1.0,0.60000000000000009,0.62119999999999997,0.56000000000000005,0.1343,2.0,0.0,5.0,1.0,26.0
0.0,8.0,6.0,1.0,0.62,0.62119999999999997,0.5,0.1343,2.0,0.0,5.0,1.0,76.0
0.0,8.0,7.0,1.0,0.64000000000000001,0.62119999999999997,0.44,0.16420000000000001,2.0,0.0,5.0,1.0,264.0
0.0,8.0,8.0,1.0,0.67999999999999994,0.63639999999999997,0.39000000000000001,0.22390000000000002,2.0,0.0,5.0,1.0,426.0
0.0,8.0,9.0,1.0,0.71999999999999997,0.65150000000000008,0.34000000000000002,0.1343,2.0,0.0,5.0,1.0,205.0
0.0,8.0,10.0,1.0,0.73999999999999999,0.65150000000000008,0.33000000000000002,0.1045,2.0,0.0,5.0,1.0,130.0
0.0,8.0,11.0,1.0,0.76000000000000001,0.66670000000000007,0.28999999999999998,0.0,2.0,0.0,5.0,1.0,156.0
0.0,8.0,12.0,1.0,0.79999999999999993,0.69700000000000006,0.27000000000000002,0.0,2.0,0.0,5.0,1.0,222.0
0.0,8.0,13.0,1.0,0.78000000000000003,0.68180000000000007,0.28999999999999998,0.089599999999999999,2.0,0.0,5.0,1.0,253.0
0.0,8.0,14.0,1.0,0.79999999999999993,0.69700000000000006,0.28999999999999998,0.19399999999999998,2.0,0.0,5.0,1.0,186.0
0.0,8.0,15.0,1.0,0.79999999999999993,0.69700000000000006,0.28999999999999998,0.16420000000000001,2.0,0.0,5.0,1.0,249.0
0.0,8.0,16.0,1.0,0.81999999999999995,0.71209999999999996,0.28000000000000003,0.0,2.0,0.0,5.0,1.0,334.0
0.0,8.0,17.0,1.0,0.81999999999999995,0.71209999999999996,0.26000000000000001,0.0,2.0,0.0,5.0,1.0,516.0
0.0,8.0,18.0,1.0,0.76000000000000001,0.68180000000000007,0.40000000000000002,0.29850000000000004,2.0,0.0,5.0,1.0,465.0
0.0,8.0,19.0,1.0,0.73999999999999999,0.66670000000000007,0.41999999999999998,0.22390000000000002,2.0,0.0,5.0,1.0,385.0
0.0,8.0,20.0,1.0,0.71999999999999997,0.65150000000000008,0.41999999999999998,0.22390000000000002,2.0,0.0,5.0,1.0,287.0
0.0,8.0,21.0,1.0,0.69999999999999996,0.65150000000000008,0.47999999999999998,0.1343,2.0,0.0,5.0,1.0,226.0
0.0,8.0,22.0,1.0,0.67999999999999994,0.63639999999999997,0.51000000000000001,0.0,2.0,0.0,5.0,1.0,231.0
0.0,8.0,23.0,1.0,0.67999999999999994,0.63639999999999997,0.51000000000000001,0.0,2.0,0.0,5.0,1.0,151.0
0.0,8.0,0.0,1.0,0.67999999999999994,0.63639999999999997,0.51000000000000001,0.1045,2.0,0.0,6.0,0.0,84.0
0.0,8.0,1.0,2.0,0.67999999999999994,0.63639999999999997,0.56999999999999995,0.089599999999999999,2.0,0.0,6.0,0.0,77.0
0.0,8.0,2.0,1.0,0.67999999999999994,0.63639999999999997,0.56999999999999995,0.0,2.0,0.0,6.0,0.0,74.0
0.0,8.0,3.0,1.0,0.65999999999999992,0.62119999999999997,0.65000000000000002,0.1343,2.0,0.0,6.0,0.0,27.0
0.0,8.0,4.0,2.0,0.64000000000000001,0.60609999999999997,0.72999999999999998,0.1343,2.0,0.0,6.0,0.0,10.0
0.0,8.0,5.0,1.0,0.64000000000000001,0.60609999999999997,0.72999999999999998,0.1045,2.0,0.0,6.0,0.0,18.0
0.0,8.0,6.0,1.0,0.64000000000000001,0.60609999999999997,0.72999999999999998,0.089599999999999999,2.0,0.0,6.0,0.0,22.0
0.0,8.0,7.0,2.0,0.65999999999999992,0.62119999999999997,0.73999999999999999,0.19399999999999998,2.0,0.0,6.0,0.0,44.0
0.0,8.0,8.0,2.0,0.69999999999999996,0.65150000000000008,0.65000000000000002,0.16420000000000001,2.0,0.0,6.0,0.0,118.0
0.0,8.0,9.0,2.0,0.69999999999999996,0.66670000000000007,0.73999999999999999,0.16420000000000001,2.0,0.0,6.0,0.0,208.0
0.0,8.0,10.0,2.0,0.71999999999999997,0.69700000000000006,0.73999999999999999,0.22390000000000002,2.0,0.0,6.0,0.0,260.0
0.0,8.0,11.0,2.0,0.73999999999999999,0.69700000000000006,0.69999999999999996,0.19399999999999998,2.0,0.0,6.0,0.0,314.0
0.0,8.0,12.0,2.0,0.65999999999999992,0.59089999999999998,0.89000000000000001,0.16420000000000001,2.0,0.0,6.0,0.0,421.0
0.0,8.0,13.0,2.0,0.73999999999999999,0.71209999999999996,0.73999999999999999,0.32840000000000003,2.0,0.0,6.0,0.0,153.0
0.0,8.0,14.0,1.0,0.73999999999999999,0.69700000000000006,0.69999999999999996,0.25370000000000004,2.0,0.0,6.0,0.0,259.0
0.0,8.0,15.0,3.0,0.67999999999999994,0.63639999999999997,0.79000000000000004,0.35820000000000002,2.0,0.0,6.0,0.0,358.0
0.0,8.0,16.0,2.0,0.69999999999999996,0.66670000000000007,0.73999999999999999,0.28360000000000002,2.0,0.0,6.0,0.0,281.0
0.0,8.0,17.0,2.0,0.71999999999999997,0.69700000000000006,0.73999999999999999,0.25370000000000004,2.0,0.0,6.0,0.0,269.0
0.0,8.0,18.0,1.0,0.69999999999999996,0.66670000000000007,0.73999999999999999,0.22390000000000002,2.0,0.0,6.0,0.0,292.0
0.0,8.0,19.0,2.0,0.67999999999999994,0.63639999999999997,0.79000000000000004,0.28360000000000002,2.0,0.0,6.0,0.0,237.0
0.0,8.0,20.0,2.0,0.67999999999999994,0.63639999999999997,0.82999999999999996,0.22390000000000002,2.0,0.0,6.0,0.0,183.0
0.0,8.0,21.0,2.0,0.67999999999999994,0.63639999999999997,0.82999999999999996,0.3881,2.0,0.0,6.0,0.0,167.0
0.0,8.0,22.0,2.0,0.67999999999999994,0.63639999999999997,0.82999999999999996,0.3881,2.0,0.0,6.0,0.0,154.0
0.0,8.0,23.0,2.0,0.65999999999999992,0.60609999999999997,0.82999999999999996,0.32840000000000003,2.0,0.0,6.0,0.0,120.0
0.0,8.0,0.0,3.0,0.65999999999999992,0.60609999999999997,0.82999999999999996,0.29850000000000004,2.0,0.0,7.0,0.0,90.0
0.0,8.0,1.0,3.0,0.64000000000000001,0.57579999999999998,0.89000000000000001,0.22390000000000002,2.0,0.0,7.0,0.0,73.0
0.0,8.0,2.0,3.0,0.64000000000000001,0.57579999999999998,0.89000000000000001,0.22390000000000002,2.0,0.0,7.0,0.0,62.0
0.0,8.0,3.0,2.0,0.64000000000000001,0.56059999999999999,0.93999999999999995,0.25370000000000004,2.0,0.0,7.0,0.0,27.0
0.0,8.0,4.0,3.0,0.64000000000000001,0.56059999999999999,0.93999999999999995,0.19399999999999998,2.0,0.0,7.0,0.0,3.0
0.0,8.0,5.0,2.0,0.64000000000000001,0.56059999999999999,0.93999999999999995,0.16420000000000001,2.0,0.0,7.0,0.0,10.0
0.0,8.0,6.0,2.0,0.64000000000000001,0.56059999999999999,0.93999999999999995,0.1045,2.0,0.0,7.0,0.0,6.0
0.0,8.0,7.0,2.0,0.65999999999999992,0.59089999999999998,0.89000000000000001,0.19399999999999998,2.0,0.0,7.0,0.0,24.0
0.0,8.0,8.0,2.0,0.65999999999999992,0.59089999999999998,0.89000000000000001,0.28360000000000002,2.0,0.0,7.0,0.0,41.0
0.0,8.0,9.0,3.0,0.65999999999999992,0.59089999999999998,0.89000000000000001,0.28360000000000002,2.0,0.0,7.0,0.0,103.0
0.0,8.0,10.0,1.0,0.69999999999999996,0.66670000000000007,0.79000000000000004,0.22390000000000002,2.0,0.0,7.0,0.0,183.0
0.0,8.0,11.0,1.0,0.69999999999999996,0.66670000000000007,0.79000000000000004,0.19399999999999998,2.0,0.0,7.0,0.0,198.0
0.0,8.0,12.0,2.0,0.69999999999999996,0.66670000000000007,0.79000000000000004,0.22390000000000002,2.0,0.0,7.0,0.0,281.0
0.0,8.0,13.0,1.0,0.71999999999999997,0.69700000000000006,0.73999999999999999,0.25370000000000004,2.0,0.0,7.0,0.0,377.0
0.0,8.0,14.0,1.0,0.73999999999999999,0.69700000000000006,0.69999999999999996,0.19399999999999998,2.0,0.0,7.0,0.0,370.0
0.0,8.0,15.0,1.0,0.73999999999999999,0.69700000000000006,0.66000000000000003,0.19399999999999998,2.0,0.0,7.0,0.0,331.0
0.0,8.0,16.0,1.0,0.73999999999999999,0.69700000000000006,0.66000000000000003,0.16420000000000001,2.0,0.0,7.0,0.0,292.0
0.0,8.0,17.0,1.0,0.76000000000000001,0.71209999999999996,0.62,0.1343,2.0,0.0,7.0,0.0,329.0
0.0,8.0,18.0,1.0,0.73999999999999999,0.69700000000000006,0.66000000000000003,0.16420000000000001,2.0,0.0,7.0,0.0,347.0
0.0,8.0,19.0,1.0,0.71999999999999997,0.69700000000000006,0.73999999999999999,0.22390000000000002,2.0,0.0,7.0,0.0,259.0
0.0,8.0,20.0,1.0,0.69999999999999996,0.66670000000000007,0.83999999999999997,0.16420000000000001,2.0,0.0,7.0,0.0,193.0
0.0,8.0,21.0,3.0,0.60000000000000009,0.54549999999999998,0.88,0.49250000000000005,2.0,0.0,7.0,0.0,155.0
0.0,8.0,22.0,3.0,0.60000000000000009,0.54549999999999998,0.88,0.49250000000000005,2.0,0.0,7.0,0.0,39.0
0.0,8.0,23.0,3.0,0.60000000000000009,0.56059999999999999,0.82999999999999996,0.0,2.0,0.0,7.0,0.0,27.0
0.0,8.0,0.0,3.0,0.60000000000000009,0.54549999999999998,0.88,0.089599999999999999,2.0,0.0,1.0,1.0,25.0
0.0,8.0,1.0,2.0,0.60000000000000009,0.54549999999999998,0.88,0.1343,2.0,0.0,1.0,1.0,10.0
0.0,8.0,2.0,2.0,0.60000000000000009,0.56059999999999999,0.82999999999999996,0.0,2.0,0.0,1.0,1.0,3.0
0.0,8.0,3.0,1.0,0.60000000000000009,0.56059999999999999,0.82999999999999996,0.19399999999999998,2.0,0.0,1.0,1.0,7.0
0.0,8.0,4.0,1.0,0.60000000000000009,0.56059999999999999,0.82999999999999996,0.1343,2.0,0.0,1.0,1.0,5.0
0.0,8.0,5.0,2.0,0.60000000000000009,0.54549999999999998,0.88,0.19399999999999998,2.0,0.0,1.0,1.0,17.0
0.0,8.0,6.0,1.0,0.60000000000000009,0.54549999999999998,0.88,0.25370000000000004,2.0,0.0,1.0,1.0,90.0
0.0,8.0,7.0,1.0,0.60000000000000009,0.54549999999999998,0.88,0.25370000000000004,2.0,0.0,1.0,1.0,258.0
0.0,8.0,8.0,1.0,0.64000000000000001,0.59089999999999998,0.78000000000000003,0.32840000000000003,2.0,0.0,1.0,1.0,355.0
0.0,8.0,9.0,1.0,0.64000000000000001,0.59089999999999998,0.78000000000000003,0.32840000000000003,2.0,0.0,1.0,1.0,222.0
0.0,8.0,10.0,1.0,0.67999999999999994,0.63639999999999997,0.68999999999999995,0.28360000000000002,2.0,0.0,1.0,1.0,141.0
0.0,8.0,11.0,2.0,0.71999999999999997,0.68180000000000007,0.62,0.25370000000000004,2.0,0.0,1.0,1.0,153.0
0.0,8.0,12.0,1.0,0.73999999999999999,0.68180000000000007,0.57999999999999996,0.28360000000000002,2.0,0.0,1.0,1.0,178.0
0.0,8.0,13.0,1.0,0.78000000000000003,0.71209999999999996,0.52000000000000002,0.28360000000000002,2.0,0.0,1.0,1.0,193.0
0.0,8.0,14.0,1.0,0.73999999999999999,0.68180000000000007,0.55000000000000004,0.089599999999999999,2.0,0.0,1.0,1.0,151.0
0.0,8.0,15.0,3.0,0.73999999999999999,0.68180000000000007,0.55000000000000004,0.29850000000000004,2.0,0.0,1.0,1.0,182.0
0.0,8.0,16.0,1.0,0.73999999999999999,0.68180000000000007,0.55000000000000004,0.32840000000000003,2.0,0.0,1.0,1.0,283.0
0.0,8.0,17.0,1.0,0.73999999999999999,0.66670000000000007,0.51000000000000001,0.28360000000000002,2.0,0.0,1.0,1.0,530.0
0.0,8.0,18.0,1.0,0.69999999999999996,0.65150000000000008,0.65000000000000002,0.19399999999999998,2.0,0.0,1.0,1.0,483.0
0.0,8.0,19.0,1.0,0.69999999999999996,0.65150000000000008,0.65000000000000002,0.0,2.0,0.0,1.0,1.0,397.0
0.0,8.0,20.0,1.0,0.65999999999999992,0.62119999999999997,0.73999999999999999,0.1343,2.0,0.0,1.0,1.0,285.0
0.0,8.0,21.0,1.0,0.65999999999999992,0.62119999999999997,0.65000000000000002,0.19399999999999998,2.0,0.0,1.0,1.0,184.0
0.0,8.0,22.0,1.0,0.65999999999999992,0.62119999999999997,0.68999999999999995,0.25370000000000004,2.0,0.0,1.0,1.0,98.0
0.0,8.0,23.0,1.0,0.64000000000000001,0.60609999999999997,0.68999999999999995,0.22390000000000002,2.0,0.0,1.0,1.0,88.0
0.0,8.0,0.0,1.0,0.64000000000000001,0.60609999999999997,0.68999999999999995,0.1045,2.0,0.0,2.0,1.0,31.0
0.0,8.0,1.0,1.0,0.64000000000000001,0.60609999999999997,0.68999999999999995,0.16420000000000001,2.0,0.0,2.0,1.0,16.0
0.0,8.0,2.0,1.0,0.62,0.59089999999999998,0.72999999999999998,0.22390000000000002,2.0,0.0,2.0,1.0,4.0
0.0,8.0,3.0,1.0,0.62,0.59089999999999998,0.72999999999999998,0.22390000000000002,2.0,0.0,2.0,1.0,6.0
0.0,8.0,4.0,1.0,0.64000000000000001,0.60609999999999997,0.68999999999999995,0.29850000000000004,2.0,0.0,2.0,1.0,5.0
0.0,8.0,5.0,1.0,0.62,0.59089999999999998,0.72999999999999998,0.28360000000000002,2.0,0.0,2.0,1.0,30.0
0.0,8.0,6.0,1.0,0.62,0.59089999999999998,0.72999999999999998,0.32840000000000003,2.0,0.0,2.0,1.0,119.0
0.0,8.0,7.0,1.0,0.64000000000000001,0.60609999999999997,0.68999999999999995,0.25370000000000004,2.0,0.0,2.0,1.0,346.0
0.0,8.0,8.0,1.0,0.69999999999999996,0.65150000000000008,0.57999999999999996,0.44780000000000003,2.0,0.0,2.0,1.0,441.0
0.0,8.0,9.0,1.0,0.67999999999999994,0.63639999999999997,0.60999999999999999,0.28360000000000002,2.0,0.0,2.0,1.0,198.0
0.0,8.0,10.0,1.0,0.69999999999999996,0.65150000000000008,0.57999999999999996,0.3881,2.0,0.0,2.0,1.0,111.0
0.0,8.0,11.0,1.0,0.73999999999999999,0.66670000000000007,0.51000000000000001,0.22390000000000002,2.0,0.0,2.0,1.0,150.0
0.0,8.0,12.0,1.0,0.76000000000000001,0.68180000000000007,0.47999999999999998,0.32840000000000003,2.0,0.0,2.0,1.0,162.0
0.0,8.0,13.0,1.0,0.76000000000000001,0.68180000000000007,0.47999999999999998,0.29850000000000004,2.0,0.0,2.0,1.0,192.0
0.0,8.0,14.0,1.0,0.76000000000000001,0.68180000000000007,0.45000000000000001,0.41790000000000005,2.0,0.0,2.0,1.0,182.0
0.0,8.0,15.0,1.0,0.79999999999999993,0.71209999999999996,0.40999999999999998,0.29850000000000004,2.0,0.0,2.0,1.0,159.0
0.0,8.0,16.0,1.0,0.79999999999999993,0.71209999999999996,0.40999999999999998,0.22390000000000002,2.0,0.0,2.0,1.0,303.0
0.0,8.0,17.0,1.0,0.76000000000000001,0.68180000000000007,0.45000000000000001,0.32840000000000003,2.0,0.0,2.0,1.0,600.0
0.0,8.0,18.0,1.0,0.76000000000000001,0.68180000000000007,0.45000000000000001,0.22390000000000002,2.0,0.0,2.0,1.0,570.0
0.0,8.0,19.0,1.0,0.73999999999999999,0.66670000000000007,0.47999999999999998,0.19399999999999998,2.0,0.0,2.0,1.0,376.0
0.0,8.0,20.0,1.0,0.73999999999999999,0.66670000000000007,0.51000000000000001,0.0,2.0,0.0,2.0,1.0,280.0
0.0,8.0,21.0,1.0,0.71999999999999997,0.66670000000000007,0.54000000000000004,0.0,2.0,0.0,2.0,1.0,215.0
0.0,8.0,22.0,1.0,0.69999999999999996,0.65150000000000008,0.60999999999999999,0.0,2.0,0.0,2.0,1.0,152.0
0.0,8.0,23.0,1.0,0.65999999999999992,0.62119999999999997,0.65000000000000002,0.1343,2.0,0.0,2.0,1.0,77.0
0.0,8.0,0.0,1.0,0.65999999999999992,0.62119999999999997,0.68999999999999995,0.089599999999999999,2.0,0.0,3.0,1.0,24.0
0.0,8.0,1.0,1.0,0.64000000000000001,0.60609999999999997,0.72999999999999998,0.16420000000000001,2.0,0.0,3.0,1.0,14.0
0.0,8.0,2.0,1.0,0.65999999999999992,0.62119999999999997,0.68999999999999995,0.0,2.0,0.0,3.0,1.0,6.0
0.0,8.0,3.0,1.0,0.64000000000000001,0.59089999999999998,0.78000000000000003,0.0,2.0,0.0,3.0,1.0,5.0
0.0,8.0,4.0,1.0,0.64000000000000001,0.60609999999999997,0.72999999999999998,0.0,2.0,0.0,3.0,1.0,5.0
0.0,8.0,5.0,1.0,0.64000000000000001,0.60609999999999997,0.72999999999999998,0.0,2.0,0.0,3.0,1.0,28.0
0.0,8.0,6.0,1.0,0.62,0.59089999999999998,0.78000000000000003,0.0,2.0,0.0,3.0,1.0,105.0
0.0,8.0,7.0,1.0,0.65999999999999992,0.62119999999999997,0.65000000000000002,0.089599999999999999,2.0,0.0,3.0,1.0,308.0
0.0,8.0,8.0,1.0,0.69999999999999996,0.65150000000000008,0.54000000000000004,0.16420000000000001,2.0,0.0,3.0,1.0,487.0
0.0,8.0,9.0,1.0,0.73999999999999999,0.66670000000000007,0.47999999999999998,0.089599999999999999,2.0,0.0,3.0,1.0,209.0
0.0,8.0,10.0,1.0,0.76000000000000001,0.68180000000000007,0.42999999999999999,0.089599999999999999,2.0,0.0,3.0,1.0,118.0
0.0,8.0,11.0,1.0,0.78000000000000003,0.69700000000000006,0.42999999999999999,0.1045,2.0,0.0,3.0,1.0,128.0
0.0,8.0,12.0,1.0,0.79999999999999993,0.72730000000000006,0.42999999999999999,0.28360000000000002,2.0,0.0,3.0,1.0,189.0
0.0,8.0,13.0,1.0,0.79999999999999993,0.71209999999999996,0.40999999999999998,0.19399999999999998,2.0,0.0,3.0,1.0,176.0
0.0,8.0,14.0,1.0,0.81999999999999995,0.72730000000000006,0.35999999999999999,0.16420000000000001,2.0,0.0,3.0,1.0,192.0
0.0,8.0,15.0,1.0,0.79999999999999993,0.72730000000000006,0.42999999999999999,0.1343,2.0,0.0,3.0,1.0,159.0
0.0,8.0,16.0,1.0,0.81999999999999995,0.74239999999999995,0.42999999999999999,0.22390000000000002,2.0,0.0,3.0,1.0,300.0
0.0,8.0,17.0,1.0,0.79999999999999993,0.74239999999999995,0.48999999999999999,0.22390000000000002,2.0,0.0,3.0,1.0,552.0
0.0,8.0,18.0,1.0,0.76000000000000001,0.69700000000000006,0.55000000000000004,0.25370000000000004,2.0,0.0,3.0,1.0,556.0
0.0,8.0,19.0,1.0,0.76000000000000001,0.69700000000000006,0.55000000000000004,0.22390000000000002,2.0,0.0,3.0,1.0,347.0
0.0,8.0,20.0,1.0,0.73999999999999999,0.68180000000000007,0.57999999999999996,0.25370000000000004,2.0,0.0,3.0,1.0,280.0
0.0,8.0,21.0,1.0,0.71999999999999997,0.68180000000000007,0.62,0.22390000000000002,2.0,0.0,3.0,1.0,230.0
0.0,8.0,22.0,1.0,0.69999999999999996,0.65150000000000008,0.65000000000000002,0.19399999999999998,2.0,0.0,3.0,1.0,171.0
0.0,8.0,23.0,1.0,0.69999999999999996,0.65150000000000008,0.65000000000000002,0.28360000000000002,2.0,0.0,3.0,1.0,105.0
0.0,8.0,0.0,1.0,0.67999999999999994,0.63639999999999997,0.65000000000000002,0.1343,2.0,0.0,4.0,1.0,56.0
0.0,8.0,1.0,2.0,0.65999999999999992,0.62119999999999997,0.65000000000000002,0.16420000000000001,2.0,0.0,4.0,1.0,24.0
0.0,8.0,2.0,1.0,0.65999999999999992,0.62119999999999997,0.65000000000000002,0.22390000000000002,2.0,0.0,4.0,1.0,6.0
0.0,8.0,3.0,1.0,0.65999999999999992,0.62119999999999997,0.68999999999999995,0.28360000000000002,2.0,0.0,4.0,1.0,6.0
0.0,8.0,4.0,1.0,0.64000000000000001,0.60609999999999997,0.72999999999999998,0.22390000000000002,2.0,0.0,4.0,1.0,9.0
0.0,8.0,5.0,1.0,0.64000000000000001,0.59089999999999998,0.78000000000000003,0.28360000000000002,2.0,0.0,4.0,1.0,27.0
0.0,8.0,6.0,2.0,0.64000000000000001,0.59089999999999998,0.78000000000000003,0.25370000000000004,2.0,0.0,4.0,1.0,103.0
0.0,8.0,7.0,1.0,0.64000000000000001,0.59089999999999998,0.78000000000000003,0.29850000000000004,2.0,0.0,4.0,1.0,308.0
0.0,8.0,8.0,1.0,0.65999999999999992,0.62119999999999997,0.73999999999999999,0.28360000000000002,2.0,0.0,4.0,1.0,420.0
0.0,8.0,9.0,1.0,0.71999999999999997,0.68180000000000007,0.66000000000000003,0.25370000000000004,2.0,0.0,4.0,1.0,228.0
0.0,8.0,10.0,1.0,0.73999999999999999,0.69700000000000006,0.66000000000000003,0.25370000000000004,2.0,0.0,4.0,1.0,129.0
0.0,8.0,11.0,1.0,0.76000000000000001,0.71209999999999996,0.57999999999999996,0.25370000000000004,2.0,0.0,4.0,1.0,141.0
0.0,8.0,12.0,1.0,0.79999999999999993,0.74239999999999995,0.52000000000000002,0.28360000000000002,2.0,0.0,4.0,1.0,173.0
0.0,8.0,13.0,1.0,0.79999999999999993,0.74239999999999995,0.52000000000000002,0.35820000000000002,2.0,0.0,4.0,1.0,187.0
0.0,8.0,14.0,1.0,0.81999999999999995,0.75760000000000005,0.46000000000000002,0.32840000000000003,2.0,0.0,4.0,1.0,182.0
0.0,8.0,15.0,1.0,0.79999999999999993,0.72730000000000006,0.46000000000000002,0.35820000000000002,2.0,0.0,4.0,1.0,174.0
0.0,8.0,16.0,1.0,0.79999999999999993,0.72730000000000006,0.46000000000000002,0.35820000000000002,2.0,0.0,4.0,1.0,245.0
0.0,8.0,17.0,3.0,0.79999999999999993,0.72730000000000006,0.46000000000000002,0.29850000000000004,2.0,0.0,4.0,1.0,409.0
0.0,8.0,18.0,3.0,0.76000000000000001,0.69700000000000006,0.55000000000000004,0.25370000000000004,2.0,0.0,4.0,1.0,274.0
0.0,8.0,19.0,1.0,0.65999999999999992,0.60609999999999997,0.82999999999999996,0.1045,2.0,0.0,4.0,1.0,141.0
0.0,8.0,20.0,1.0,0.65999999999999992,0.60609999999999997,0.82999999999999996,0.1045,2.0,0.0,4.0,1.0,165.0
0.0,8.0,21.0,2.0,0.67999999999999994,0.63639999999999997,0.79000000000000004,0.0,2.0,0.0,4.0,1.0,149.0
0.0,8.0,22.0,2.0,0.69999999999999996,0.66670000000000007,0.73999999999999999,0.1045,2.0,0.0,4.0,1.0,135.0
0.0,8.0,23.0,2.0,0.69999999999999996,0.66670000000000007,0.73999999999999999,0.1343,2.0,0.0,4.0,1.0,114.0
0.0,8.0,0.0,3.0,0.67999999999999994,0.63639999999999997,0.68999999999999995,0.19399999999999998,2.0,0.0,5.0,1.0,62.0
0.0,8.0,1.0,3.0,0.64000000000000001,0.57579999999999998,0.89000000000000001,0.0,2.0,0.0,5.0,1.0,20.0
0.0,8.0,2.0,3.0,0.64000000000000001,0.57579999999999998,0.82999999999999996,0.0,2.0,0.0,5.0,1.0,8.0
0.0,8.0,3.0,1.0,0.64000000000000001,0.59089999999999998,0.78000000000000003,0.0,2.0,0.0,5.0,1.0,3.0
0.0,8.0,4.0,1.0,0.64000000000000001,0.57579999999999998,0.82999999999999996,0.0,2.0,0.0,5.0,1.0,8.0
0.0,8.0,5.0,1.0,0.64000000000000001,0.57579999999999998,0.82999999999999996,0.0,2.0,0.0,5.0,1.0,17.0
0.0,8.0,6.0,1.0,0.64000000000000001,0.57579999999999998,0.82999999999999996,0.0,2.0,0.0,5.0,1.0,93.0
0.0,8.0,7.0,2.0,0.65999999999999992,0.60609999999999997,0.82999999999999996,0.089599999999999999,2.0,0.0,5.0,1.0,263.0
0.0,8.0,8.0,2.0,0.65999999999999992,0.60609999999999997,0.82999999999999996,0.0,2.0,0.0,5.0,1.0,398.0
0.0,8.0,9.0,1.0,0.69999999999999996,0.65150000000000008,0.65000000000000002,0.1343,2.0,0.0,5.0,1.0,218.0
0.0,8.0,10.0,1.0,0.71999999999999997,0.68180000000000007,0.62,0.089599999999999999,2.0,0.0,5.0,1.0,165.0
0.0,8.0,11.0,2.0,0.71999999999999997,0.68180000000000007,0.66000000000000003,0.089599999999999999,2.0,0.0,5.0,1.0,165.0
0.0,8.0,12.0,2.0,0.73999999999999999,0.68180000000000007,0.62,0.089599999999999999,2.0,0.0,5.0,1.0,222.0
0.0,8.0,13.0,2.0,0.76000000000000001,0.71209999999999996,0.62,0.19399999999999998,2.0,0.0,5.0,1.0,232.0
0.0,8.0,14.0,1.0,0.78000000000000003,0.72730000000000006,0.55000000000000004,0.19399999999999998,2.0,0.0,5.0,1.0,220.0
0.0,8.0,15.0,1.0,0.79999999999999993,0.74239999999999995,0.48999999999999999,0.1045,2.0,0.0,5.0,1.0,222.0
0.0,8.0,16.0,1.0,0.79999999999999993,0.74239999999999995,0.48999999999999999,0.0,2.0,0.0,5.0,1.0,327.0
0.0,8.0,17.0,1.0,0.76000000000000001,0.71209999999999996,0.57999999999999996,0.52239999999999998,2.0,0.0,5.0,1.0,527.0
0.0,8.0,18.0,1.0,0.76000000000000001,0.71209999999999996,0.57999999999999996,0.52239999999999998,2.0,0.0,5.0,1.0,425.0
0.0,8.0,19.0,3.0,0.62,0.59089999999999998,0.72999999999999998,0.4627,2.0,0.0,5.0,1.0,165.0
0.0,8.0,20.0,3.0,0.62,0.57579999999999998,0.82999999999999996,0.29850000000000004,2.0,0.0,5.0,1.0,58.0
0.0,8.0,21.0,1.0,0.62,0.57579999999999998,0.82999999999999996,0.1343,2.0,0.0,5.0,1.0,107.0
0.0,8.0,22.0,1.0,0.60000000000000009,0.54549999999999998,0.88,0.1343,2.0,0.0,5.0,1.0,122.0
0.0,8.0,23.0,2.0,0.60000000000000009,0.54549999999999998,0.88,0.089599999999999999,2.0,0.0,5.0,1.0,106.0
0.0,8.0,0.0,1.0,0.60000000000000009,0.54549999999999998,0.88,0.0,2.0,0.0,6.0,0.0,128.0
0.0,8.0,1.0,1.0,0.62,0.57579999999999998,0.82999999999999996,0.0,2.0,0.0,6.0,0.0,47.0
0.0,8.0,2.0,1.0,0.62,0.59089999999999998,0.78000000000000003,0.0,2.0,0.0,6.0,0.0,69.0
0.0,8.0,3.0,1.0,0.62,0.59089999999999998,0.78000000000000003,0.0,2.0,0.0,6.0,0.0,51.0
0.0,8.0,4.0,2.0,0.60000000000000009,0.54549999999999998,0.88,0.0,2.0,0.0,6.0,0.0,7.0
0.0,8.0,5.0,1.0,0.60000000000000009,0.56059999999999999,0.82999999999999996,0.0,2.0,0.0,6.0,0.0,8.0
0.0,8.0,6.0,2.0,0.60000000000000009,0.56059999999999999,0.82999999999999996,0.1343,2.0,0.0,6.0,0.0,24.0
0.0,8.0,7.0,1.0,0.62,0.57579999999999998,0.82999999999999996,0.0,2.0,0.0,6.0,0.0,44.0
0.0,8.0,8.0,1.0,0.65999999999999992,0.62119999999999997,0.68999999999999995,0.0,2.0,0.0,6.0,0.0,133.0
0.0,8.0,9.0,1.0,0.69999999999999996,0.65150000000000008,0.65000000000000002,0.0,2.0,0.0,6.0,0.0,190.0
0.0,8.0,10.0,1.0,0.71999999999999997,0.68180000000000007,0.62,0.1045,2.0,0.0,6.0,0.0,306.0
0.0,8.0,11.0,1.0,0.71999999999999997,0.66670000000000007,0.57999999999999996,0.0,2.0,0.0,6.0,0.0,338.0
0.0,8.0,12.0,1.0,0.73999999999999999,0.68180000000000007,0.57999999999999996,0.1343,2.0,0.0,6.0,0.0,409.0
0.0,8.0,13.0,1.0,0.76000000000000001,0.69700000000000006,0.55000000000000004,0.1343,2.0,0.0,6.0,0.0,378.0
0.0,8.0,14.0,1.0,0.79999999999999993,0.74239999999999995,0.48999999999999999,0.19399999999999998,2.0,0.0,6.0,0.0,375.0
0.0,8.0,15.0,1.0,0.79999999999999993,0.72730000000000006,0.42999999999999999,0.19399999999999998,2.0,0.0,6.0,0.0,390.0
0.0,8.0,16.0,1.0,0.79999999999999993,0.72730000000000006,0.46000000000000002,0.19399999999999998,2.0,0.0,6.0,0.0,373.0
0.0,8.0,17.0,1.0,0.79999999999999993,0.74239999999999995,0.48999999999999999,0.19399999999999998,2.0,0.0,6.0,0.0,383.0
0.0,8.0,18.0,1.0,0.76000000000000001,0.71209999999999996,0.57999999999999996,0.25370000000000004,2.0,0.0,6.0,0.0,394.0
0.0,8.0,19.0,1.0,0.73999999999999999,0.68180000000000007,0.62,0.19399999999999998,2.0,0.0,6.0,0.0,291.0
0.0,8.0,20.0,1.0,0.73999999999999999,0.68180000000000007,0.62,0.22390000000000002,2.0,0.0,6.0,0.0,248.0
0.0,8.0,21.0,1.0,0.71999999999999997,0.68180000000000007,0.69999999999999996,0.22390000000000002,2.0,0.0,6.0,0.0,225.0
0.0,8.0,22.0,2.0,0.69999999999999996,0.66670000000000007,0.73999999999999999,0.19399999999999998,2.0,0.0,6.0,0.0,223.0
0.0,8.0,23.0,1.0,0.69999999999999996,0.66670000000000007,0.73999999999999999,0.1343,2.0,0.0,6.0,0.0,157.0
0.0,8.0,0.0,1.0,0.69999999999999996,0.66670000000000007,0.73999999999999999,0.19399999999999998,2.0,0.0,7.0,0.0,74.0
0.0,8.0,1.0,1.0,0.67999999999999994,0.63639999999999997,0.79000000000000004,0.22390000000000002,2.0,0.0,7.0,0.0,86.0
0.0,8.0,2.0,1.0,0.67999999999999994,0.63639999999999997,0.79000000000000004,0.19399999999999998,2.0,0.0,7.0,0.0,64.0
0.0,8.0,3.0,1.0,0.65999999999999992,0.60609999999999997,0.82999999999999996,0.22390000000000002,2.0,0.0,7.0,0.0,51.0
0.0,8.0,4.0,1.0,0.67999999999999994,0.63639999999999997,0.82999999999999996,0.22390000000000002,2.0,0.0,7.0,0.0,6.0
0.0,8.0,5.0,1.0,0.65999999999999992,0.59089999999999998,0.89000000000000001,0.29850000000000004,2.0,0.0,7.0,0.0,8.0
0.0,8.0,6.0,1.0,0.65999999999999992,0.59089999999999998,0.89000000000000001,0.28360000000000002,2.0,0.0,7.0,0.0,14.0
0.0,8.0,7.0,1.0,0.67999999999999994,0.63639999999999997,0.82999999999999996,0.29850000000000004,2.0,0.0,7.0,0.0,31.0
0.0,8.0,8.0,1.0,0.69999999999999996,0.66670000000000007,0.79000000000000004,0.22390000000000002,2.0,0.0,7.0,0.0,92.0
0.0,8.0,9.0,1.0,0.71999999999999997,0.69700000000000006,0.73999999999999999,0.22390000000000002,2.0,0.0,7.0,0.0,231.0
0.0,8.0,10.0,1.0,0.73999999999999999,0.71209999999999996,0.73999999999999999,0.25370000000000004,2.0,0.0,7.0,0.0,274.0
0.0,8.0,11.0,1.0,0.79999999999999993,0.78790000000000004,0.63,0.28360000000000002,2.0,0.0,7.0,0.0,313.0
0.0,8.0,12.0,1.0,0.81999999999999995,0.80299999999999994,0.58999999999999997,0.28360000000000002,2.0,0.0,7.0,0.0,374.0
0.0,8.0,13.0,1.0,0.79999999999999993,0.77269999999999994,0.58999999999999997,0.41790000000000005,2.0,0.0,7.0,0.0,310.0
0.0,8.0,14.0,3.0,0.69999999999999996,0.66670000000000007,0.79000000000000004,0.3881,2.0,0.0,7.0,0.0,235.0
0.0,8.0,15.0,1.0,0.69999999999999996,0.66670000000000007,0.83999999999999997,0.28360000000000002,2.0,0.0,7.0,0.0,68.0
0.0,8.0,16.0,1.0,0.71999999999999997,0.69700000000000006,0.79000000000000004,0.16420000000000001,2.0,0.0,7.0,0.0,258.0
0.0,8.0,17.0,1.0,0.71999999999999997,0.69700000000000006,0.79000000000000004,0.1343,2.0,0.0,7.0,0.0,270.0
0.0,8.0,18.0,1.0,0.71999999999999997,0.69700000000000006,0.79000000000000004,0.25370000000000004,2.0,0.0,7.0,0.0,311.0
0.0,8.0,19.0,1.0,0.71999999999999997,0.68180000000000007,0.69999999999999996,0.25370000000000004,2.0,0.0,7.0,0.0,282.0
0.0,8.0,20.0,1.0,0.69999999999999996,0.66670000000000007,0.79000000000000004,0.25370000000000004,2.0,0.0,7.0,0.0,181.0
0.0,8.0,21.0,1.0,0.69999999999999996,0.66670000000000007,0.79000000000000004,0.25370000000000004,2.0,0.0,7.0,0.0,138.0
0.0,8.0,22.0,2.0,0.69999999999999996,0.66670000000000007,0.79000000000000004,0.19399999999999998,2.0,0.0,7.0,0.0,134.0
0.0,8.0,23.0,1.0,0.69999999999999996,0.66670000000000007,0.73999999999999999,0.16420000000000001,2.0,0.0,7.0,0.0,68.0
0.0,8.0,0.0,1.0,0.67999999999999994,0.63639999999999997,0.79000000000000004,0.16420000000000001,2.0,0.0,1.0,1.0,40.0
0.0,8.0,1.0,1.0,0.67999999999999994,0.63639999999999997,0.79000000000000004,0.089599999999999999,2.0,0.0,1.0,1.0,21.0
0.0,8.0,2.0,2.0,0.69999999999999996,0.65150000000000008,0.65000000000000002,0.1045,2.0,0.0,1.0,1.0,8.0
0.0,8.0,3.0,3.0,0.69999999999999996,0.65150000000000008,0.65000000000000002,0.1343,2.0,0.0,1.0,1.0,5.0
0.0,8.0,4.0,1.0,0.67999999999999994,0.63639999999999997,0.65000000000000002,0.19399999999999998,2.0,0.0,1.0,1.0,12.0
0.0,8.0,5.0,1.0,0.65999999999999992,0.62119999999999997,0.65000000000000002,0.35820000000000002,2.0,0.0,1.0,1.0,24.0
0.0,8.0,6.0,1.0,0.65999999999999992,0.62119999999999997,0.60999999999999999,0.29850000000000004,2.0,0.0,1.0,1.0,112.0
0.0,8.0,7.0,1.0,0.65999999999999992,0.62119999999999997,0.60999999999999999,0.32840000000000003,2.0,0.0,1.0,1.0,281.0
0.0,8.0,8.0,1.0,0.65999999999999992,0.62119999999999997,0.60999999999999999,0.32840000000000003,2.0,0.0,1.0,1.0,351.0
0.0,8.0,9.0,1.0,0.67999999999999994,0.63639999999999997,0.54000000000000004,0.25370000000000004,2.0,0.0,1.0,1.0,187.0
0.0,8.0,10.0,1.0,0.69999999999999996,0.65150000000000008,0.47999999999999998,0.28360000000000002,2.0,0.0,1.0,1.0,121.0
0.0,8.0,11.0,1.0,0.71999999999999997,0.65150000000000008,0.34000000000000002,0.32840000000000003,2.0,0.0,1.0,1.0,131.0
0.0,8.0,12.0,1.0,0.73999999999999999,0.65150000000000008,0.34999999999999998,0.3881,2.0,0.0,1.0,1.0,207.0
0.0,8.0,13.0,1.0,0.73999999999999999,0.65150000000000008,0.29999999999999999,0.4627,2.0,0.0,1.0,1.0,205.0
0.0,8.0,14.0,1.0,0.73999999999999999,0.65150000000000008,0.29999999999999999,0.3881,2.0,0.0,1.0,1.0,225.0
0.0,8.0,15.0,1.0,0.73999999999999999,0.65150000000000008,0.29999999999999999,0.29850000000000004,2.0,0.0,1.0,1.0,199.0
0.0,8.0,16.0,1.0,0.73999999999999999,0.65150000000000008,0.29999999999999999,0.3881,2.0,0.0,1.0,1.0,320.0
0.0,8.0,17.0,1.0,0.73999999999999999,0.65150000000000008,0.27000000000000002,0.32840000000000003,2.0,0.0,1.0,1.0,591.0
0.0,8.0,18.0,1.0,0.71999999999999997,0.65150000000000008,0.28000000000000003,0.29850000000000004,2.0,0.0,1.0,1.0,609.0
0.0,8.0,19.0,1.0,0.69999999999999996,0.63639999999999997,0.29999999999999999,0.28360000000000002,2.0,0.0,1.0,1.0,416.0
0.0,8.0,20.0,1.0,0.65999999999999992,0.62119999999999997,0.34000000000000002,0.19399999999999998,2.0,0.0,1.0,1.0,268.0
0.0,8.0,21.0,1.0,0.64000000000000001,0.62119999999999997,0.38,0.19399999999999998,2.0,0.0,1.0,1.0,208.0
0.0,8.0,22.0,1.0,0.64000000000000001,0.62119999999999997,0.38,0.29850000000000004,2.0,0.0,1.0,1.0,153.0
0.0,8.0,23.0,1.0,0.62,0.62119999999999997,0.40999999999999998,0.25370000000000004,2.0,0.0,1.0,1.0,64.0
0.0,8.0,0.0,1.0,0.60000000000000009,0.62119999999999997,0.42999999999999999,0.19399999999999998,2.0,0.0,2.0,1.0,35.0
0.0,8.0,1.0,1.0,0.58000000000000007,0.54549999999999998,0.48999999999999999,0.19399999999999998,2.0,0.0,2.0,1.0,19.0
0.0,8.0,2.0,1.0,0.56000000000000005,0.53029999999999999,0.52000000000000002,0.19399999999999998,2.0,0.0,2.0,1.0,6.0
0.0,8.0,3.0,1.0,0.56000000000000005,0.53029999999999999,0.52000000000000002,0.28360000000000002,2.0,0.0,2.0,1.0,6.0
0.0,8.0,4.0,1.0,0.54000000000000004,0.51519999999999999,0.56000000000000005,0.16420000000000001,2.0,0.0,2.0,1.0,5.0
0.0,8.0,5.0,1.0,0.54000000000000004,0.51519999999999999,0.56000000000000005,0.19399999999999998,2.0,0.0,2.0,1.0,36.0
0.0,8.0,6.0,1.0,0.54000000000000004,0.51519999999999999,0.59999999999999998,0.19399999999999998,2.0,0.0,2.0,1.0,114.0
0.0,8.0,7.0,1.0,0.60000000000000009,0.62119999999999997,0.48999999999999999,0.19399999999999998,2.0,0.0,2.0,1.0,344.0
0.0,8.0,8.0,2.0,0.62,0.62119999999999997,0.5,0.0,2.0,0.0,2.0,1.0,504.0
0.0,8.0,9.0,2.0,0.65999999999999992,0.62119999999999997,0.44,0.0,2.0,0.0,2.0,1.0,225.0
0.0,8.0,10.0,1.0,0.69999999999999996,0.63639999999999997,0.37,0.0,2.0,0.0,2.0,1.0,148.0
0.0,8.0,11.0,1.0,0.69999999999999996,0.63639999999999997,0.34000000000000002,0.1045,2.0,0.0,2.0,1.0,186.0
0.0,8.0,12.0,1.0,0.69999999999999996,0.63639999999999997,0.39000000000000001,0.089599999999999999,2.0,0.0,2.0,1.0,237.0
0.0,8.0,13.0,1.0,0.71999999999999997,0.65150000000000008,0.29999999999999999,0.1045,2.0,0.0,2.0,1.0,234.0
0.0,8.0,14.0,1.0,0.71999999999999997,0.65150000000000008,0.29999999999999999,0.089599999999999999,2.0,0.0,2.0,1.0,651.0
0.0,8.0,15.0,1.0,0.71999999999999997,0.65150000000000008,0.34000000000000002,0.22390000000000002,2.0,0.0,2.0,1.0,601.0
0.0,8.0,16.0,1.0,0.71999999999999997,0.65150000000000008,0.32000000000000001,0.1343,2.0,0.0,2.0,1.0,444.0
0.0,8.0,17.0,1.0,0.71999999999999997,0.65150000000000008,0.34000000000000002,0.22390000000000002,2.0,0.0,2.0,1.0,472.0
0.0,8.0,18.0,1.0,0.71999999999999997,0.65150000000000008,0.34000000000000002,0.19399999999999998,2.0,0.0,2.0,1.0,519.0
0.0,8.0,19.0,1.0,0.65999999999999992,0.62119999999999997,0.5,0.22390000000000002,2.0,0.0,2.0,1.0,367.0
0.0,8.0,20.0,1.0,0.64000000000000001,0.62119999999999997,0.53000000000000003,0.25370000000000004,2.0,0.0,2.0,1.0,260.0
0.0,8.0,21.0,1.0,0.62,0.62119999999999997,0.56999999999999995,0.0,2.0,0.0,2.0,1.0,211.0
0.0,8.0,22.0,1.0,0.62,0.62119999999999997,0.56999999999999995,0.1343,2.0,0.0,2.0,1.0,191.0
0.0,8.0,23.0,1.0,0.62,0.60609999999999997,0.60999999999999999,0.1343,2.0,0.0,2.0,1.0,80.0
0.0,8.0,0.0,1.0,0.62,0.62119999999999997,0.56999999999999995,0.1343,2.0,0.0,3.0,1.0,38.0
0.0,8.0,1.0,1.0,0.60000000000000009,0.60609999999999997,0.59999999999999998,0.1045,2.0,0.0,3.0,1.0,24.0
0.0,8.0,2.0,1.0,0.58000000000000007,0.54549999999999998,0.68000000000000005,0.1343,2.0,0.0,3.0,1.0,6.0
0.0,8.0,3.0,1.0,0.58000000000000007,0.54549999999999998,0.68000000000000005,0.1343,2.0,0.0,3.0,1.0,1.0
0.0,8.0,4.0,1.0,0.56000000000000005,0.53029999999999999,0.72999999999999998,0.1045,2.0,0.0,3.0,1.0,7.0
0.0,8.0,5.0,1.0,0.56000000000000005,0.53029999999999999,0.72999999999999998,0.1045,2.0,0.0,3.0,1.0,27.0
0.0,8.0,6.0,1.0,0.56000000000000005,0.53029999999999999,0.72999999999999998,0.0,2.0,0.0,3.0,1.0,108.0
0.0,8.0,7.0,1.0,0.60000000000000009,0.60609999999999997,0.64000000000000001,0.089599999999999999,2.0,0.0,3.0,1.0,308.0
0.0,8.0,8.0,1.0,0.62,0.60609999999999997,0.68999999999999995,0.1343,2.0,0.0,3.0,1.0,468.0
0.0,8.0,9.0,1.0,0.64000000000000001,0.60609999999999997,0.68999999999999995,0.25370000000000004,2.0,0.0,3.0,1.0,213.0
0.0,8.0,10.0,1.0,0.69999999999999996,0.65150000000000008,0.57999999999999996,0.28360000000000002,2.0,0.0,3.0,1.0,146.0
0.0,8.0,11.0,1.0,0.71999999999999997,0.66670000000000007,0.54000000000000004,0.29850000000000004,2.0,0.0,3.0,1.0,185.0
0.0,8.0,12.0,1.0,0.73999999999999999,0.68180000000000007,0.55000000000000004,0.32840000000000003,2.0,0.0,3.0,1.0,235.0
0.0,8.0,13.0,1.0,0.76000000000000001,0.68180000000000007,0.47999999999999998,0.41790000000000005,2.0,0.0,3.0,1.0,236.0
0.0,8.0,14.0,1.0,0.76000000000000001,0.68180000000000007,0.47999999999999998,0.41790000000000005,2.0,0.0,3.0,1.0,204.0
0.0,8.0,15.0,1.0,0.76000000000000001,0.68180000000000007,0.47999999999999998,0.44780000000000003,2.0,0.0,3.0,1.0,204.0
0.0,8.0,16.0,1.0,0.76000000000000001,0.69700000000000006,0.52000000000000002,0.41790000000000005,2.0,0.0,3.0,1.0,271.0
0.0,8.0,17.0,1.0,0.76000000000000001,0.69700000000000006,0.52000000000000002,0.35820000000000002,2.0,0.0,3.0,1.0,567.0
0.0,8.0,18.0,1.0,0.73999999999999999,0.68180000000000007,0.55000000000000004,0.29850000000000004,2.0,0.0,3.0,1.0,621.0
0.0,8.0,19.0,1.0,0.73999999999999999,0.68180000000000007,0.55000000000000004,0.29850000000000004,2.0,0.0,3.0,1.0,440.0
0.0,8.0,20.0,1.0,0.71999999999999997,0.66670000000000007,0.57999999999999996,0.29850000000000004,2.0,0.0,3.0,1.0,334.0
0.0,8.0,21.0,1.0,0.69999999999999996,0.65150000000000008,0.60999999999999999,0.35820000000000002,2.0,0.0,3.0,1.0,236.0
0.0,8.0,22.0,1.0,0.69999999999999996,0.65150000000000008,0.65000000000000002,0.35820000000000002,2.0,0.0,3.0,1.0,181.0
0.0,8.0,23.0,1.0,0.67999999999999994,0.63639999999999997,0.68999999999999995,0.29850000000000004,2.0,0.0,3.0,1.0,70.0
0.0,8.0,0.0,1.0,0.67999999999999994,0.63639999999999997,0.73999999999999999,0.29850000000000004,2.0,0.0,4.0,1.0,52.0
0.0,8.0,1.0,1.0,0.67999999999999994,0.63639999999999997,0.68999999999999995,0.3881,2.0,0.0,4.0,1.0,15.0
0.0,8.0,2.0,1.0,0.67999999999999994,0.63639999999999997,0.68999999999999995,0.3881,2.0,0.0,4.0,1.0,5.0
0.0,8.0,3.0,1.0,0.65999999999999992,0.62119999999999997,0.73999999999999999,0.32840000000000003,2.0,0.0,4.0,1.0,4.0
0.0,8.0,4.0,1.0,0.65999999999999992,0.60609999999999997,0.78000000000000003,0.3881,2.0,0.0,4.0,1.0,7.0
0.0,8.0,5.0,1.0,0.65999999999999992,0.60609999999999997,0.82999999999999996,0.41790000000000005,2.0,0.0,4.0,1.0,26.0
0.0,8.0,6.0,1.0,0.65999999999999992,0.60609999999999997,0.82999999999999996,0.32840000000000003,2.0,0.0,4.0,1.0,102.0
0.0,8.0,7.0,2.0,0.67999999999999994,0.63639999999999997,0.79000000000000004,0.32840000000000003,2.0,0.0,4.0,1.0,313.0
0.0,8.0,8.0,2.0,0.69999999999999996,0.66670000000000007,0.73999999999999999,0.29850000000000004,2.0,0.0,4.0,1.0,484.0
0.0,8.0,9.0,2.0,0.71999999999999997,0.68180000000000007,0.69999999999999996,0.29850000000000004,2.0,0.0,4.0,1.0,162.0
0.0,8.0,10.0,2.0,0.73999999999999999,0.69700000000000006,0.66000000000000003,0.29850000000000004,2.0,0.0,4.0,1.0,142.0
0.0,8.0,11.0,3.0,0.69999999999999996,0.66670000000000007,0.79000000000000004,0.0,2.0,0.0,4.0,1.0,151.0
0.0,8.0,12.0,3.0,0.69999999999999996,0.66670000000000007,0.79000000000000004,0.0,2.0,0.0,4.0,1.0,41.0
0.0,8.0,13.0,1.0,0.69999999999999996,0.66670000000000007,0.79000000000000004,0.1045,2.0,0.0,4.0,1.0,37.0
0.0,8.0,14.0,2.0,0.71999999999999997,0.69700000000000006,0.73999999999999999,0.0,2.0,0.0,4.0,1.0,113.0
0.0,8.0,15.0,2.0,0.73999999999999999,0.69700000000000006,0.69999999999999996,0.0,2.0,0.0,4.0,1.0,132.0
0.0,8.0,16.0,1.0,0.71999999999999997,0.71209999999999996,0.83999999999999997,0.0,2.0,0.0,4.0,1.0,121.0
0.0,8.0,17.0,1.0,0.71999999999999997,0.71209999999999996,0.83999999999999997,0.0,2.0,0.0,4.0,1.0,312.0
0.0,8.0,18.0,2.0,0.71999999999999997,0.71209999999999996,0.83999999999999997,0.1343,2.0,0.0,4.0,1.0,408.0
0.0,8.0,19.0,2.0,0.65999999999999992,0.60609999999999997,0.78000000000000003,0.32840000000000003,2.0,0.0,4.0,1.0,272.0
0.0,8.0,20.0,1.0,0.64000000000000001,0.59089999999999998,0.78000000000000003,0.35820000000000002,2.0,0.0,4.0,1.0,225.0
0.0,8.0,21.0,1.0,0.64000000000000001,0.59089999999999998,0.78000000000000003,0.28360000000000002,2.0,0.0,4.0,1.0,187.0
0.0,8.0,22.0,1.0,0.62,0.57579999999999998,0.82999999999999996,0.0,2.0,0.0,4.0,1.0,147.0
0.0,8.0,23.0,1.0,0.62,0.57579999999999998,0.82999999999999996,0.089599999999999999,2.0,0.0,4.0,1.0,84.0
0.0,8.0,0.0,1.0,0.62,0.57579999999999998,0.82999999999999996,0.1343,2.0,0.0,5.0,1.0,51.0
0.0,8.0,1.0,1.0,0.62,0.57579999999999998,0.82999999999999996,0.0,2.0,0.0,5.0,1.0,23.0
0.0,8.0,2.0,1.0,0.62,0.56059999999999999,0.88,0.1343,2.0,0.0,5.0,1.0,20.0
0.0,8.0,3.0,1.0,0.60000000000000009,0.54549999999999998,0.88,0.1045,2.0,0.0,5.0,1.0,11.0
0.0,8.0,4.0,1.0,0.62,0.56059999999999999,0.88,0.0,2.0,0.0,5.0,1.0,8.0
0.0,8.0,5.0,2.0,0.62,0.56059999999999999,0.88,0.0,2.0,0.0,5.0,1.0,26.0
0.0,8.0,6.0,1.0,0.62,0.56059999999999999,0.88,0.0,2.0,0.0,5.0,1.0,105.0
0.0,8.0,7.0,1.0,0.64000000000000001,0.57579999999999998,0.82999999999999996,0.0,2.0,0.0,5.0,1.0,266.0
0.0,8.0,8.0,1.0,0.65999999999999992,0.60609999999999997,0.82999999999999996,0.1045,2.0,0.0,5.0,1.0,404.0
0.0,8.0,9.0,1.0,0.69999999999999996,0.66670000000000007,0.73999999999999999,0.0,2.0,0.0,5.0,1.0,230.0
0.0,8.0,10.0,1.0,0.73999999999999999,0.69700000000000006,0.66000000000000003,0.089599999999999999,2.0,0.0,5.0,1.0,123.0
0.0,8.0,11.0,2.0,0.76000000000000001,0.71209999999999996,0.62,0.0,2.0,0.0,5.0,1.0,214.0
0.0,8.0,12.0,2.0,0.76000000000000001,0.72730000000000006,0.66000000000000003,0.1045,2.0,0.0,5.0,1.0,243.0
0.0,8.0,13.0,2.0,0.78000000000000003,0.74239999999999995,0.58999999999999997,0.1045,2.0,0.0,5.0,1.0,237.0
0.0,8.0,14.0,1.0,0.79999999999999993,0.77269999999999994,0.58999999999999997,0.0,2.0,0.0,5.0,1.0,219.0
0.0,8.0,15.0,2.0,0.79999999999999993,0.77269999999999994,0.58999999999999997,0.19399999999999998,2.0,0.0,5.0,1.0,249.0
0.0,8.0,16.0,1.0,0.78000000000000003,0.74239999999999995,0.62,0.1045,2.0,0.0,5.0,1.0,343.0
0.0,8.0,17.0,1.0,0.73999999999999999,0.71209999999999996,0.73999999999999999,0.25370000000000004,2.0,0.0,5.0,1.0,489.0
0.0,8.0,18.0,2.0,0.73999999999999999,0.71209999999999996,0.73999999999999999,0.1343,2.0,0.0,5.0,1.0,410.0
0.0,8.0,19.0,1.0,0.71999999999999997,0.69700000000000006,0.79000000000000004,0.1045,2.0,0.0,5.0,1.0,290.0
0.0,8.0,20.0,1.0,0.71999999999999997,0.69700000000000006,0.79000000000000004,0.089599999999999999,2.0,0.0,5.0,1.0,222.0
0.0,8.0,21.0,1.0,0.71999999999999997,0.69700000000000006,0.79000000000000004,0.16420000000000001,2.0,0.0,5.0,1.0,190.0
0.0,8.0,22.0,1.0,0.71999999999999997,0.69700000000000006,0.79000000000000004,0.1045,2.0,0.0,5.0,1.0,152.0
0.0,8.0,23.0,1.0,0.69999999999999996,0.66670000000000007,0.83999999999999997,0.089599999999999999,2.0,0.0,5.0,1.0,136.0
0.0,8.0,0.0,1.0,0.69999999999999996,0.66670000000000007,0.83999999999999997,0.1045,2.0,0.0,6.0,0.0,145.0
0.0,8.0,1.0,1.0,0.69999999999999996,0.66670000000000007,0.83999999999999997,0.16420000000000001,2.0,0.0,6.0,0.0,64.0
0.0,8.0,2.0,1.0,0.69999999999999996,0.66670000000000007,0.83999999999999997,0.19399999999999998,2.0,0.0,6.0,0.0,77.0
0.0,8.0,3.0,2.0,0.69999999999999996,0.66670000000000007,0.83999999999999997,0.22390000000000002,2.0,0.0,6.0,0.0,30.0
0.0,8.0,4.0,2.0,0.69999999999999996,0.66670000000000007,0.83999999999999997,0.22390000000000002,2.0,0.0,6.0,0.0,4.0
0.0,8.0,5.0,2.0,0.69999999999999996,0.66670000000000007,0.83999999999999997,0.29850000000000004,2.0,0.0,6.0,0.0,12.0
0.0,8.0,6.0,2.0,0.69999999999999996,0.66670000000000007,0.83999999999999997,0.29850000000000004,2.0,0.0,6.0,0.0,18.0
0.0,8.0,7.0,2.0,0.69999999999999996,0.66670000000000007,0.83999999999999997,0.35820000000000002,2.0,0.0,6.0,0.0,28.0
0.0,8.0,8.0,2.0,0.69999999999999996,0.66670000000000007,0.83999999999999997,0.25370000000000004,2.0,0.0,6.0,0.0,76.0
0.0,8.0,9.0,2.0,0.69999999999999996,0.66670000000000007,0.83999999999999997,0.41790000000000005,2.0,0.0,6.0,0.0,156.0
0.0,8.0,10.0,2.0,0.69999999999999996,0.66670000000000007,0.79000000000000004,0.4627,2.0,0.0,6.0,0.0,205.0
0.0,8.0,11.0,3.0,0.65999999999999992,0.59089999999999998,0.89000000000000001,0.41790000000000005,2.0,0.0,6.0,0.0,88.0
0.0,8.0,12.0,3.0,0.65999999999999992,0.60609999999999997,0.82999999999999996,0.49250000000000005,2.0,0.0,6.0,0.0,76.0
0.0,8.0,13.0,3.0,0.65999999999999992,0.60609999999999997,0.82999999999999996,0.3881,2.0,0.0,6.0,0.0,43.0
0.0,8.0,14.0,3.0,0.64000000000000001,0.57579999999999998,0.89000000000000001,0.55220000000000002,2.0,0.0,6.0,0.0,23.0
0.0,8.0,15.0,3.0,0.64000000000000001,0.57579999999999998,0.89000000000000001,0.55220000000000002,2.0,0.0,6.0,0.0,30.0
0.0,8.0,16.0,3.0,0.64000000000000001,0.57579999999999998,0.89000000000000001,0.52239999999999998,2.0,0.0,6.0,0.0,24.0
0.0,8.0,17.0,3.0,0.64000000000000001,0.57579999999999998,0.89000000000000001,0.8358000000000001,2.0,0.0,6.0,0.0,16.0
0.0,8.0,7.0,3.0,0.62,0.57579999999999998,0.82999999999999996,0.35820000000000002,2.0,0.0,7.0,0.0,1.0
0.0,8.0,8.0,3.0,0.62,0.57579999999999998,0.82999999999999996,0.41790000000000005,2.0,0.0,7.0,0.0,8.0
0.0,8.0,9.0,1.0,0.65999999999999992,0.62119999999999997,0.73999999999999999,0.41790000000000005,2.0,0.0,7.0,0.0,53.0
0.0,8.0,10.0,1.0,0.69999999999999996,0.65150000000000008,0.60999999999999999,0.6119,2.0,0.0,7.0,0.0,142.0
0.0,8.0,11.0,1.0,0.69999999999999996,0.65150000000000008,0.57999999999999996,0.3881,2.0,0.0,7.0,0.0,237.0
0.0,8.0,12.0,1.0,0.73999999999999999,0.66670000000000007,0.51000000000000001,0.3881,2.0,0.0,7.0,0.0,306.0
0.0,8.0,13.0,1.0,0.76000000000000001,0.68180000000000007,0.45000000000000001,0.35820000000000002,2.0,0.0,7.0,0.0,431.0
0.0,8.0,14.0,1.0,0.78000000000000003,0.69700000000000006,0.42999999999999999,0.41790000000000005,2.0,0.0,7.0,0.0,447.0
0.0,8.0,15.0,1.0,0.78000000000000003,0.69700000000000006,0.42999999999999999,0.35820000000000002,2.0,0.0,7.0,0.0,469.0
0.0,8.0,16.0,1.0,0.79999999999999993,0.71209999999999996,0.35999999999999999,0.3881,2.0,0.0,7.0,0.0,491.0
0.0,8.0,17.0,1.0,0.76000000000000001,0.68180000000000007,0.40000000000000002,0.29850000000000004,2.0,0.0,7.0,0.0,398.0
0.0,8.0,18.0,1.0,0.73999999999999999,0.66670000000000007,0.41999999999999998,0.22390000000000002,2.0,0.0,7.0,0.0,402.0
0.0,8.0,19.0,1.0,0.71999999999999997,0.66670000000000007,0.47999999999999998,0.1045,2.0,0.0,7.0,0.0,387.0
0.0,8.0,20.0,1.0,0.71999999999999997,0.65150000000000008,0.45000000000000001,0.1045,2.0,0.0,7.0,0.0,214.0
0.0,8.0,21.0,1.0,0.65999999999999992,0.62119999999999997,0.60999999999999999,0.1343,2.0,0.0,7.0,0.0,186.0
0.0,8.0,22.0,1.0,0.64000000000000001,0.60609999999999997,0.68999999999999995,0.1045,2.0,0.0,7.0,0.0,98.0
0.0,8.0,23.0,1.0,0.62,0.59089999999999998,0.72999999999999998,0.1045,2.0,0.0,7.0,0.0,64.0
0.0,8.0,0.0,1.0,0.62,0.59089999999999998,0.72999999999999998,0.1045,2.0,0.0,1.0,1.0,34.0
0.0,8.0,1.0,1.0,0.60000000000000009,0.59089999999999998,0.68999999999999995,0.1045,2.0,0.0,1.0,1.0,20.0
0.0,8.0,2.0,1.0,0.60000000000000009,0.59089999999999998,0.68999999999999995,0.19399999999999998,2.0,0.0,1.0,1.0,13.0
0.0,8.0,3.0,1.0,0.60000000000000009,0.59089999999999998,0.68999999999999995,0.1045,2.0,0.0,1.0,1.0,6.0
0.0,8.0,4.0,1.0,0.56000000000000005,0.53029999999999999,0.68000000000000005,0.1343,2.0,0.0,1.0,1.0,3.0
0.0,8.0,5.0,1.0,0.56000000000000005,0.53029999999999999,0.72999999999999998,0.1343,2.0,0.0,1.0,1.0,17.0
0.0,8.0,6.0,1.0,0.56000000000000005,0.53029999999999999,0.72999999999999998,0.1343,2.0,0.0,1.0,1.0,102.0
0.0,8.0,7.0,1.0,0.60000000000000009,0.60609999999999997,0.59999999999999998,0.22390000000000002,2.0,0.0,1.0,1.0,284.0
0.0,8.0,8.0,1.0,0.62,0.62119999999999997,0.56999999999999995,0.25370000000000004,2.0,0.0,1.0,1.0,404.0
0.0,8.0,9.0,1.0,0.62,0.62119999999999997,0.53000000000000003,0.25370000000000004,2.0,0.0,1.0,1.0,188.0
0.0,8.0,10.0,1.0,0.65999999999999992,0.62119999999999997,0.46999999999999997,0.22390000000000002,2.0,0.0,1.0,1.0,115.0
0.0,8.0,11.0,1.0,0.65999999999999992,0.62119999999999997,0.46999999999999997,0.16420000000000001,2.0,0.0,1.0,1.0,138.0
0.0,8.0,12.0,2.0,0.67999999999999994,0.63639999999999997,0.44,0.16420000000000001,2.0,0.0,1.0,1.0,207.0
0.0,8.0,13.0,2.0,0.69999999999999996,0.63639999999999997,0.39000000000000001,0.0,2.0,0.0,1.0,1.0,218.0
0.0,8.0,14.0,1.0,0.69999999999999996,0.63639999999999997,0.41999999999999998,0.0,2.0,0.0,1.0,1.0,182.0
0.0,8.0,15.0,1.0,0.69999999999999996,0.63639999999999997,0.41999999999999998,0.16420000000000001,2.0,0.0,1.0,1.0,220.0
0.0,8.0,16.0,1.0,0.71999999999999997,0.65150000000000008,0.41999999999999998,0.16420000000000001,2.0,0.0,1.0,1.0,282.0
0.0,8.0,17.0,2.0,0.69999999999999996,0.63639999999999997,0.46999999999999997,0.22390000000000002,2.0,0.0,1.0,1.0,591.0
0.0,8.0,18.0,1.0,0.65999999999999992,0.62119999999999997,0.46999999999999997,0.25370000000000004,2.0,0.0,1.0,1.0,547.0
0.0,8.0,19.0,1.0,0.65999999999999992,0.62119999999999997,0.46999999999999997,0.25370000000000004,2.0,0.0,1.0,1.0,367.0
0.0,8.0,20.0,1.0,0.64000000000000001,0.62119999999999997,0.53000000000000003,0.16420000000000001,2.0,0.0,1.0,1.0,277.0
0.0,8.0,21.0,1.0,0.64000000000000001,0.62119999999999997,0.53000000000000003,0.19399999999999998,2.0,0.0,1.0,1.0,202.0
0.0,8.0,22.0,1.0,0.62,0.62119999999999997,0.56999999999999995,0.1343,2.0,0.0,1.0,1.0,142.0
0.0,8.0,23.0,1.0,0.60000000000000009,0.60609999999999997,0.59999999999999998,0.089599999999999999,2.0,0.0,1.0,1.0,75.0
0.0,8.0,0.0,1.0,0.56000000000000005,0.53029999999999999,0.72999999999999998,0.1343,2.0,0.0,2.0,1.0,27.0
0.0,8.0,1.0,1.0,0.56000000000000005,0.53029999999999999,0.68000000000000005,0.1045,2.0,0.0,2.0,1.0,13.0
0.0,8.0,2.0,1.0,0.54000000000000004,0.51519999999999999,0.72999999999999998,0.1045,2.0,0.0,2.0,1.0,10.0
0.0,8.0,3.0,1.0,0.54000000000000004,0.51519999999999999,0.72999999999999998,0.19399999999999998,2.0,0.0,2.0,1.0,4.0
0.0,8.0,4.0,1.0,0.52000000000000002,0.5,0.77000000000000002,0.16420000000000001,2.0,0.0,2.0,1.0,6.0
0.0,8.0,5.0,1.0,0.52000000000000002,0.5,0.77000000000000002,0.089599999999999999,2.0,0.0,2.0,1.0,28.0
0.0,8.0,6.0,1.0,0.54000000000000004,0.51519999999999999,0.72999999999999998,0.1045,2.0,0.0,2.0,1.0,119.0
0.0,8.0,7.0,1.0,0.56000000000000005,0.53029999999999999,0.68000000000000005,0.1343,2.0,0.0,2.0,1.0,357.0
0.0,8.0,8.0,1.0,0.62,0.62119999999999997,0.56999999999999995,0.1343,2.0,0.0,2.0,1.0,493.0
0.0,8.0,9.0,1.0,0.65999999999999992,0.62119999999999997,0.5,0.22390000000000002,2.0,0.0,2.0,1.0,218.0
0.0,8.0,10.0,1.0,0.69999999999999996,0.63639999999999997,0.39000000000000001,0.22390000000000002,2.0,0.0,2.0,1.0,137.0
0.0,8.0,11.0,1.0,0.71999999999999997,0.65150000000000008,0.37,0.19399999999999998,2.0,0.0,2.0,1.0,175.0
0.0,8.0,12.0,1.0,0.71999999999999997,0.65150000000000008,0.37,0.0,2.0,0.0,2.0,1.0,237.0
0.0,8.0,13.0,1.0,0.73999999999999999,0.65150000000000008,0.34999999999999998,0.1045,2.0,0.0,2.0,1.0,229.0
0.0,8.0,14.0,1.0,0.73999999999999999,0.65150000000000008,0.33000000000000002,0.16420000000000001,2.0,0.0,2.0,1.0,209.0
0.0,8.0,15.0,1.0,0.73999999999999999,0.65150000000000008,0.34999999999999998,0.22390000000000002,2.0,0.0,2.0,1.0,196.0
0.0,8.0,16.0,1.0,0.73999999999999999,0.65150000000000008,0.37,0.16420000000000001,2.0,0.0,2.0,1.0,337.0
0.0,8.0,17.0,1.0,0.71999999999999997,0.65150000000000008,0.41999999999999998,0.19399999999999998,2.0,0.0,2.0,1.0,611.0
0.0,8.0,18.0,1.0,0.69999999999999996,0.63639999999999997,0.45000000000000001,0.16420000000000001,2.0,0.0,2.0,1.0,576.0
0.0,8.0,19.0,1.0,0.65999999999999992,0.62119999999999997,0.5,0.089599999999999999,2.0,0.0,2.0,1.0,465.0
0.0,8.0,20.0,1.0,0.65999999999999992,0.62119999999999997,0.5,0.0,2.0,0.0,2.0,1.0,298.0
0.0,8.0,21.0,1.0,0.64000000000000001,0.60609999999999997,0.65000000000000002,0.089599999999999999,2.0,0.0,2.0,1.0,223.0
0.0,8.0,22.0,1.0,0.62,0.60609999999999997,0.60999999999999999,0.0,2.0,0.0,2.0,1.0,143.0
0.0,8.0,23.0,1.0,0.62,0.60609999999999997,0.60999999999999999,0.0,2.0,0.0,2.0,1.0,93.0
0.0,8.0,0.0,1.0,0.60000000000000009,0.59089999999999998,0.68999999999999995,0.0,2.0,0.0,3.0,1.0,32.0
0.0,8.0,1.0,1.0,0.60000000000000009,0.59089999999999998,0.68999999999999995,0.0,2.0,0.0,3.0,1.0,15.0
0.0,8.0,2.0,1.0,0.56000000000000005,0.53029999999999999,0.72999999999999998,0.0,2.0,0.0,3.0,1.0,6.0
0.0,8.0,3.0,1.0,0.56000000000000005,0.53029999999999999,0.78000000000000003,0.0,2.0,0.0,3.0,1.0,6.0
0.0,8.0,4.0,1.0,0.56000000000000005,0.53029999999999999,0.72999999999999998,0.0,2.0,0.0,3.0,1.0,5.0
0.0,8.0,5.0,1.0,0.54000000000000004,0.51519999999999999,0.82999999999999996,0.089599999999999999,2.0,0.0,3.0,1.0,27.0
0.0,8.0,6.0,1.0,0.54000000000000004,0.51519999999999999,0.77000000000000002,0.0,2.0,0.0,3.0,1.0,111.0
0.0,8.0,7.0,1.0,0.60000000000000009,0.57579999999999998,0.78000000000000003,0.0,2.0,0.0,3.0,1.0,328.0
0.0,8.0,8.0,1.0,0.62,0.60609999999999997,0.68999999999999995,0.0,2.0,0.0,3.0,1.0,467.0
0.0,8.0,9.0,1.0,0.64000000000000001,0.60609999999999997,0.68999999999999995,0.089599999999999999,2.0,0.0,3.0,1.0,244.0
0.0,8.0,10.0,1.0,0.69999999999999996,0.63639999999999997,0.45000000000000001,0.1045,2.0,0.0,3.0,1.0,138.0
0.0,8.0,11.0,1.0,0.71999999999999997,0.65150000000000008,0.41999999999999998,0.1343,2.0,0.0,3.0,1.0,171.0
0.0,8.0,12.0,1.0,0.73999999999999999,0.66670000000000007,0.42999999999999999,0.1343,2.0,0.0,3.0,1.0,260.0
0.0,8.0,13.0,1.0,0.73999999999999999,0.65150000000000008,0.37,0.1045,2.0,0.0,3.0,1.0,221.0
0.0,8.0,14.0,1.0,0.73999999999999999,0.65150000000000008,0.40000000000000002,0.1343,2.0,0.0,3.0,1.0,196.0
0.0,8.0,15.0,1.0,0.73999999999999999,0.65150000000000008,0.40000000000000002,0.1343,2.0,0.0,3.0,1.0,172.0
0.0,8.0,16.0,1.0,0.73999999999999999,0.66670000000000007,0.41999999999999998,0.1343,2.0,0.0,3.0,1.0,309.0
0.0,8.0,17.0,1.0,0.71999999999999997,0.65150000000000008,0.45000000000000001,0.1343,2.0,0.0,3.0,1.0,608.0
0.0,8.0,18.0,1.0,0.69999999999999996,0.65150000000000008,0.51000000000000001,0.22390000000000002,2.0,0.0,3.0,1.0,565.0
0.0,8.0,19.0,1.0,0.83999999999999997,0.77269999999999994,0.46999999999999997,0.25370000000000004,2.0,0.0,3.0,1.0,446.0
0.0,8.0,20.0,1.0,0.65999999999999992,0.62119999999999997,0.56999999999999995,0.1343,2.0,0.0,3.0,1.0,289.0
0.0,8.0,21.0,1.0,0.65999999999999992,0.62119999999999997,0.60999999999999999,0.089599999999999999,2.0,0.0,3.0,1.0,201.0
0.0,8.0,22.0,1.0,0.64000000000000001,0.60609999999999997,0.68999999999999995,0.0,2.0,0.0,3.0,1.0,157.0
0.0,8.0,23.0,1.0,0.60000000000000009,0.57579999999999998,0.78000000000000003,0.1045,2.0,0.0,3.0,1.0,84.0
0.0,9.0,0.0,1.0,0.60000000000000009,0.57579999999999998,0.78000000000000003,0.1045,2.0,0.0,4.0,1.0,51.0
0.0,9.0,1.0,1.0,0.60000000000000009,0.59089999999999998,0.72999999999999998,0.089599999999999999,2.0,0.0,4.0,1.0,21.0
0.0,9.0,2.0,1.0,0.58000000000000007,0.54549999999999998,0.78000000000000003,0.089599999999999999,2.0,0.0,4.0,1.0,25.0
0.0,9.0,3.0,1.0,0.58000000000000007,0.54549999999999998,0.78000000000000003,0.089599999999999999,2.0,0.0,4.0,1.0,14.0
0.0,9.0,4.0,1.0,0.56000000000000005,0.53029999999999999,0.82999999999999996,0.089599999999999999,2.0,0.0,4.0,1.0,7.0
0.0,9.0,5.0,1.0,0.56000000000000005,0.53029999999999999,0.72999999999999998,0.089599999999999999,2.0,0.0,4.0,1.0,23.0
0.0,9.0,6.0,1.0,0.60000000000000009,0.57579999999999998,0.78000000000000003,0.0,2.0,0.0,4.0,1.0,105.0
0.0,9.0,7.0,1.0,0.60000000000000009,0.57579999999999998,0.78000000000000003,0.0,2.0,0.0,4.0,1.0,342.0
0.0,9.0,8.0,1.0,0.62,0.59089999999999998,0.72999999999999998,0.1343,2.0,0.0,4.0,1.0,498.0
0.0,9.0,9.0,1.0,0.64000000000000001,0.60609999999999997,0.68999999999999995,0.1045,2.0,0.0,4.0,1.0,207.0
0.0,9.0,10.0,1.0,0.67999999999999994,0.63639999999999997,0.60999999999999999,0.1343,2.0,0.0,4.0,1.0,138.0
0.0,9.0,11.0,1.0,0.71999999999999997,0.66670000000000007,0.51000000000000001,0.1343,2.0,0.0,4.0,1.0,192.0
0.0,9.0,12.0,2.0,0.71999999999999997,0.66670000000000007,0.51000000000000001,0.1343,2.0,0.0,4.0,1.0,229.0
0.0,9.0,13.0,2.0,0.71999999999999997,0.66670000000000007,0.47999999999999998,0.089599999999999999,2.0,0.0,4.0,1.0,219.0
0.0,9.0,14.0,3.0,0.71999999999999997,0.66670000000000007,0.54000000000000004,0.25370000000000004,2.0,0.0,4.0,1.0,198.0
0.0,9.0,15.0,1.0,0.71999999999999997,0.66670000000000007,0.51000000000000001,0.1343,2.0,0.0,4.0,1.0,174.0
0.0,9.0,16.0,1.0,0.73999999999999999,0.66670000000000007,0.51000000000000001,0.19399999999999998,2.0,0.0,4.0,1.0,308.0
0.0,9.0,17.0,1.0,0.71999999999999997,0.66670000000000007,0.54000000000000004,0.25370000000000004,2.0,0.0,4.0,1.0,628.0
0.0,9.0,18.0,1.0,0.71999999999999997,0.66670000000000007,0.54000000000000004,0.22390000000000002,2.0,0.0,4.0,1.0,531.0
0.0,9.0,19.0,1.0,0.69999999999999996,0.65150000000000008,0.57999999999999996,0.16420000000000001,2.0,0.0,4.0,1.0,443.0
0.0,9.0,20.0,1.0,0.65999999999999992,0.62119999999999997,0.60999999999999999,0.22390000000000002,2.0,0.0,4.0,1.0,280.0
0.0,9.0,21.0,2.0,0.65999999999999992,0.62119999999999997,0.56999999999999995,0.19399999999999998,2.0,0.0,4.0,1.0,177.0
0.0,9.0,22.0,2.0,0.65999999999999992,0.62119999999999997,0.56999999999999995,0.22390000000000002,2.0,0.0,4.0,1.0,179.0
0.0,9.0,23.0,1.0,0.64000000000000001,0.60609999999999997,0.65000000000000002,0.25370000000000004,2.0,0.0,4.0,1.0,126.0
0.0,9.0,0.0,1.0,0.64000000000000001,0.60609999999999997,0.65000000000000002,0.19399999999999998,2.0,0.0,5.0,1.0,64.0
0.0,9.0,1.0,3.0,0.62,0.59089999999999998,0.72999999999999998,0.1045,2.0,0.0,5.0,1.0,32.0
0.0,9.0,2.0,3.0,0.62,0.59089999999999998,0.72999999999999998,0.1045,2.0,0.0,5.0,1.0,20.0
0.0,9.0,3.0,2.0,0.60000000000000009,0.56059999999999999,0.82999999999999996,0.16420000000000001,2.0,0.0,5.0,1.0,8.0
0.0,9.0,4.0,1.0,0.60000000000000009,0.56059999999999999,0.82999999999999996,0.089599999999999999,2.0,0.0,5.0,1.0,4.0
0.0,9.0,5.0,2.0,0.60000000000000009,0.56059999999999999,0.82999999999999996,0.1343,2.0,0.0,5.0,1.0,20.0
0.0,9.0,6.0,1.0,0.60000000000000009,0.56059999999999999,0.82999999999999996,0.1343,2.0,0.0,5.0,1.0,76.0
0.0,9.0,7.0,1.0,0.60000000000000009,0.56059999999999999,0.82999999999999996,0.1045,2.0,0.0,5.0,1.0,259.0
0.0,9.0,8.0,1.0,0.62,0.59089999999999998,0.78000000000000003,0.19399999999999998,2.0,0.0,5.0,1.0,456.0
0.0,9.0,9.0,2.0,0.62,0.57579999999999998,0.82999999999999996,0.1045,2.0,0.0,5.0,1.0,220.0
0.0,9.0,10.0,2.0,0.64000000000000001,0.60609999999999997,0.76000000000000001,0.16420000000000001,2.0,0.0,5.0,1.0,140.0
0.0,9.0,11.0,2.0,0.65999999999999992,0.62119999999999997,0.73999999999999999,0.1045,2.0,0.0,5.0,1.0,192.0
0.0,9.0,12.0,2.0,0.65999999999999992,0.62119999999999997,0.68999999999999995,0.22390000000000002,2.0,0.0,5.0,1.0,260.0
0.0,9.0,13.0,2.0,0.67999999999999994,0.63639999999999997,0.65000000000000002,0.1343,2.0,0.0,5.0,1.0,279.0
0.0,9.0,14.0,2.0,0.69999999999999996,0.65150000000000008,0.60999999999999999,0.1045,2.0,0.0,5.0,1.0,283.0
0.0,9.0,15.0,2.0,0.69999999999999996,0.65150000000000008,0.60999999999999999,0.25370000000000004,2.0,0.0,5.0,1.0,346.0
0.0,9.0,16.0,2.0,0.69999999999999996,0.65150000000000008,0.60999999999999999,0.1343,2.0,0.0,5.0,1.0,381.0
0.0,9.0,17.0,2.0,0.67999999999999994,0.63639999999999997,0.65000000000000002,0.16420000000000001,2.0,0.0,5.0,1.0,455.0
0.0,9.0,18.0,2.0,0.67999999999999994,0.63639999999999997,0.65000000000000002,0.19399999999999998,2.0,0.0,5.0,1.0,355.0
0.0,9.0,19.0,1.0,0.65999999999999992,0.62119999999999997,0.68999999999999995,0.1343,2.0,0.0,5.0,1.0,287.0
0.0,9.0,20.0,1.0,0.64000000000000001,0.60609999999999997,0.72999999999999998,0.0,2.0,0.0,5.0,1.0,196.0
0.0,9.0,21.0,2.0,0.64000000000000001,0.60609999999999997,0.72999999999999998,0.089599999999999999,2.0,0.0,5.0,1.0,149.0
0.0,9.0,22.0,2.0,0.64000000000000001,0.60609999999999997,0.72999999999999998,0.16420000000000001,2.0,0.0,5.0,1.0,147.0
0.0,9.0,23.0,2.0,0.64000000000000001,0.60609999999999997,0.72999999999999998,0.16420000000000001,2.0,0.0,5.0,1.0,98.0
0.0,9.0,0.0,2.0,0.64000000000000001,0.60609999999999997,0.72999999999999998,0.1045,2.0,0.0,6.0,0.0,87.0
0.0,9.0,1.0,2.0,0.64000000000000001,0.60609999999999997,0.68999999999999995,0.25370000000000004,2.0,0.0,6.0,0.0,74.0
0.0,9.0,2.0,2.0,0.64000000000000001,0.60609999999999997,0.68999999999999995,0.22390000000000002,2.0,0.0,6.0,0.0,41.0
0.0,9.0,3.0,1.0,0.62,0.59089999999999998,0.72999999999999998,0.16420000000000001,2.0,0.0,6.0,0.0,35.0
0.0,9.0,4.0,1.0,0.62,0.59089999999999998,0.72999999999999998,0.16420000000000001,2.0,0.0,6.0,0.0,7.0
0.0,9.0,5.0,1.0,0.62,0.60609999999999997,0.68999999999999995,0.19399999999999998,2.0,0.0,6.0,0.0,12.0
0.0,9.0,6.0,1.0,0.62,0.59089999999999998,0.72999999999999998,0.16420000000000001,2.0,0.0,6.0,0.0,23.0
0.0,9.0,7.0,1.0,0.62,0.59089999999999998,0.72999999999999998,0.19399999999999998,2.0,0.0,6.0,0.0,38.0
0.0,9.0,8.0,1.0,0.64000000000000001,0.60609999999999997,0.68999999999999995,0.16420000000000001,2.0,0.0,6.0,0.0,89.0
0.0,9.0,9.0,2.0,0.65999999999999992,0.62119999999999997,0.68999999999999995,0.25370000000000004,2.0,0.0,6.0,0.0,201.0
0.0,9.0,10.0,3.0,0.65999999999999992,0.62119999999999997,0.65000000000000002,0.25370000000000004,2.0,0.0,6.0,0.0,258.0
0.0,9.0,11.0,3.0,0.65999999999999992,0.62119999999999997,0.68999999999999995,0.28360000000000002,2.0,0.0,6.0,0.0,194.0
0.0,9.0,12.0,1.0,0.69999999999999996,0.65150000000000008,0.60999999999999999,0.22390000000000002,2.0,0.0,6.0,0.0,257.0
0.0,9.0,13.0,1.0,0.69999999999999996,0.65150000000000008,0.65000000000000002,0.22390000000000002,2.0,0.0,6.0,0.0,353.0
0.0,9.0,14.0,2.0,0.71999999999999997,0.68180000000000007,0.66000000000000003,0.16420000000000001,2.0,0.0,6.0,0.0,380.0
0.0,9.0,15.0,1.0,0.71999999999999997,0.68180000000000007,0.69999999999999996,0.16420000000000001,2.0,0.0,6.0,0.0,388.0
0.0,9.0,16.0,1.0,0.71999999999999997,0.68180000000000007,0.69999999999999996,0.19399999999999998,2.0,0.0,6.0,0.0,374.0
0.0,9.0,17.0,1.0,0.71999999999999997,0.68180000000000007,0.69999999999999996,0.22390000000000002,2.0,0.0,6.0,0.0,371.0
0.0,9.0,18.0,1.0,0.71999999999999997,0.68180000000000007,0.69999999999999996,0.16420000000000001,2.0,0.0,6.0,0.0,339.0
0.0,9.0,19.0,1.0,0.69999999999999996,0.66670000000000007,0.73999999999999999,0.1343,2.0,0.0,6.0,0.0,295.0
0.0,9.0,20.0,1.0,0.69999999999999996,0.66670000000000007,0.79000000000000004,0.16420000000000001,2.0,0.0,6.0,0.0,219.0
0.0,9.0,21.0,1.0,0.67999999999999994,0.63639999999999997,0.82999999999999996,0.1343,2.0,0.0,6.0,0.0,164.0
0.0,9.0,22.0,1.0,0.67999999999999994,0.63639999999999997,0.82999999999999996,0.1045,2.0,0.0,6.0,0.0,162.0
0.0,9.0,23.0,1.0,0.65999999999999992,0.62119999999999997,0.84999999999999998,0.1343,2.0,0.0,6.0,0.0,123.0
0.0,9.0,0.0,1.0,0.65999999999999992,0.59089999999999998,0.89000000000000001,0.19399999999999998,2.0,0.0,7.0,0.0,109.0
0.0,9.0,1.0,1.0,0.65999999999999992,0.60609999999999997,0.82999999999999996,0.1343,2.0,0.0,7.0,0.0,75.0
0.0,9.0,2.0,1.0,0.65999999999999992,0.60609999999999997,0.82999999999999996,0.19399999999999998,2.0,0.0,7.0,0.0,60.0
0.0,9.0,3.0,1.0,0.64000000000000001,0.57579999999999998,0.89000000000000001,0.19399999999999998,2.0,0.0,7.0,0.0,43.0
0.0,9.0,4.0,1.0,0.64000000000000001,0.57579999999999998,0.82999999999999996,0.16420000000000001,2.0,0.0,7.0,0.0,4.0
0.0,9.0,5.0,1.0,0.64000000000000001,0.57579999999999998,0.82999999999999996,0.1343,2.0,0.0,7.0,0.0,6.0
0.0,9.0,6.0,1.0,0.64000000000000001,0.57579999999999998,0.83999999999999997,0.22390000000000002,2.0,0.0,7.0,0.0,3.0
0.0,9.0,7.0,1.0,0.65999999999999992,0.60609999999999997,0.78000000000000003,0.19399999999999998,2.0,0.0,7.0,0.0,30.0
0.0,9.0,8.0,1.0,0.65999999999999992,0.60609999999999997,0.78000000000000003,0.16420000000000001,2.0,0.0,7.0,0.0,70.0
0.0,9.0,9.0,1.0,0.65999999999999992,0.60609999999999997,0.78000000000000003,0.16420000000000001,2.0,0.0,7.0,0.0,189.0
0.0,9.0,10.0,1.0,0.69999999999999996,0.66670000000000007,0.73999999999999999,0.1343,2.0,0.0,7.0,0.0,297.0
0.0,9.0,11.0,1.0,0.73999999999999999,0.69700000000000006,0.69999999999999996,0.16420000000000001,2.0,0.0,7.0,0.0,337.0
0.0,9.0,12.0,1.0,0.76000000000000001,0.72730000000000006,0.66000000000000003,0.16420000000000001,2.0,0.0,7.0,0.0,435.0
0.0,9.0,13.0,2.0,0.78000000000000003,0.74239999999999995,0.62,0.28360000000000002,2.0,0.0,7.0,0.0,419.0
0.0,9.0,14.0,1.0,0.78000000000000003,0.75760000000000005,0.66000000000000003,0.32840000000000003,2.0,0.0,7.0,0.0,361.0
0.0,9.0,15.0,1.0,0.78000000000000003,0.75760000000000005,0.66000000000000003,0.28360000000000002,2.0,0.0,7.0,0.0,410.0
0.0,9.0,16.0,1.0,0.79999999999999993,0.77269999999999994,0.58999999999999997,0.22390000000000002,2.0,0.0,7.0,0.0,337.0
0.0,9.0,17.0,1.0,0.76000000000000001,0.72730000000000006,0.66000000000000003,0.22390000000000002,2.0,0.0,7.0,0.0,376.0
0.0,9.0,18.0,1.0,0.76000000000000001,0.72730000000000006,0.66000000000000003,0.19399999999999998,2.0,0.0,7.0,0.0,356.0
0.0,9.0,19.0,1.0,0.73999999999999999,0.69700000000000006,0.69999999999999996,0.19399999999999998,2.0,0.0,7.0,0.0,328.0
0.0,9.0,20.0,1.0,0.73999999999999999,0.69700000000000006,0.69999999999999996,0.29850000000000004,2.0,0.0,7.0,0.0,229.0
0.0,9.0,21.0,1.0,0.71999999999999997,0.69700000000000006,0.73999999999999999,0.25370000000000004,2.0,0.0,7.0,0.0,207.0
0.0,9.0,22.0,2.0,0.71999999999999997,0.69700000000000006,0.73999999999999999,0.28360000000000002,2.0,0.0,7.0,0.0,155.0
0.0,9.0,23.0,2.0,0.71999999999999997,0.68180000000000007,0.69999999999999996,0.16420000000000001,2.0,0.0,7.0,0.0,104.0
0.0,9.0,0.0,2.0,0.69999999999999996,0.66670000000000007,0.73999999999999999,0.22390000000000002,2.0,1.0,1.0,1.0,97.0
0.0,9.0,1.0,2.0,0.67999999999999994,0.63639999999999997,0.79000000000000004,0.1045,2.0,1.0,1.0,1.0,54.0
0.0,9.0,2.0,2.0,0.67999999999999994,0.63639999999999997,0.79000000000000004,0.16420000000000001,2.0,1.0,1.0,1.0,39.0
0.0,9.0,3.0,2.0,0.67999999999999994,0.63639999999999997,0.73999999999999999,0.29850000000000004,2.0,1.0,1.0,1.0,16.0
0.0,9.0,4.0,2.0,0.67999999999999994,0.63639999999999997,0.68999999999999995,0.28360000000000002,2.0,1.0,1.0,1.0,8.0
0.0,9.0,5.0,2.0,0.65999999999999992,0.62119999999999997,0.73999999999999999,0.16420000000000001,2.0,1.0,1.0,1.0,6.0
0.0,9.0,6.0,2.0,0.65999999999999992,0.62119999999999997,0.73999999999999999,0.1343,2.0,1.0,1.0,1.0,11.0
0.0,9.0,7.0,1.0,0.65999999999999992,0.62119999999999997,0.73999999999999999,0.16420000000000001,2.0,1.0,1.0,1.0,41.0
0.0,9.0,8.0,2.0,0.65999999999999992,0.60609999999999997,0.78000000000000003,0.19399999999999998,2.0,1.0,1.0,1.0,101.0
0.0,9.0,9.0,3.0,0.67999999999999994,0.63639999999999997,0.73999999999999999,0.16420000000000001,2.0,1.0,1.0,1.0,152.0
0.0,9.0,10.0,2.0,0.69999999999999996,0.65150000000000008,0.69999999999999996,0.16420000000000001,2.0,1.0,1.0,1.0,244.0
0.0,9.0,11.0,2.0,0.69999999999999996,0.66670000000000007,0.73999999999999999,0.16420000000000001,2.0,1.0,1.0,1.0,308.0
0.0,9.0,12.0,2.0,0.71999999999999997,0.68180000000000007,0.69999999999999996,0.19399999999999998,2.0,1.0,1.0,1.0,353.0
0.0,9.0,13.0,2.0,0.73999999999999999,0.69700000000000006,0.69999999999999996,0.1343,2.0,1.0,1.0,1.0,389.0
0.0,9.0,14.0,1.0,0.73999999999999999,0.69700000000000006,0.69999999999999996,0.16420000000000001,2.0,1.0,1.0,1.0,357.0
0.0,9.0,15.0,2.0,0.67999999999999994,0.63639999999999997,0.79000000000000004,0.28360000000000002,2.0,1.0,1.0,1.0,253.0
0.0,9.0,16.0,2.0,0.67999999999999994,0.63639999999999997,0.79000000000000004,0.28360000000000002,2.0,1.0,1.0,1.0,284.0
0.0,9.0,17.0,2.0,0.65999999999999992,0.59089999999999998,0.89000000000000001,0.1045,2.0,1.0,1.0,1.0,114.0
0.0,9.0,18.0,1.0,0.65999999999999992,0.59089999999999998,0.89000000000000001,0.089599999999999999,2.0,1.0,1.0,1.0,123.0
0.0,9.0,19.0,3.0,0.65999999999999992,0.59089999999999998,0.93999999999999995,0.1045,2.0,1.0,1.0,1.0,175.0
0.0,9.0,20.0,3.0,0.65999999999999992,0.59089999999999998,0.93999999999999995,0.25370000000000004,2.0,1.0,1.0,1.0,82.0
0.0,9.0,21.0,2.0,0.65999999999999992,0.59089999999999998,0.93999999999999995,0.29850000000000004,2.0,1.0,1.0,1.0,60.0
0.0,9.0,22.0,2.0,0.60000000000000009,0.54549999999999998,0.88,0.58210000000000006,2.0,1.0,1.0,1.0,64.0
0.0,9.0,23.0,3.0,0.56000000000000005,0.53029999999999999,0.88,0.3881,2.0,1.0,1.0,1.0,20.0
0.0,9.0,0.0,3.0,0.54000000000000004,0.51519999999999999,0.93999999999999995,0.35820000000000002,2.0,0.0,2.0,1.0,8.0
0.0,9.0,2.0,3.0,0.54000000000000004,0.51519999999999999,0.93999999999999995,0.25370000000000004,2.0,0.0,2.0,1.0,2.0
0.0,9.0,3.0,3.0,0.54000000000000004,0.51519999999999999,0.93999999999999995,0.29850000000000004,2.0,0.0,2.0,1.0,1.0
0.0,9.0,4.0,2.0,0.54000000000000004,0.51519999999999999,0.93999999999999995,0.29850000000000004,2.0,0.0,2.0,1.0,4.0
0.0,9.0,5.0,3.0,0.54000000000000004,0.51519999999999999,0.88,0.35820000000000002,2.0,0.0,2.0,1.0,21.0
0.0,9.0,6.0,2.0,0.54000000000000004,0.51519999999999999,0.88,0.32840000000000003,2.0,0.0,2.0,1.0,72.0
0.0,9.0,7.0,2.0,0.54000000000000004,0.51519999999999999,0.82999999999999996,0.35820000000000002,2.0,0.0,2.0,1.0,172.0
0.0,9.0,8.0,3.0,0.54000000000000004,0.51519999999999999,0.82999999999999996,0.3881,2.0,0.0,2.0,1.0,364.0
0.0,9.0,9.0,2.0,0.54000000000000004,0.51519999999999999,0.81000000000000005,0.41790000000000005,2.0,0.0,2.0,1.0,185.0
0.0,9.0,10.0,3.0,0.54000000000000004,0.51519999999999999,0.82999999999999996,0.35820000000000002,2.0,0.0,2.0,1.0,106.0
0.0,9.0,11.0,3.0,0.54000000000000004,0.51519999999999999,0.82999999999999996,0.3881,2.0,0.0,2.0,1.0,89.0
0.0,9.0,12.0,3.0,0.54000000000000004,0.51519999999999999,0.82999999999999996,0.3881,2.0,0.0,2.0,1.0,67.0
0.0,9.0,13.0,3.0,0.54000000000000004,0.51519999999999999,0.88,0.29850000000000004,2.0,0.0,2.0,1.0,29.0
0.0,9.0,14.0,3.0,0.54000000000000004,0.51519999999999999,0.88,0.28360000000000002,2.0,0.0,2.0,1.0,24.0
0.0,9.0,15.0,3.0,0.54000000000000004,0.51519999999999999,0.93999999999999995,0.3881,2.0,0.0,2.0,1.0,89.0
0.0,9.0,16.0,3.0,0.54000000000000004,0.51519999999999999,0.93999999999999995,0.3881,2.0,0.0,2.0,1.0,106.0
0.0,9.0,17.0,2.0,0.54000000000000004,0.51519999999999999,0.88,0.3881,2.0,0.0,2.0,1.0,291.0
0.0,9.0,18.0,2.0,0.54000000000000004,0.51519999999999999,0.88,0.3881,2.0,0.0,2.0,1.0,373.0
0.0,9.0,19.0,2.0,0.54000000000000004,0.51519999999999999,0.88,0.41790000000000005,2.0,0.0,2.0,1.0,281.0
0.0,9.0,20.0,3.0,0.54000000000000004,0.51519999999999999,0.88,0.29850000000000004,2.0,0.0,2.0,1.0,163.0
0.0,9.0,21.0,3.0,0.54000000000000004,0.51519999999999999,0.88,0.28360000000000002,2.0,0.0,2.0,1.0,121.0
0.0,9.0,22.0,2.0,0.54000000000000004,0.51519999999999999,0.93999999999999995,0.32840000000000003,2.0,0.0,2.0,1.0,84.0
0.0,9.0,23.0,3.0,0.54000000000000004,0.51519999999999999,0.93999999999999995,0.25370000000000004,2.0,0.0,2.0,1.0,58.0
0.0,9.0,0.0,2.0,0.54000000000000004,0.51519999999999999,0.93999999999999995,0.22390000000000002,2.0,0.0,3.0,1.0,13.0
0.0,9.0,1.0,3.0,0.54000000000000004,0.51519999999999999,0.93999999999999995,0.25370000000000004,2.0,0.0,3.0,1.0,5.0
0.0,9.0,2.0,2.0,0.54000000000000004,0.51519999999999999,0.93999999999999995,0.22390000000000002,2.0,0.0,3.0,1.0,6.0
0.0,9.0,3.0,3.0,0.56000000000000005,0.53029999999999999,0.93999999999999995,0.1343,2.0,0.0,3.0,1.0,2.0
0.0,9.0,4.0,3.0,0.56000000000000005,0.53029999999999999,0.93999999999999995,0.16420000000000001,2.0,0.0,3.0,1.0,4.0
0.0,9.0,5.0,2.0,0.56000000000000005,0.53029999999999999,1.0,0.1343,2.0,0.0,3.0,1.0,16.0
0.0,9.0,6.0,3.0,0.60000000000000009,0.54549999999999998,0.88,0.1045,2.0,0.0,3.0,1.0,75.0
0.0,9.0,7.0,3.0,0.60000000000000009,0.54549999999999998,0.88,0.089599999999999999,2.0,0.0,3.0,1.0,86.0
0.0,9.0,8.0,3.0,0.62,0.54549999999999998,0.93999999999999995,0.089599999999999999,2.0,0.0,3.0,1.0,328.0
0.0,9.0,9.0,3.0,0.60000000000000009,0.54549999999999998,0.88,0.1343,2.0,0.0,3.0,1.0,190.0
0.0,9.0,10.0,3.0,0.60000000000000009,0.54549999999999998,0.88,0.1343,2.0,0.0,3.0,1.0,66.0
0.0,9.0,11.0,3.0,0.60000000000000009,0.51519999999999999,0.93999999999999995,0.0,2.0,0.0,3.0,1.0,10.0
0.0,9.0,12.0,3.0,0.56000000000000005,0.53029999999999999,0.93999999999999995,0.0,2.0,0.0,3.0,1.0,22.0
0.0,9.0,13.0,3.0,0.60000000000000009,0.54549999999999998,0.88,0.0,2.0,0.0,3.0,1.0,11.0
0.0,9.0,14.0,3.0,0.60000000000000009,0.51519999999999999,0.93000000000000005,0.0,2.0,0.0,3.0,1.0,25.0
0.0,9.0,15.0,3.0,0.62,0.54549999999999998,0.93999999999999995,0.1045,2.0,0.0,3.0,1.0,58.0
0.0,9.0,16.0,1.0,0.64000000000000001,0.57579999999999998,0.89000000000000001,0.0,2.0,0.0,3.0,1.0,144.0
0.0,9.0,17.0,3.0,0.64000000000000001,0.57579999999999998,0.89000000000000001,0.0,2.0,0.0,3.0,1.0,285.0
0.0,9.0,18.0,3.0,0.64000000000000001,0.57579999999999998,0.89000000000000001,0.0,2.0,0.0,3.0,1.0,237.0
0.0,9.0,19.0,2.0,0.64000000000000001,0.57579999999999998,0.89000000000000001,0.0,2.0,0.0,3.0,1.0,226.0
0.0,9.0,20.0,3.0,0.64000000000000001,0.57579999999999998,0.89000000000000001,0.089599999999999999,2.0,0.0,3.0,1.0,96.0
0.0,9.0,21.0,3.0,0.64000000000000001,0.57579999999999998,0.89000000000000001,0.089599999999999999,2.0,0.0,3.0,1.0,38.0
0.0,9.0,22.0,3.0,0.62,0.54549999999999998,0.93999999999999995,0.16420000000000001,2.0,0.0,3.0,1.0,29.0
0.0,9.0,23.0,3.0,0.62,0.54549999999999998,0.93999999999999995,0.19399999999999998,2.0,0.0,3.0,1.0,24.0
0.0,9.0,0.0,3.0,0.60000000000000009,0.5,1.0,0.19399999999999998,2.0,0.0,4.0,1.0,14.0
0.0,9.0,1.0,3.0,0.62,0.54549999999999998,0.93999999999999995,0.1045,2.0,0.0,4.0,1.0,4.0
0.0,9.0,3.0,3.0,0.62,0.54549999999999998,0.93999999999999995,0.0,2.0,0.0,4.0,1.0,2.0
0.0,9.0,4.0,2.0,0.62,0.54549999999999998,0.93999999999999995,0.089599999999999999,2.0,0.0,4.0,1.0,3.0
0.0,9.0,5.0,3.0,0.62,0.54549999999999998,0.93999999999999995,0.089599999999999999,2.0,0.0,4.0,1.0,14.0
0.0,9.0,6.0,3.0,0.62,0.54549999999999998,0.93999999999999995,0.16420000000000001,2.0,0.0,4.0,1.0,56.0
0.0,9.0,7.0,3.0,0.62,0.54549999999999998,0.93999999999999995,0.1045,2.0,0.0,4.0,1.0,179.0
0.0,9.0,8.0,3.0,0.62,0.54549999999999998,0.93999999999999995,0.1343,2.0,0.0,4.0,1.0,195.0
0.0,9.0,9.0,2.0,0.62,0.51519999999999999,1.0,0.25370000000000004,2.0,0.0,4.0,1.0,69.0
0.0,9.0,10.0,2.0,0.64000000000000001,0.56059999999999999,0.93999999999999995,0.1045,2.0,0.0,4.0,1.0,65.0
0.0,9.0,11.0,2.0,0.64000000000000001,0.56059999999999999,0.93999999999999995,0.22390000000000002,2.0,0.0,4.0,1.0,98.0
0.0,9.0,12.0,2.0,0.65999999999999992,0.59089999999999998,0.93999999999999995,0.22390000000000002,2.0,0.0,4.0,1.0,102.0
0.0,9.0,13.0,2.0,0.67999999999999994,0.63639999999999997,0.82999999999999996,0.3881,2.0,0.0,4.0,1.0,126.0
0.0,9.0,14.0,2.0,0.69999999999999996,0.66670000000000007,0.79000000000000004,0.35820000000000002,2.0,0.0,4.0,1.0,120.0
0.0,9.0,15.0,3.0,0.65999999999999992,0.59089999999999998,0.89000000000000001,0.29850000000000004,2.0,0.0,4.0,1.0,139.0
0.0,9.0,16.0,3.0,0.64000000000000001,0.56059999999999999,0.93999999999999995,0.28360000000000002,2.0,0.0,4.0,1.0,156.0
0.0,9.0,17.0,3.0,0.64000000000000001,0.56059999999999999,0.93999999999999995,0.28360000000000002,2.0,0.0,4.0,1.0,113.0
0.0,9.0,18.0,3.0,0.64000000000000001,0.56059999999999999,0.93999999999999995,0.35820000000000002,2.0,0.0,4.0,1.0,68.0
0.0,9.0,19.0,3.0,0.62,0.51519999999999999,1.0,0.32840000000000003,2.0,0.0,4.0,1.0,52.0
0.0,9.0,20.0,2.0,0.62,0.54549999999999998,0.93999999999999995,0.16420000000000001,2.0,0.0,4.0,1.0,89.0
0.0,9.0,21.0,3.0,0.64000000000000001,0.56059999999999999,0.93999999999999995,0.1045,2.0,0.0,4.0,1.0,82.0
0.0,9.0,22.0,3.0,0.62,0.51519999999999999,1.0,0.089599999999999999,2.0,0.0,4.0,1.0,70.0
0.0,9.0,23.0,3.0,0.62,0.51519999999999999,1.0,0.089599999999999999,2.0,0.0,4.0,1.0,26.0
0.0,9.0,0.0,3.0,0.64000000000000001,0.56059999999999999,0.93999999999999995,0.19399999999999998,2.0,0.0,5.0,1.0,16.0
0.0,9.0,1.0,2.0,0.62,0.51519999999999999,1.0,0.16420000000000001,2.0,0.0,5.0,1.0,8.0
0.0,9.0,2.0,2.0,0.62,0.51519999999999999,1.0,0.25370000000000004,2.0,0.0,5.0,1.0,8.0
0.0,9.0,3.0,2.0,0.62,0.54549999999999998,0.93999999999999995,0.25370000000000004,2.0,0.0,5.0,1.0,2.0
0.0,9.0,4.0,3.0,0.62,0.54549999999999998,0.93999999999999995,0.16420000000000001,2.0,0.0,5.0,1.0,3.0
0.0,9.0,5.0,2.0,0.62,0.54549999999999998,0.93999999999999995,0.1343,2.0,0.0,5.0,1.0,14.0
0.0,9.0,6.0,2.0,0.62,0.51519999999999999,1.0,0.1343,2.0,0.0,5.0,1.0,57.0
0.0,9.0,7.0,3.0,0.62,0.51519999999999999,1.0,0.25370000000000004,2.0,0.0,5.0,1.0,108.0
0.0,9.0,8.0,3.0,0.62,0.54549999999999998,0.93999999999999995,0.16420000000000001,2.0,0.0,5.0,1.0,288.0
0.0,9.0,9.0,3.0,0.62,0.54549999999999998,0.93999999999999995,0.16420000000000001,2.0,0.0,5.0,1.0,136.0
0.0,9.0,10.0,2.0,0.62,0.51519999999999999,1.0,0.0,2.0,0.0,5.0,1.0,29.0
0.0,9.0,11.0,2.0,0.62,0.54549999999999998,0.93999999999999995,0.0,2.0,0.0,5.0,1.0,72.0
0.0,9.0,12.0,1.0,0.64000000000000001,0.56059999999999999,0.93999999999999995,0.0,2.0,0.0,5.0,1.0,75.0
0.0,9.0,13.0,1.0,0.69999999999999996,0.66670000000000007,0.79000000000000004,0.089599999999999999,2.0,0.0,5.0,1.0,122.0
0.0,9.0,14.0,1.0,0.71999999999999997,0.69700000000000006,0.73999999999999999,0.089599999999999999,2.0,0.0,5.0,1.0,148.0
0.0,9.0,15.0,1.0,0.73999999999999999,0.69700000000000006,0.66000000000000003,0.0,2.0,0.0,5.0,1.0,188.0
0.0,9.0,16.0,1.0,0.73999999999999999,0.69700000000000006,0.66000000000000003,0.1343,2.0,0.0,5.0,1.0,285.0
0.0,9.0,17.0,1.0,0.69999999999999996,0.66670000000000007,0.79000000000000004,0.25370000000000004,2.0,0.0,5.0,1.0,505.0
0.0,9.0,18.0,1.0,0.69999999999999996,0.66670000000000007,0.79000000000000004,0.19399999999999998,2.0,0.0,5.0,1.0,410.0
0.0,9.0,19.0,1.0,0.65999999999999992,0.59089999999999998,0.89000000000000001,0.16420000000000001,2.0,0.0,5.0,1.0,349.0
0.0,9.0,20.0,1.0,0.64000000000000001,0.56059999999999999,0.93999999999999995,0.089599999999999999,2.0,0.0,5.0,1.0,210.0
0.0,9.0,21.0,1.0,0.65999999999999992,0.59089999999999998,0.89000000000000001,0.0,2.0,0.0,5.0,1.0,203.0
0.0,9.0,22.0,1.0,0.62,0.54549999999999998,0.93999999999999995,0.0,2.0,0.0,5.0,1.0,160.0
0.0,9.0,23.0,1.0,0.62,0.54549999999999998,0.93999999999999995,0.089599999999999999,2.0,0.0,5.0,1.0,148.0
0.0,9.0,0.0,1.0,0.62,0.54549999999999998,0.93999999999999995,0.0,2.0,0.0,6.0,0.0,116.0
0.0,9.0,1.0,2.0,0.62,0.54549999999999998,0.93999999999999995,0.0,2.0,0.0,6.0,0.0,83.0
0.0,9.0,2.0,2.0,0.60000000000000009,0.5,0.96999999999999997,0.1045,2.0,0.0,6.0,0.0,64.0
0.0,9.0,3.0,1.0,0.58000000000000007,0.54549999999999998,1.0,0.1343,2.0,0.0,6.0,0.0,37.0
0.0,9.0,4.0,1.0,0.58000000000000007,0.54549999999999998,0.93999999999999995,0.089599999999999999,2.0,0.0,6.0,0.0,7.0
0.0,9.0,5.0,1.0,0.58000000000000007,0.54549999999999998,0.93999999999999995,0.1343,2.0,0.0,6.0,0.0,8.0
0.0,9.0,6.0,1.0,0.58000000000000007,0.54549999999999998,0.93999999999999995,0.16420000000000001,2.0,0.0,6.0,0.0,6.0
0.0,9.0,7.0,1.0,0.60000000000000009,0.54549999999999998,0.88,0.1343,2.0,0.0,6.0,0.0,52.0
0.0,9.0,8.0,1.0,0.62,0.57579999999999998,0.82999999999999996,0.16420000000000001,2.0,0.0,6.0,0.0,119.0
0.0,9.0,9.0,1.0,0.64000000000000001,0.59089999999999998,0.78000000000000003,0.29850000000000004,2.0,0.0,6.0,0.0,207.0
0.0,9.0,10.0,1.0,0.69999999999999996,0.65150000000000008,0.65000000000000002,0.25370000000000004,2.0,0.0,6.0,0.0,318.0
0.0,9.0,11.0,1.0,0.71999999999999997,0.68180000000000007,0.62,0.25370000000000004,2.0,0.0,6.0,0.0,360.0
0.0,9.0,12.0,1.0,0.71999999999999997,0.68180000000000007,0.62,0.22390000000000002,2.0,0.0,6.0,0.0,404.0
0.0,9.0,13.0,1.0,0.73999999999999999,0.68180000000000007,0.55000000000000004,0.28360000000000002,2.0,0.0,6.0,0.0,370.0
0.0,9.0,14.0,1.0,0.73999999999999999,0.68180000000000007,0.55000000000000004,0.28360000000000002,2.0,0.0,6.0,0.0,359.0
0.0,9.0,15.0,1.0,0.73999999999999999,0.68180000000000007,0.55000000000000004,0.22390000000000002,2.0,0.0,6.0,0.0,480.0
0.0,9.0,16.0,1.0,0.73999999999999999,0.68180000000000007,0.55000000000000004,0.19399999999999998,2.0,0.0,6.0,0.0,431.0
0.0,9.0,17.0,1.0,0.73999999999999999,0.68180000000000007,0.55000000000000004,0.22390000000000002,2.0,0.0,6.0,0.0,460.0
0.0,9.0,18.0,1.0,0.71999999999999997,0.66670000000000007,0.57999999999999996,0.19399999999999998,2.0,0.0,6.0,0.0,360.0
0.0,9.0,19.0,1.0,0.69999999999999996,0.65150000000000008,0.57999999999999996,0.1343,2.0,0.0,6.0,0.0,315.0
0.0,9.0,20.0,1.0,0.65999999999999992,0.62119999999999997,0.68999999999999995,0.1045,2.0,0.0,6.0,0.0,245.0
0.0,9.0,21.0,1.0,0.64000000000000001,0.59089999999999998,0.78000000000000003,0.089599999999999999,2.0,0.0,6.0,0.0,230.0
0.0,9.0,22.0,1.0,0.64000000000000001,0.59089999999999998,0.78000000000000003,0.0,2.0,0.0,6.0,0.0,175.0
0.0,9.0,23.0,2.0,0.62,0.56059999999999999,0.88,0.0,2.0,0.0,6.0,0.0,139.0
0.0,9.0,0.0,1.0,0.62,0.56059999999999999,0.88,0.0,2.0,0.0,7.0,0.0,108.0
0.0,9.0,1.0,2.0,0.62,0.56059999999999999,0.88,0.0,2.0,0.0,7.0,0.0,88.0
0.0,9.0,2.0,2.0,0.62,0.59089999999999998,0.78000000000000003,0.19399999999999998,2.0,0.0,7.0,0.0,76.0
0.0,9.0,3.0,2.0,0.62,0.59089999999999998,0.78000000000000003,0.089599999999999999,2.0,0.0,7.0,0.0,45.0
0.0,9.0,4.0,1.0,0.60000000000000009,0.56059999999999999,0.82999999999999996,0.1343,2.0,0.0,7.0,0.0,9.0
0.0,9.0,5.0,1.0,0.60000000000000009,0.56059999999999999,0.82999999999999996,0.1343,2.0,0.0,7.0,0.0,39.0
0.0,9.0,6.0,1.0,0.58000000000000007,0.54549999999999998,0.88,0.1045,2.0,0.0,7.0,0.0,20.0
0.0,9.0,7.0,1.0,0.60000000000000009,0.54549999999999998,0.88,0.0,2.0,0.0,7.0,0.0,37.0
0.0,9.0,8.0,1.0,0.64000000000000001,0.59089999999999998,0.78000000000000003,0.0,2.0,0.0,7.0,0.0,94.0
0.0,9.0,9.0,1.0,0.65999999999999992,0.62119999999999997,0.73999999999999999,0.0,2.0,0.0,7.0,0.0,227.0
0.0,9.0,10.0,1.0,0.69999999999999996,0.65150000000000008,0.65000000000000002,0.0,2.0,0.0,7.0,0.0,334.0
0.0,9.0,11.0,1.0,0.69999999999999996,0.65150000000000008,0.65000000000000002,0.0,2.0,0.0,7.0,0.0,402.0
0.0,9.0,12.0,1.0,0.69999999999999996,0.65150000000000008,0.65000000000000002,0.0,2.0,0.0,7.0,0.0,411.0
0.0,9.0,13.0,1.0,0.73999999999999999,0.68180000000000007,0.57999999999999996,0.1045,2.0,0.0,7.0,0.0,350.0
0.0,9.0,14.0,1.0,0.71999999999999997,0.66670000000000007,0.57999999999999996,0.28360000000000002,2.0,0.0,7.0,0.0,342.0
0.0,9.0,15.0,1.0,0.73999999999999999,0.66670000000000007,0.51000000000000001,0.29850000000000004,2.0,0.0,7.0,0.0,404.0
0.0,9.0,16.0,1.0,0.71999999999999997,0.66670000000000007,0.51000000000000001,0.29850000000000004,2.0,0.0,7.0,0.0,483.0
0.0,9.0,17.0,1.0,0.71999999999999997,0.66670000000000007,0.51000000000000001,0.1343,2.0,0.0,7.0,0.0,380.0
0.0,9.0,18.0,1.0,0.67999999999999994,0.63639999999999997,0.65000000000000002,0.29850000000000004,2.0,0.0,7.0,0.0,339.0
0.0,9.0,19.0,1.0,0.64000000000000001,0.60609999999999997,0.68999999999999995,0.1045,2.0,0.0,7.0,0.0,333.0
0.0,9.0,20.0,1.0,0.62,0.59089999999999998,0.72999999999999998,0.1045,2.0,0.0,7.0,0.0,226.0
0.0,9.0,21.0,1.0,0.64000000000000001,0.60609999999999997,0.68999999999999995,0.0,2.0,0.0,7.0,0.0,159.0
0.0,9.0,22.0,1.0,0.62,0.60609999999999997,0.68999999999999995,0.3881,2.0,0.0,7.0,0.0,95.0
0.0,9.0,23.0,3.0,0.58000000000000007,0.54549999999999998,0.78000000000000003,0.089599999999999999,2.0,0.0,7.0,0.0,45.0
0.0,9.0,0.0,1.0,0.56000000000000005,0.53029999999999999,0.88,0.089599999999999999,2.0,0.0,1.0,1.0,16.0
0.0,9.0,1.0,1.0,0.56000000000000005,0.53029999999999999,0.88,0.0,2.0,0.0,1.0,1.0,12.0
0.0,9.0,2.0,1.0,0.56000000000000005,0.53029999999999999,0.88,0.0,2.0,0.0,1.0,1.0,2.0
0.0,9.0,4.0,1.0,0.54000000000000004,0.51519999999999999,0.93999999999999995,0.1045,2.0,0.0,1.0,1.0,4.0
0.0,9.0,5.0,1.0,0.56000000000000005,0.53029999999999999,0.82999999999999996,0.0,2.0,0.0,1.0,1.0,24.0
0.0,9.0,6.0,1.0,0.56000000000000005,0.53029999999999999,0.82999999999999996,0.0,2.0,0.0,1.0,1.0,109.0
0.0,9.0,7.0,1.0,0.58000000000000007,0.54549999999999998,0.82999999999999996,0.0,2.0,0.0,1.0,1.0,312.0
0.0,9.0,8.0,1.0,0.60000000000000009,0.57579999999999998,0.78000000000000003,0.089599999999999999,2.0,0.0,1.0,1.0,408.0
0.0,9.0,9.0,1.0,0.64000000000000001,0.60609999999999997,0.68999999999999995,0.0,2.0,0.0,1.0,1.0,176.0
0.0,9.0,10.0,1.0,0.67999999999999994,0.63639999999999997,0.62,0.16420000000000001,2.0,0.0,1.0,1.0,129.0
0.0,9.0,11.0,1.0,0.69999999999999996,0.65150000000000008,0.57999999999999996,0.19399999999999998,2.0,0.0,1.0,1.0,165.0
0.0,9.0,12.0,1.0,0.71999999999999997,0.66670000000000007,0.51000000000000001,0.19399999999999998,2.0,0.0,1.0,1.0,184.0
0.0,9.0,13.0,1.0,0.71999999999999997,0.66670000000000007,0.54000000000000004,0.1045,2.0,0.0,1.0,1.0,163.0
0.0,9.0,14.0,1.0,0.73999999999999999,0.66670000000000007,0.51000000000000001,0.16420000000000001,2.0,0.0,1.0,1.0,189.0
0.0,9.0,15.0,1.0,0.73999999999999999,0.66670000000000007,0.47999999999999998,0.089599999999999999,2.0,0.0,1.0,1.0,212.0
0.0,9.0,16.0,1.0,0.71999999999999997,0.66670000000000007,0.47999999999999998,0.0,2.0,0.0,1.0,1.0,298.0
0.0,9.0,17.0,1.0,0.71999999999999997,0.66670000000000007,0.51000000000000001,0.16420000000000001,2.0,0.0,1.0,1.0,590.0
0.0,9.0,18.0,1.0,0.69999999999999996,0.65150000000000008,0.54000000000000004,0.19399999999999998,2.0,0.0,1.0,1.0,571.0
0.0,9.0,19.0,1.0,0.67999999999999994,0.63639999999999997,0.56999999999999995,0.1343,2.0,0.0,1.0,1.0,436.0
0.0,9.0,20.0,1.0,0.65999999999999992,0.62119999999999997,0.65000000000000002,0.0,2.0,0.0,1.0,1.0,299.0
0.0,9.0,21.0,1.0,0.64000000000000001,0.60609999999999997,0.72999999999999998,0.089599999999999999,2.0,0.0,1.0,1.0,195.0
0.0,9.0,22.0,1.0,0.62,0.57579999999999998,0.82999999999999996,0.16420000000000001,2.0,0.0,1.0,1.0,150.0
0.0,9.0,23.0,1.0,0.62,0.57579999999999998,0.82999999999999996,0.1045,2.0,0.0,1.0,1.0,69.0
0.0,9.0,0.0,1.0,0.60000000000000009,0.54549999999999998,0.88,0.1045,2.0,0.0,2.0,1.0,26.0
0.0,9.0,1.0,1.0,0.58000000000000007,0.54549999999999998,0.82999999999999996,0.1045,2.0,0.0,2.0,1.0,10.0
0.0,9.0,2.0,1.0,0.60000000000000009,0.57579999999999998,0.78000000000000003,0.0,2.0,0.0,2.0,1.0,2.0
0.0,9.0,3.0,1.0,0.58000000000000007,0.54549999999999998,0.82999999999999996,0.0,2.0,0.0,2.0,1.0,4.0
0.0,9.0,4.0,1.0,0.56000000000000005,0.53029999999999999,0.88,0.0,2.0,0.0,2.0,1.0,8.0
0.0,9.0,5.0,1.0,0.56000000000000005,0.53029999999999999,0.88,0.0,2.0,0.0,2.0,1.0,20.0
0.0,9.0,6.0,1.0,0.56000000000000005,0.53029999999999999,0.88,0.1045,2.0,0.0,2.0,1.0,122.0
0.0,9.0,7.0,1.0,0.58000000000000007,0.54549999999999998,0.82999999999999996,0.089599999999999999,2.0,0.0,2.0,1.0,362.0
0.0,9.0,8.0,1.0,0.60000000000000009,0.56059999999999999,0.81000000000000005,0.1045,2.0,0.0,2.0,1.0,425.0
0.0,9.0,9.0,1.0,0.64000000000000001,0.60609999999999997,0.68999999999999995,0.089599999999999999,2.0,0.0,2.0,1.0,214.0
0.0,9.0,10.0,1.0,0.67999999999999994,0.63639999999999997,0.68999999999999995,0.1343,2.0,0.0,2.0,1.0,135.0
0.0,9.0,11.0,1.0,0.69999999999999996,0.65150000000000008,0.60999999999999999,0.16420000000000001,2.0,0.0,2.0,1.0,153.0
0.0,9.0,12.0,1.0,0.71999999999999997,0.66670000000000007,0.57999999999999996,0.22390000000000002,2.0,0.0,2.0,1.0,187.0
0.0,9.0,13.0,1.0,0.73999999999999999,0.66670000000000007,0.51000000000000001,0.28360000000000002,2.0,0.0,2.0,1.0,184.0
0.0,9.0,14.0,1.0,0.73999999999999999,0.66670000000000007,0.51000000000000001,0.32840000000000003,2.0,0.0,2.0,1.0,190.0
0.0,9.0,15.0,1.0,0.73999999999999999,0.66670000000000007,0.51000000000000001,0.29850000000000004,2.0,0.0,2.0,1.0,180.0
0.0,9.0,16.0,1.0,0.73999999999999999,0.66670000000000007,0.51000000000000001,0.22390000000000002,2.0,0.0,2.0,1.0,292.0
0.0,9.0,17.0,1.0,0.73999999999999999,0.66670000000000007,0.51000000000000001,0.22390000000000002,2.0,0.0,2.0,1.0,579.0
0.0,9.0,18.0,1.0,0.69999999999999996,0.65150000000000008,0.60999999999999999,0.16420000000000001,2.0,0.0,2.0,1.0,539.0
0.0,9.0,19.0,1.0,0.67999999999999994,0.63639999999999997,0.68999999999999995,0.16420000000000001,2.0,0.0,2.0,1.0,396.0
0.0,9.0,20.0,1.0,0.65999999999999992,0.62119999999999997,0.73999999999999999,0.19399999999999998,2.0,0.0,2.0,1.0,272.0
0.0,9.0,21.0,1.0,0.64000000000000001,0.59089999999999998,0.78000000000000003,0.16420000000000001,2.0,0.0,2.0,1.0,245.0
0.0,9.0,22.0,1.0,0.64000000000000001,0.59089999999999998,0.78000000000000003,0.1343,2.0,0.0,2.0,1.0,144.0
0.0,9.0,23.0,1.0,0.64000000000000001,0.59089999999999998,0.78000000000000003,0.1045,2.0,0.0,2.0,1.0,74.0
0.0,9.0,0.0,1.0,0.62,0.59089999999999998,0.78000000000000003,0.089599999999999999,2.0,0.0,3.0,1.0,33.0
0.0,9.0,1.0,1.0,0.62,0.59089999999999998,0.78000000000000003,0.089599999999999999,2.0,0.0,3.0,1.0,8.0
0.0,9.0,2.0,1.0,0.60000000000000009,0.56059999999999999,0.82999999999999996,0.0,2.0,0.0,3.0,1.0,5.0
0.0,9.0,3.0,1.0,0.60000000000000009,0.54549999999999998,0.88,0.1343,2.0,0.0,3.0,1.0,8.0
0.0,9.0,4.0,1.0,0.60000000000000009,0.56059999999999999,0.82999999999999996,0.089599999999999999,2.0,0.0,3.0,1.0,9.0
0.0,9.0,5.0,1.0,0.58000000000000007,0.54549999999999998,0.88,0.1045,2.0,0.0,3.0,1.0,31.0
0.0,9.0,6.0,1.0,0.58000000000000007,0.54549999999999998,0.88,0.1045,2.0,0.0,3.0,1.0,145.0
0.0,9.0,7.0,1.0,0.60000000000000009,0.56059999999999999,0.82999999999999996,0.1045,2.0,0.0,3.0,1.0,370.0
0.0,9.0,8.0,1.0,0.62,0.57579999999999998,0.82999999999999996,0.16420000000000001,2.0,0.0,3.0,1.0,429.0
0.0,9.0,9.0,1.0,0.64000000000000001,0.59089999999999998,0.78000000000000003,0.16420000000000001,2.0,0.0,3.0,1.0,202.0
0.0,9.0,10.0,1.0,0.69999999999999996,0.65150000000000008,0.69999999999999996,0.1343,2.0,0.0,3.0,1.0,142.0
0.0,9.0,11.0,1.0,0.71999999999999997,0.68180000000000007,0.66000000000000003,0.16420000000000001,2.0,0.0,3.0,1.0,164.0
0.0,9.0,12.0,1.0,0.73999999999999999,0.68180000000000007,0.57999999999999996,0.22390000000000002,2.0,0.0,3.0,1.0,212.0
0.0,9.0,13.0,1.0,0.76000000000000001,0.69700000000000006,0.55000000000000004,0.25370000000000004,2.0,0.0,3.0,1.0,178.0
0.0,9.0,14.0,1.0,0.78000000000000003,0.71209999999999996,0.52000000000000002,0.22390000000000002,2.0,0.0,3.0,1.0,124.0
0.0,9.0,15.0,1.0,0.78000000000000003,0.71209999999999996,0.48999999999999999,0.25370000000000004,2.0,0.0,3.0,1.0,176.0
0.0,9.0,16.0,1.0,0.76000000000000001,0.69700000000000006,0.52000000000000002,0.28360000000000002,2.0,0.0,3.0,1.0,277.0
0.0,9.0,17.0,1.0,0.76000000000000001,0.69700000000000006,0.52000000000000002,0.28360000000000002,2.0,0.0,3.0,1.0,599.0
0.0,9.0,18.0,1.0,0.71999999999999997,0.68180000000000007,0.62,0.16420000000000001,2.0,0.0,3.0,1.0,586.0
0.0,9.0,19.0,2.0,0.69999999999999996,0.65150000000000008,0.69999999999999996,0.1045,2.0,0.0,3.0,1.0,381.0
0.0,9.0,20.0,2.0,0.71999999999999997,0.66670000000000007,0.57999999999999996,0.41790000000000005,2.0,0.0,3.0,1.0,261.0
0.0,9.0,21.0,2.0,0.65999999999999992,0.62119999999999997,0.65000000000000002,0.22390000000000002,2.0,0.0,3.0,1.0,213.0
0.0,9.0,22.0,2.0,0.65999999999999992,0.62119999999999997,0.65000000000000002,0.1343,2.0,0.0,3.0,1.0,160.0
0.0,9.0,23.0,2.0,0.64000000000000001,0.60609999999999997,0.68999999999999995,0.1045,2.0,0.0,3.0,1.0,72.0
0.0,9.0,0.0,1.0,0.64000000000000001,0.60609999999999997,0.68999999999999995,0.1343,2.0,0.0,4.0,1.0,37.0
0.0,9.0,1.0,1.0,0.64000000000000001,0.60609999999999997,0.68999999999999995,0.16420000000000001,2.0,0.0,4.0,1.0,20.0
0.0,9.0,2.0,1.0,0.62,0.59089999999999998,0.72999999999999998,0.1045,2.0,0.0,4.0,1.0,5.0
0.0,9.0,3.0,1.0,0.62,0.59089999999999998,0.72999999999999998,0.089599999999999999,2.0,0.0,4.0,1.0,8.0
0.0,9.0,4.0,1.0,0.60000000000000009,0.57579999999999998,0.78000000000000003,0.1045,2.0,0.0,4.0,1.0,7.0
0.0,9.0,5.0,1.0,0.60000000000000009,0.57579999999999998,0.78000000000000003,0.0,2.0,0.0,4.0,1.0,31.0
0.0,9.0,6.0,2.0,0.60000000000000009,0.56059999999999999,0.82999999999999996,0.25370000000000004,2.0,0.0,4.0,1.0,124.0
0.0,9.0,7.0,2.0,0.62,0.59089999999999998,0.78000000000000003,0.19399999999999998,2.0,0.0,4.0,1.0,338.0
0.0,9.0,8.0,1.0,0.64000000000000001,0.60609999999999997,0.72999999999999998,0.1343,2.0,0.0,4.0,1.0,391.0
0.0,9.0,9.0,2.0,0.64000000000000001,0.60609999999999997,0.72999999999999998,0.35820000000000002,2.0,0.0,4.0,1.0,209.0
0.0,9.0,10.0,2.0,0.65999999999999992,0.62119999999999997,0.68999999999999995,0.25370000000000004,2.0,0.0,4.0,1.0,121.0
0.0,9.0,11.0,2.0,0.67999999999999994,0.63639999999999997,0.65000000000000002,0.1343,2.0,0.0,4.0,1.0,159.0
0.0,9.0,12.0,2.0,0.65999999999999992,0.62119999999999997,0.68999999999999995,0.29850000000000004,2.0,0.0,4.0,1.0,179.0
0.0,9.0,13.0,2.0,0.64000000000000001,0.60609999999999997,0.65000000000000002,0.28360000000000002,2.0,0.0,4.0,1.0,189.0
0.0,9.0,14.0,2.0,0.64000000000000001,0.60609999999999997,0.65000000000000002,0.41790000000000005,2.0,0.0,4.0,1.0,170.0
0.0,9.0,15.0,2.0,0.60000000000000009,0.59089999999999998,0.68999999999999995,0.41790000000000005,2.0,0.0,4.0,1.0,135.0
0.0,9.0,16.0,2.0,0.54000000000000004,0.51519999999999999,0.77000000000000002,0.4627,2.0,0.0,4.0,1.0,222.0
0.0,9.0,17.0,3.0,0.47999999999999998,0.46970000000000001,0.81999999999999995,0.4627,2.0,0.0,4.0,1.0,261.0
0.0,9.0,18.0,3.0,0.47999999999999998,0.46970000000000001,0.67000000000000004,0.6119,2.0,0.0,4.0,1.0,244.0
0.0,9.0,19.0,1.0,0.45999999999999996,0.45450000000000002,0.67000000000000004,0.4627,2.0,0.0,4.0,1.0,232.0
0.0,9.0,20.0,1.0,0.45999999999999996,0.45450000000000002,0.63,0.32840000000000003,2.0,0.0,4.0,1.0,248.0
0.0,9.0,21.0,1.0,0.45999999999999996,0.45450000000000002,0.63,0.32840000000000003,2.0,0.0,4.0,1.0,145.0
0.0,9.0,22.0,1.0,0.44,0.43939999999999996,0.67000000000000004,0.28360000000000002,2.0,0.0,4.0,1.0,115.0
0.0,9.0,23.0,1.0,0.44,0.43939999999999996,0.67000000000000004,0.22390000000000002,2.0,0.0,4.0,1.0,69.0
0.0,9.0,0.0,1.0,0.41999999999999998,0.42420000000000002,0.70999999999999996,0.22390000000000002,2.0,0.0,5.0,1.0,48.0
0.0,9.0,1.0,1.0,0.41999999999999998,0.42420000000000002,0.67000000000000004,0.19399999999999998,2.0,0.0,5.0,1.0,26.0
0.0,9.0,2.0,1.0,0.39999999999999997,0.40909999999999996,0.70999999999999996,0.28360000000000002,2.0,0.0,5.0,1.0,10.0
0.0,9.0,3.0,1.0,0.39999999999999997,0.40909999999999996,0.70999999999999996,0.25370000000000004,2.0,0.0,5.0,1.0,6.0
0.0,9.0,4.0,1.0,0.39999999999999997,0.40909999999999996,0.70999999999999996,0.28360000000000002,2.0,0.0,5.0,1.0,4.0
0.0,9.0,5.0,1.0,0.38,0.39390000000000003,0.76000000000000001,0.19399999999999998,2.0,0.0,5.0,1.0,32.0
0.0,9.0,6.0,1.0,0.38,0.39390000000000003,0.70999999999999996,0.22390000000000002,2.0,0.0,5.0,1.0,93.0
0.0,9.0,7.0,1.0,0.39999999999999997,0.56881382681564341,0.70999999999999996,0.28360000000000002,2.0,0.0,5.0,1.0,299.0
0.0,9.0,8.0,1.0,0.41999999999999998,0.42420000000000002,0.67000000000000004,0.22390000000000002,2.0,0.0,5.0,1.0,409.0
0.0,9.0,9.0,1.0,0.45999999999999996,0.45450000000000002,0.55000000000000004,0.25370000000000004,2.0,0.0,5.0,1.0,210.0
0.0,9.0,10.0,2.0,0.5,0.48479999999999995,0.51000000000000001,0.28360000000000002,2.0,0.0,5.0,1.0,140.0
0.0,9.0,11.0,2.0,0.5,0.48479999999999995,0.51000000000000001,0.1343,2.0,0.0,5.0,1.0,179.0
0.0,9.0,12.0,2.0,0.52000000000000002,0.5,0.45000000000000001,0.0,2.0,0.0,5.0,1.0,251.0
0.0,9.0,13.0,2.0,0.54000000000000004,0.51519999999999999,0.41999999999999998,0.0,2.0,0.0,5.0,1.0,223.0
0.0,9.0,14.0,2.0,0.54000000000000004,0.51519999999999999,0.45000000000000001,0.16420000000000001,2.0,0.0,5.0,1.0,225.0
0.0,9.0,15.0,2.0,0.54000000000000004,0.51519999999999999,0.45000000000000001,0.22390000000000002,2.0,0.0,5.0,1.0,203.0
0.0,9.0,16.0,2.0,0.52000000000000002,0.5,0.47999999999999998,0.16420000000000001,2.0,0.0,5.0,1.0,358.0
0.0,9.0,17.0,2.0,0.52000000000000002,0.5,0.47999999999999998,0.1343,2.0,0.0,5.0,1.0,566.0
0.0,9.0,18.0,2.0,0.52000000000000002,0.5,0.52000000000000002,0.16420000000000001,2.0,0.0,5.0,1.0,482.0
0.0,9.0,19.0,2.0,0.5,0.48479999999999995,0.55000000000000004,0.16420000000000001,2.0,0.0,5.0,1.0,315.0
0.0,9.0,20.0,2.0,0.5,0.48479999999999995,0.55000000000000004,0.0,2.0,0.0,5.0,1.0,225.0
0.0,9.0,21.0,2.0,0.5,0.48479999999999995,0.63,0.0,2.0,0.0,5.0,1.0,163.0
0.0,9.0,22.0,1.0,0.47999999999999998,0.46970000000000001,0.67000000000000004,0.089599999999999999,2.0,0.0,5.0,1.0,167.0
0.0,9.0,23.0,1.0,0.5,0.48479999999999995,0.58999999999999997,0.0,2.0,0.0,5.0,1.0,126.0
0.0,9.0,0.0,1.0,0.45999999999999996,0.45450000000000002,0.71999999999999997,0.16420000000000001,2.0,0.0,6.0,0.0,108.0
0.0,9.0,1.0,1.0,0.45999999999999996,0.45450000000000002,0.71999999999999997,0.1045,2.0,0.0,6.0,0.0,80.0
0.0,9.0,2.0,1.0,0.45999999999999996,0.45450000000000002,0.81999999999999995,0.089599999999999999,2.0,0.0,6.0,0.0,79.0
0.0,9.0,3.0,1.0,0.45999999999999996,0.45450000000000002,0.71999999999999997,0.1343,2.0,0.0,6.0,0.0,28.0
0.0,9.0,4.0,1.0,0.45999999999999996,0.45450000000000002,0.71999999999999997,0.1343,2.0,0.0,6.0,0.0,5.0
0.0,9.0,5.0,1.0,0.45999999999999996,0.45450000000000002,0.71999999999999997,0.16420000000000001,2.0,0.0,6.0,0.0,5.0
0.0,9.0,6.0,2.0,0.45999999999999996,0.45450000000000002,0.71999999999999997,0.22390000000000002,2.0,0.0,6.0,0.0,22.0
0.0,9.0,7.0,2.0,0.45999999999999996,0.45450000000000002,0.77000000000000002,0.19399999999999998,2.0,0.0,6.0,0.0,37.0
0.0,9.0,8.0,2.0,0.45999999999999996,0.45450000000000002,0.77000000000000002,0.25370000000000004,2.0,0.0,6.0,0.0,108.0
0.0,9.0,9.0,2.0,0.47999999999999998,0.46970000000000001,0.67000000000000004,0.22390000000000002,2.0,0.0,6.0,0.0,177.0
0.0,9.0,10.0,2.0,0.5,0.48479999999999995,0.68000000000000005,0.28360000000000002,2.0,0.0,6.0,0.0,249.0
0.0,9.0,11.0,2.0,0.52000000000000002,0.5,0.68000000000000005,0.22390000000000002,2.0,0.0,6.0,0.0,367.0
0.0,9.0,12.0,2.0,0.52000000000000002,0.5,0.67000000000000004,0.22390000000000002,2.0,0.0,6.0,0.0,372.0
0.0,9.0,13.0,2.0,0.52000000000000002,0.5,0.68000000000000005,0.19399999999999998,2.0,0.0,6.0,0.0,349.0
0.0,9.0,14.0,2.0,0.52000000000000002,0.5,0.71999999999999997,0.19399999999999998,2.0,0.0,6.0,0.0,297.0
0.0,9.0,15.0,2.0,0.52000000000000002,0.5,0.71999999999999997,0.19399999999999998,2.0,0.0,6.0,0.0,354.0
0.0,9.0,16.0,1.0,0.54000000000000004,0.51519999999999999,0.68000000000000005,0.25370000000000004,2.0,0.0,6.0,0.0,305.0
0.0,9.0,17.0,1.0,0.52000000000000002,0.5,0.71999999999999997,0.22390000000000002,2.0,0.0,6.0,0.0,359.0
0.0,9.0,18.0,2.0,0.52000000000000002,0.5,0.71999999999999997,0.22390000000000002,2.0,0.0,6.0,0.0,329.0
0.0,9.0,19.0,1.0,0.52000000000000002,0.5,0.68000000000000005,0.1343,2.0,0.0,6.0,0.0,256.0
0.0,9.0,20.0,1.0,0.52000000000000002,0.5,0.68000000000000005,0.1343,2.0,0.0,6.0,0.0,176.0
0.0,9.0,21.0,2.0,0.5,0.48479999999999995,0.71999999999999997,0.19399999999999998,2.0,0.0,6.0,0.0,170.0
0.0,9.0,22.0,1.0,0.5,0.48479999999999995,0.71999999999999997,0.22390000000000002,2.0,0.0,6.0,0.0,143.0
0.0,9.0,23.0,1.0,0.45999999999999996,0.45450000000000002,0.81999999999999995,0.16420000000000001,2.0,0.0,6.0,0.0,136.0
0.0,9.0,0.0,1.0,0.45999999999999996,0.45450000000000002,0.77000000000000002,0.22390000000000002,2.0,0.0,7.0,0.0,112.0
0.0,9.0,1.0,1.0,0.45999999999999996,0.45450000000000002,0.77000000000000002,0.22390000000000002,2.0,0.0,7.0,0.0,79.0
0.0,9.0,2.0,1.0,0.44,0.43939999999999996,0.81999999999999995,0.25370000000000004,2.0,0.0,7.0,0.0,89.0
0.0,9.0,3.0,1.0,0.44,0.43939999999999996,0.81999999999999995,0.19399999999999998,2.0,0.0,7.0,0.0,36.0
0.0,9.0,4.0,1.0,0.44,0.43939999999999996,0.77000000000000002,0.22390000000000002,2.0,0.0,7.0,0.0,1.0
0.0,9.0,5.0,1.0,0.44,0.43939999999999996,0.77000000000000002,0.22390000000000002,2.0,0.0,7.0,0.0,6.0
0.0,9.0,6.0,1.0,0.44,0.43939999999999996,0.77000000000000002,0.25370000000000004,2.0,0.0,7.0,0.0,12.0
0.0,9.0,7.0,1.0,0.45999999999999996,0.45450000000000002,0.71999999999999997,0.22390000000000002,2.0,0.0,7.0,0.0,44.0
0.0,9.0,8.0,1.0,0.45999999999999996,0.45450000000000002,0.71999999999999997,0.25370000000000004,2.0,0.0,7.0,0.0,69.0
0.0,9.0,9.0,1.0,0.47999999999999998,0.46970000000000001,0.67000000000000004,0.25370000000000004,2.0,0.0,7.0,0.0,140.0
0.0,9.0,10.0,1.0,0.5,0.48479999999999995,0.71999999999999997,0.16420000000000001,2.0,0.0,7.0,0.0,260.0
0.0,9.0,11.0,1.0,0.52000000000000002,0.5,0.68000000000000005,0.22390000000000002,2.0,0.0,7.0,0.0,317.0
0.0,9.0,12.0,1.0,0.54000000000000004,0.51519999999999999,0.64000000000000001,0.1343,2.0,0.0,7.0,0.0,364.0
0.0,9.0,13.0,1.0,0.56000000000000005,0.53029999999999999,0.59999999999999998,0.1343,2.0,0.0,7.0,0.0,376.0
0.0,9.0,14.0,2.0,0.58000000000000007,0.54549999999999998,0.56000000000000005,0.1343,2.0,0.0,7.0,0.0,311.0
0.0,9.0,15.0,2.0,0.58000000000000007,0.54549999999999998,0.59999999999999998,0.1343,2.0,0.0,7.0,0.0,365.0
0.0,9.0,16.0,2.0,0.56000000000000005,0.53029999999999999,0.64000000000000001,0.16420000000000001,2.0,0.0,7.0,0.0,369.0
0.0,9.0,17.0,2.0,0.56000000000000005,0.53029999999999999,0.64000000000000001,0.19399999999999998,2.0,0.0,7.0,0.0,325.0
0.0,9.0,18.0,2.0,0.56000000000000005,0.53029999999999999,0.59999999999999998,0.1045,2.0,0.0,7.0,0.0,289.0
0.0,9.0,19.0,2.0,0.54000000000000004,0.51519999999999999,0.68000000000000005,0.1045,2.0,0.0,7.0,0.0,245.0
0.0,9.0,20.0,2.0,0.54000000000000004,0.51519999999999999,0.68000000000000005,0.089599999999999999,2.0,0.0,7.0,0.0,180.0
0.0,9.0,21.0,2.0,0.54000000000000004,0.51519999999999999,0.68000000000000005,0.089599999999999999,2.0,0.0,7.0,0.0,147.0
0.0,9.0,22.0,2.0,0.54000000000000004,0.51519999999999999,0.68000000000000005,0.089599999999999999,2.0,0.0,7.0,0.0,84.0
0.0,9.0,23.0,1.0,0.54000000000000004,0.51519999999999999,0.68000000000000005,0.19399999999999998,2.0,0.0,7.0,0.0,54.0
0.0,9.0,0.0,2.0,0.52000000000000002,0.5,0.71999999999999997,0.16420000000000001,2.0,0.0,1.0,1.0,37.0
0.0,9.0,1.0,2.0,0.52000000000000002,0.5,0.71999999999999997,0.1045,2.0,0.0,1.0,1.0,10.0
0.0,9.0,2.0,2.0,0.52000000000000002,0.5,0.71999999999999997,0.1343,2.0,0.0,1.0,1.0,13.0
0.0,9.0,3.0,2.0,0.5,0.48479999999999995,0.77000000000000002,0.1343,2.0,0.0,1.0,1.0,5.0
0.0,9.0,4.0,2.0,0.5,0.48479999999999995,0.77000000000000002,0.16420000000000001,2.0,0.0,1.0,1.0,8.0
0.0,9.0,5.0,2.0,0.5,0.48479999999999995,0.77000000000000002,0.19399999999999998,2.0,0.0,1.0,1.0,28.0
0.0,9.0,6.0,1.0,0.5,0.48479999999999995,0.77000000000000002,0.22390000000000002,2.0,0.0,1.0,1.0,113.0
0.0,9.0,7.0,2.0,0.5,0.48479999999999995,0.81999999999999995,0.22390000000000002,2.0,0.0,1.0,1.0,332.0
0.0,9.0,8.0,2.0,0.52000000000000002,0.5,0.77000000000000002,0.1343,2.0,0.0,1.0,1.0,420.0
0.0,9.0,9.0,2.0,0.54000000000000004,0.51519999999999999,0.68000000000000005,0.16420000000000001,2.0,0.0,1.0,1.0,215.0
0.0,9.0,10.0,2.0,0.56000000000000005,0.53029999999999999,0.64000000000000001,0.1343,2.0,0.0,1.0,1.0,105.0
0.0,9.0,11.0,2.0,0.58000000000000007,0.54549999999999998,0.64000000000000001,0.16420000000000001,2.0,0.0,1.0,1.0,139.0
0.0,9.0,12.0,2.0,0.58000000000000007,0.54549999999999998,0.59999999999999998,0.089599999999999999,2.0,0.0,1.0,1.0,189.0
0.0,9.0,13.0,2.0,0.60000000000000009,0.60609999999999997,0.59999999999999998,0.0,2.0,0.0,1.0,1.0,177.0
0.0,9.0,14.0,2.0,0.60000000000000009,0.60609999999999997,0.59999999999999998,0.19399999999999998,2.0,0.0,1.0,1.0,188.0
0.0,9.0,15.0,2.0,0.60000000000000009,0.60609999999999997,0.59999999999999998,0.22390000000000002,2.0,0.0,1.0,1.0,187.0
0.0,9.0,16.0,2.0,0.60000000000000009,0.60609999999999997,0.59999999999999998,0.16420000000000001,2.0,0.0,1.0,1.0,263.0
0.0,9.0,17.0,2.0,0.58000000000000007,0.54549999999999998,0.64000000000000001,0.1343,2.0,0.0,1.0,1.0,568.0
0.0,9.0,18.0,2.0,0.56000000000000005,0.53029999999999999,0.68000000000000005,0.1343,2.0,0.0,1.0,1.0,540.0
0.0,9.0,19.0,2.0,0.56000000000000005,0.53029999999999999,0.68000000000000005,0.1045,2.0,0.0,1.0,1.0,374.0
0.0,9.0,20.0,2.0,0.56000000000000005,0.53029999999999999,0.68000000000000005,0.1343,2.0,0.0,1.0,1.0,231.0
0.0,9.0,21.0,2.0,0.56000000000000005,0.53029999999999999,0.68000000000000005,0.16420000000000001,2.0,0.0,1.0,1.0,200.0
0.0,9.0,22.0,2.0,0.56000000000000005,0.53029999999999999,0.68000000000000005,0.16420000000000001,2.0,0.0,1.0,1.0,129.0
0.0,9.0,23.0,2.0,0.56000000000000005,0.53029999999999999,0.72999999999999998,0.19399999999999998,2.0,0.0,1.0,1.0,68.0
0.0,9.0,0.0,2.0,0.56000000000000005,0.53029999999999999,0.72999999999999998,0.16420000000000001,2.0,0.0,2.0,1.0,25.0
0.0,9.0,1.0,2.0,0.54000000000000004,0.51519999999999999,0.88,0.16420000000000001,2.0,0.0,2.0,1.0,14.0
0.0,9.0,2.0,2.0,0.54000000000000004,0.51519999999999999,0.88,0.16420000000000001,2.0,0.0,2.0,1.0,5.0
0.0,9.0,3.0,2.0,0.54000000000000004,0.51519999999999999,0.82999999999999996,0.22390000000000002,2.0,0.0,2.0,1.0,3.0
0.0,9.0,4.0,1.0,0.54000000000000004,0.51519999999999999,0.88,0.19399999999999998,2.0,0.0,2.0,1.0,6.0
0.0,9.0,5.0,2.0,0.54000000000000004,0.51519999999999999,0.88,0.19399999999999998,2.0,0.0,2.0,1.0,22.0
0.0,9.0,6.0,2.0,0.54000000000000004,0.51519999999999999,0.88,0.19399999999999998,2.0,0.0,2.0,1.0,114.0
0.0,9.0,7.0,2.0,0.54000000000000004,0.51519999999999999,0.88,0.16420000000000001,2.0,0.0,2.0,1.0,329.0
0.0,9.0,8.0,3.0,0.54000000000000004,0.51519999999999999,0.93999999999999995,0.25370000000000004,2.0,0.0,2.0,1.0,209.0
0.0,9.0,9.0,3.0,0.54000000000000004,0.51519999999999999,0.93999999999999995,0.22390000000000002,2.0,0.0,2.0,1.0,69.0
0.0,9.0,10.0,3.0,0.56000000000000005,0.53029999999999999,0.88,0.16420000000000001,2.0,0.0,2.0,1.0,30.0
0.0,9.0,11.0,3.0,0.56000000000000005,0.53029999999999999,0.88,0.16420000000000001,2.0,0.0,2.0,1.0,56.0
0.0,9.0,12.0,2.0,0.56000000000000005,0.53029999999999999,0.93999999999999995,0.16420000000000001,2.0,0.0,2.0,1.0,60.0
0.0,9.0,13.0,2.0,0.56000000000000005,0.53029999999999999,0.93999999999999995,0.1343,2.0,0.0,2.0,1.0,103.0
0.0,9.0,14.0,2.0,0.58000000000000007,0.54549999999999998,0.88,0.19399999999999998,2.0,0.0,2.0,1.0,112.0
0.0,9.0,15.0,2.0,0.62,0.59089999999999998,0.78000000000000003,0.1045,2.0,0.0,2.0,1.0,192.0
0.0,9.0,16.0,2.0,0.60000000000000009,0.56059999999999999,0.82999999999999996,0.16420000000000001,2.0,0.0,2.0,1.0,264.0
0.0,9.0,17.0,1.0,0.60000000000000009,0.56059999999999999,0.82999999999999996,0.1045,2.0,0.0,2.0,1.0,511.0
0.0,9.0,18.0,1.0,0.60000000000000009,0.56059999999999999,0.82999999999999996,0.1045,2.0,0.0,2.0,1.0,492.0
0.0,9.0,19.0,1.0,0.58000000000000007,0.54549999999999998,0.88,0.0,2.0,0.0,2.0,1.0,337.0
0.0,9.0,20.0,1.0,0.56000000000000005,0.53029999999999999,0.93999999999999995,0.0,2.0,0.0,2.0,1.0,253.0
0.0,9.0,21.0,1.0,0.56000000000000005,0.53029999999999999,0.93999999999999995,0.0,2.0,0.0,2.0,1.0,206.0
0.0,9.0,22.0,1.0,0.56000000000000005,0.53029999999999999,0.93999999999999995,0.0,2.0,0.0,2.0,1.0,148.0
0.0,9.0,23.0,1.0,0.56000000000000005,0.53029999999999999,0.93999999999999995,0.0,2.0,0.0,2.0,1.0,81.0
0.0,9.0,0.0,1.0,0.54000000000000004,0.51519999999999999,1.0,0.0,2.0,0.0,3.0,1.0,27.0
0.0,9.0,1.0,1.0,0.54000000000000004,0.51519999999999999,0.93999999999999995,0.0,2.0,0.0,3.0,1.0,17.0
0.0,9.0,2.0,1.0,0.54000000000000004,0.51519999999999999,0.93999999999999995,0.0,2.0,0.0,3.0,1.0,6.0
0.0,9.0,3.0,2.0,0.54000000000000004,0.51519999999999999,0.93999999999999995,0.089599999999999999,2.0,0.0,3.0,1.0,6.0
0.0,9.0,4.0,2.0,0.54000000000000004,0.51519999999999999,1.0,0.1343,2.0,0.0,3.0,1.0,7.0
0.0,9.0,5.0,2.0,0.54000000000000004,0.51519999999999999,1.0,0.16420000000000001,2.0,0.0,3.0,1.0,31.0
0.0,9.0,6.0,2.0,0.54000000000000004,0.51519999999999999,1.0,0.19399999999999998,2.0,0.0,3.0,1.0,117.0
0.0,9.0,7.0,2.0,0.54000000000000004,0.51519999999999999,1.0,0.19399999999999998,2.0,0.0,3.0,1.0,330.0
0.0,9.0,8.0,2.0,0.54000000000000004,0.51519999999999999,1.0,0.1045,2.0,0.0,3.0,1.0,462.0
0.0,9.0,9.0,2.0,0.56000000000000005,0.53029999999999999,1.0,0.089599999999999999,2.0,0.0,3.0,1.0,208.0
0.0,9.0,10.0,2.0,0.60000000000000009,0.54549999999999998,0.88,0.0,2.0,0.0,3.0,1.0,133.0
0.0,9.0,11.0,2.0,0.62,0.57579999999999998,0.82999999999999996,0.16420000000000001,2.0,0.0,3.0,1.0,180.0
0.0,9.0,12.0,2.0,0.64000000000000001,0.59089999999999998,0.78000000000000003,0.089599999999999999,2.0,0.0,3.0,1.0,193.0
0.0,9.0,13.0,2.0,0.65999999999999992,0.62119999999999997,0.73999999999999999,0.16420000000000001,2.0,0.0,3.0,1.0,181.0
0.0,9.0,14.0,2.0,0.65999999999999992,0.62119999999999997,0.73999999999999999,0.19399999999999998,2.0,0.0,3.0,1.0,179.0
0.0,9.0,15.0,2.0,0.65999999999999992,0.62119999999999997,0.73999999999999999,0.1045,2.0,0.0,3.0,1.0,185.0
0.0,9.0,16.0,2.0,0.65999999999999992,0.62119999999999997,0.73999999999999999,0.1045,2.0,0.0,3.0,1.0,281.0
0.0,9.0,17.0,3.0,0.65999999999999992,0.62119999999999997,0.73999999999999999,0.16420000000000001,2.0,0.0,3.0,1.0,536.0
0.0,9.0,18.0,3.0,0.64000000000000001,0.57579999999999998,0.82999999999999996,0.16420000000000001,2.0,0.0,3.0,1.0,408.0
0.0,9.0,19.0,3.0,0.62,0.54549999999999998,0.93999999999999995,0.0,2.0,0.0,3.0,1.0,283.0
0.0,9.0,20.0,3.0,0.62,0.54549999999999998,0.93999999999999995,0.0,2.0,0.0,3.0,1.0,160.0
0.0,9.0,21.0,2.0,0.60000000000000009,0.5,1.0,0.089599999999999999,2.0,0.0,3.0,1.0,200.0
0.0,9.0,22.0,2.0,0.62,0.54549999999999998,0.93999999999999995,0.0,2.0,0.0,3.0,1.0,127.0
0.0,9.0,23.0,1.0,0.60000000000000009,0.51519999999999999,0.93999999999999995,0.1045,2.0,0.0,3.0,1.0,95.0
0.0,9.0,0.0,1.0,0.60000000000000009,0.51519999999999999,0.93999999999999995,0.1045,2.0,0.0,4.0,1.0,41.0
0.0,9.0,1.0,2.0,0.60000000000000009,0.51519999999999999,0.93999999999999995,0.089599999999999999,2.0,0.0,4.0,1.0,11.0
0.0,9.0,2.0,2.0,0.60000000000000009,0.51519999999999999,0.93999999999999995,0.1045,2.0,0.0,4.0,1.0,10.0
0.0,9.0,3.0,2.0,0.60000000000000009,0.51519999999999999,0.93999999999999995,0.089599999999999999,2.0,0.0,4.0,1.0,12.0
0.0,9.0,4.0,2.0,0.60000000000000009,0.51519999999999999,0.93999999999999995,0.089599999999999999,2.0,0.0,4.0,1.0,2.0
0.0,9.0,5.0,2.0,0.60000000000000009,0.51519999999999999,0.93999999999999995,0.1045,2.0,0.0,4.0,1.0,30.0
0.0,9.0,6.0,2.0,0.60000000000000009,0.5,1.0,0.1343,2.0,0.0,4.0,1.0,101.0
0.0,9.0,7.0,2.0,0.60000000000000009,0.5,1.0,0.1045,2.0,0.0,4.0,1.0,311.0
0.0,9.0,8.0,2.0,0.60000000000000009,0.5,1.0,0.16420000000000001,2.0,0.0,4.0,1.0,415.0
0.0,9.0,9.0,2.0,0.62,0.54549999999999998,0.93999999999999995,0.19399999999999998,2.0,0.0,4.0,1.0,203.0
0.0,9.0,10.0,2.0,0.64000000000000001,0.57579999999999998,0.89000000000000001,0.22390000000000002,2.0,0.0,4.0,1.0,120.0
0.0,9.0,11.0,2.0,0.64000000000000001,0.57579999999999998,0.89000000000000001,0.19399999999999998,2.0,0.0,4.0,1.0,165.0
0.0,9.0,12.0,2.0,0.65999999999999992,0.60609999999999997,0.82999999999999996,0.16420000000000001,2.0,0.0,4.0,1.0,176.0
0.0,9.0,13.0,2.0,0.65999999999999992,0.60609999999999997,0.82999999999999996,0.19399999999999998,2.0,0.0,4.0,1.0,193.0
0.0,9.0,14.0,2.0,0.65999999999999992,0.60609999999999997,0.82999999999999996,0.22390000000000002,2.0,0.0,4.0,1.0,183.0
0.0,9.0,15.0,2.0,0.67999999999999994,0.63639999999999997,0.79000000000000004,0.16420000000000001,2.0,0.0,4.0,1.0,181.0
0.0,9.0,16.0,2.0,0.67999999999999994,0.63639999999999997,0.73999999999999999,0.1343,2.0,0.0,4.0,1.0,301.0
0.0,9.0,17.0,2.0,0.65999999999999992,0.60609999999999997,0.78000000000000003,0.089599999999999999,2.0,0.0,4.0,1.0,563.0
0.0,9.0,18.0,2.0,0.64000000000000001,0.57579999999999998,0.82999999999999996,0.1045,2.0,0.0,4.0,1.0,551.0
0.0,9.0,19.0,2.0,0.64000000000000001,0.57579999999999998,0.89000000000000001,0.089599999999999999,2.0,0.0,4.0,1.0,420.0
0.0,9.0,20.0,2.0,0.62,0.54549999999999998,0.93999999999999995,0.1343,2.0,0.0,4.0,1.0,285.0
0.0,9.0,21.0,2.0,0.64000000000000001,0.57579999999999998,0.89000000000000001,0.089599999999999999,2.0,0.0,4.0,1.0,221.0
0.0,9.0,22.0,2.0,0.62,0.51519999999999999,1.0,0.089599999999999999,2.0,0.0,4.0,1.0,187.0
0.0,9.0,23.0,2.0,0.62,0.54549999999999998,0.93999999999999995,0.0,2.0,0.0,4.0,1.0,113.0
0.0,9.0,0.0,2.0,0.62,0.54549999999999998,0.93999999999999995,0.089599999999999999,2.0,0.0,5.0,1.0,52.0
0.0,9.0,1.0,2.0,0.60000000000000009,0.5,1.0,0.0,2.0,0.0,5.0,1.0,31.0
0.0,9.0,2.0,2.0,0.60000000000000009,0.5,1.0,0.1045,2.0,0.0,5.0,1.0,20.0
0.0,9.0,3.0,2.0,0.60000000000000009,0.5,1.0,0.0,2.0,0.0,5.0,1.0,8.0
0.0,9.0,4.0,3.0,0.60000000000000009,0.5,1.0,0.0,2.0,0.0,5.0,1.0,13.0
0.0,9.0,5.0,2.0,0.62,0.54549999999999998,0.93999999999999995,0.0,2.0,0.0,5.0,1.0,22.0
0.0,9.0,6.0,2.0,0.62,0.54549999999999998,0.93999999999999995,0.089599999999999999,2.0,0.0,5.0,1.0,104.0
0.0,9.0,7.0,3.0,0.62,0.54549999999999998,0.93999999999999995,0.1343,2.0,0.0,5.0,1.0,254.0
0.0,9.0,8.0,3.0,0.62,0.54549999999999998,0.93999999999999995,0.1343,2.0,0.0,5.0,1.0,317.0
0.0,9.0,9.0,3.0,0.62,0.51519999999999999,1.0,0.1343,2.0,0.0,5.0,1.0,111.0
0.0,9.0,10.0,3.0,0.62,0.51519999999999999,1.0,0.1045,2.0,0.0,5.0,1.0,35.0
0.0,9.0,11.0,3.0,0.62,0.51519999999999999,1.0,0.1045,2.0,0.0,5.0,1.0,21.0
0.0,9.0,12.0,3.0,0.62,0.54549999999999998,0.93999999999999995,0.1045,2.0,0.0,5.0,1.0,29.0
0.0,9.0,13.0,3.0,0.60000000000000009,0.5,1.0,0.089599999999999999,2.0,0.0,5.0,1.0,34.0
0.0,9.0,14.0,3.0,0.60000000000000009,0.5,1.0,0.089599999999999999,2.0,0.0,5.0,1.0,24.0
0.0,9.0,15.0,3.0,0.62,0.54549999999999998,0.93999999999999995,0.1045,2.0,0.0,5.0,1.0,61.0
0.0,9.0,16.0,3.0,0.62,0.54549999999999998,0.93999999999999995,0.0,2.0,0.0,5.0,1.0,56.0
0.0,9.0,17.0,2.0,0.60000000000000009,0.5,1.0,0.0,2.0,0.0,5.0,1.0,99.0
0.0,9.0,18.0,1.0,0.60000000000000009,0.5,1.0,0.0,2.0,0.0,5.0,1.0,234.0
0.0,9.0,19.0,1.0,0.62,0.54549999999999998,0.93999999999999995,0.1343,2.0,0.0,5.0,1.0,248.0
0.0,9.0,20.0,1.0,0.60000000000000009,0.51519999999999999,0.93999999999999995,0.0,2.0,0.0,5.0,1.0,179.0
0.0,9.0,21.0,1.0,0.60000000000000009,0.5,1.0,0.16420000000000001,2.0,0.0,5.0,1.0,138.0
0.0,9.0,22.0,1.0,0.60000000000000009,0.51519999999999999,0.93999999999999995,0.16420000000000001,2.0,0.0,5.0,1.0,157.0
0.0,9.0,23.0,2.0,0.58000000000000007,0.54549999999999998,1.0,0.1343,2.0,0.0,5.0,1.0,148.0
0.0,9.0,0.0,1.0,0.58000000000000007,0.54549999999999998,1.0,0.089599999999999999,3.0,0.0,6.0,0.0,93.0
0.0,9.0,1.0,2.0,0.58000000000000007,0.54549999999999998,0.93999999999999995,0.089599999999999999,3.0,0.0,6.0,0.0,79.0
0.0,9.0,2.0,2.0,0.58000000000000007,0.54549999999999998,0.93999999999999995,0.089599999999999999,3.0,0.0,6.0,0.0,68.0
0.0,9.0,3.0,1.0,0.58000000000000007,0.54549999999999998,0.93999999999999995,0.0,3.0,0.0,6.0,0.0,31.0
0.0,9.0,4.0,1.0,0.56000000000000005,0.53029999999999999,0.93999999999999995,0.1045,3.0,0.0,6.0,0.0,8.0
0.0,9.0,5.0,2.0,0.56000000000000005,0.53029999999999999,0.93999999999999995,0.1045,3.0,0.0,6.0,0.0,5.0
0.0,9.0,6.0,2.0,0.56000000000000005,0.53029999999999999,0.93999999999999995,0.1045,3.0,0.0,6.0,0.0,18.0
0.0,9.0,7.0,2.0,0.56000000000000005,0.53029999999999999,0.88,0.1045,3.0,0.0,6.0,0.0,46.0
0.0,9.0,8.0,2.0,0.58000000000000007,0.54549999999999998,0.90000000000000002,0.089599999999999999,3.0,0.0,6.0,0.0,121.0
0.0,9.0,9.0,2.0,0.60000000000000009,0.54549999999999998,0.88,0.089599999999999999,3.0,0.0,6.0,0.0,175.0
0.0,9.0,10.0,2.0,0.60000000000000009,0.54549999999999998,0.88,0.089599999999999999,3.0,0.0,6.0,0.0,293.0
0.0,9.0,11.0,2.0,0.62,0.57579999999999998,0.82999999999999996,0.089599999999999999,3.0,0.0,6.0,0.0,386.0
0.0,9.0,12.0,2.0,0.62,0.57579999999999998,0.82999999999999996,0.089599999999999999,3.0,0.0,6.0,0.0,407.0
0.0,9.0,13.0,1.0,0.64000000000000001,0.59089999999999998,0.78000000000000003,0.0,3.0,0.0,6.0,0.0,460.0
0.0,9.0,14.0,2.0,0.65999999999999992,0.62119999999999997,0.73999999999999999,0.1343,3.0,0.0,6.0,0.0,390.0
0.0,9.0,15.0,2.0,0.65999999999999992,0.62119999999999997,0.73999999999999999,0.1343,3.0,0.0,6.0,0.0,452.0
0.0,9.0,16.0,2.0,0.64000000000000001,0.59089999999999998,0.78000000000000003,0.089599999999999999,3.0,0.0,6.0,0.0,449.0
0.0,9.0,17.0,1.0,0.65999999999999992,0.62119999999999997,0.73999999999999999,0.1045,3.0,0.0,6.0,0.0,426.0
0.0,9.0,18.0,1.0,0.64000000000000001,0.59089999999999998,0.78000000000000003,0.1045,3.0,0.0,6.0,0.0,400.0
0.0,9.0,19.0,1.0,0.62,0.56059999999999999,0.88,0.0,3.0,0.0,6.0,0.0,308.0
0.0,9.0,20.0,1.0,0.62,0.57579999999999998,0.82999999999999996,0.0,3.0,0.0,6.0,0.0,243.0
0.0,9.0,21.0,1.0,0.62,0.57579999999999998,0.82999999999999996,0.089599999999999999,3.0,0.0,6.0,0.0,222.0
0.0,9.0,22.0,2.0,0.62,0.56059999999999999,0.88,0.0,3.0,0.0,6.0,0.0,193.0
0.0,9.0,23.0,2.0,0.60000000000000009,0.54549999999999998,0.88,0.089599999999999999,3.0,0.0,6.0,0.0,150.0
0.0,9.0,0.0,2.0,0.60000000000000009,0.54549999999999998,0.88,0.0,3.0,0.0,7.0,0.0,173.0
0.0,9.0,1.0,2.0,0.60000000000000009,0.54549999999999998,0.88,0.1045,3.0,0.0,7.0,0.0,124.0
0.0,9.0,2.0,3.0,0.60000000000000009,0.51519999999999999,0.93999999999999995,0.0,3.0,0.0,7.0,0.0,106.0
0.0,9.0,3.0,3.0,0.60000000000000009,0.51519999999999999,0.93999999999999995,0.0,3.0,0.0,7.0,0.0,59.0
0.0,9.0,4.0,3.0,0.60000000000000009,0.51519999999999999,0.93999999999999995,0.1343,3.0,0.0,7.0,0.0,8.0
0.0,9.0,5.0,1.0,0.60000000000000009,0.54549999999999998,0.88,0.089599999999999999,3.0,0.0,7.0,0.0,3.0
0.0,9.0,6.0,2.0,0.60000000000000009,0.54549999999999998,0.88,0.1045,3.0,0.0,7.0,0.0,17.0
0.0,9.0,7.0,2.0,0.60000000000000009,0.51519999999999999,0.93999999999999995,0.1343,3.0,0.0,7.0,0.0,38.0
0.0,9.0,8.0,2.0,0.62,0.56059999999999999,0.88,0.0,3.0,0.0,7.0,0.0,86.0
0.0,9.0,9.0,2.0,0.64000000000000001,0.57579999999999998,0.82999999999999996,0.0,3.0,0.0,7.0,0.0,155.0
0.0,9.0,10.0,2.0,0.64000000000000001,0.57579999999999998,0.82999999999999996,0.0,3.0,0.0,7.0,0.0,275.0
0.0,9.0,11.0,2.0,0.65999999999999992,0.60609999999999997,0.78000000000000003,0.1343,3.0,0.0,7.0,0.0,361.0
0.0,9.0,12.0,2.0,0.65999999999999992,0.60609999999999997,0.78000000000000003,0.0,3.0,0.0,7.0,0.0,413.0
0.0,9.0,13.0,2.0,0.67999999999999994,0.63639999999999997,0.73999999999999999,0.0,3.0,0.0,7.0,0.0,369.0
0.0,9.0,14.0,2.0,0.65999999999999992,0.60609999999999997,0.78000000000000003,0.0,3.0,0.0,7.0,0.0,347.0
0.0,9.0,15.0,2.0,0.65999999999999992,0.60609999999999997,0.78000000000000003,0.0,3.0,0.0,7.0,0.0,353.0
0.0,9.0,16.0,1.0,0.69999999999999996,0.65150000000000008,0.69999999999999996,0.0,3.0,0.0,7.0,0.0,464.0
0.0,9.0,17.0,1.0,0.67999999999999994,0.63639999999999997,0.73999999999999999,0.0,3.0,0.0,7.0,0.0,420.0
0.0,9.0,18.0,1.0,0.67999999999999994,0.63639999999999997,0.73999999999999999,0.0,3.0,0.0,7.0,0.0,404.0
0.0,9.0,19.0,1.0,0.64000000000000001,0.57579999999999998,0.82999999999999996,0.1343,3.0,0.0,7.0,0.0,329.0
0.0,9.0,20.0,1.0,0.64000000000000001,0.57579999999999998,0.82999999999999996,0.089599999999999999,3.0,0.0,7.0,0.0,186.0
0.0,9.0,21.0,1.0,0.62,0.54549999999999998,0.93999999999999995,0.089599999999999999,3.0,0.0,7.0,0.0,137.0
0.0,9.0,22.0,1.0,0.62,0.56059999999999999,0.88,0.089599999999999999,3.0,0.0,7.0,0.0,104.0
0.0,9.0,23.0,2.0,0.62,0.54549999999999998,0.93999999999999995,0.1045,3.0,0.0,7.0,0.0,79.0
0.0,9.0,0.0,2.0,0.62,0.54549999999999998,0.93999999999999995,0.0,3.0,0.0,1.0,1.0,29.0
0.0,9.0,1.0,2.0,0.62,0.56059999999999999,0.88,0.1045,3.0,0.0,1.0,1.0,17.0
0.0,9.0,2.0,2.0,0.62,0.56059999999999999,0.88,0.1045,3.0,0.0,1.0,1.0,8.0
0.0,9.0,3.0,2.0,0.62,0.54549999999999998,0.93999999999999995,0.0,3.0,0.0,1.0,1.0,5.0
0.0,9.0,4.0,2.0,0.62,0.54549999999999998,0.93999999999999995,0.089599999999999999,3.0,0.0,1.0,1.0,6.0
0.0,9.0,5.0,2.0,0.62,0.56059999999999999,0.88,0.0,3.0,0.0,1.0,1.0,25.0
0.0,9.0,6.0,2.0,0.62,0.54549999999999998,0.93999999999999995,0.089599999999999999,3.0,0.0,1.0,1.0,113.0
0.0,9.0,7.0,2.0,0.62,0.54549999999999998,0.93999999999999995,0.0,3.0,0.0,1.0,1.0,332.0
0.0,9.0,8.0,2.0,0.62,0.54549999999999998,0.93999999999999995,0.0,3.0,0.0,1.0,1.0,355.0
0.0,9.0,9.0,2.0,0.64000000000000001,0.57579999999999998,0.89000000000000001,0.19399999999999998,3.0,0.0,1.0,1.0,205.0
0.0,9.0,10.0,2.0,0.64000000000000001,0.57579999999999998,0.89000000000000001,0.19399999999999998,3.0,0.0,1.0,1.0,154.0
0.0,9.0,11.0,1.0,0.67999999999999994,0.63639999999999997,0.79000000000000004,0.22390000000000002,3.0,0.0,1.0,1.0,159.0
0.0,9.0,12.0,2.0,0.67999999999999994,0.63639999999999997,0.79000000000000004,0.16420000000000001,3.0,0.0,1.0,1.0,209.0
0.0,9.0,13.0,2.0,0.69999999999999996,0.66670000000000007,0.73999999999999999,0.16420000000000001,3.0,0.0,1.0,1.0,187.0
0.0,9.0,14.0,1.0,0.69999999999999996,0.65150000000000008,0.69999999999999996,0.16420000000000001,3.0,0.0,1.0,1.0,154.0
0.0,9.0,15.0,1.0,0.71999999999999997,0.68180000000000007,0.62,0.1343,3.0,0.0,1.0,1.0,209.0
0.0,9.0,16.0,1.0,0.69999999999999996,0.65150000000000008,0.65000000000000002,0.16420000000000001,3.0,0.0,1.0,1.0,313.0
0.0,9.0,17.0,1.0,0.69999999999999996,0.65150000000000008,0.69999999999999996,0.1343,3.0,0.0,1.0,1.0,570.0
0.0,9.0,18.0,1.0,0.65999999999999992,0.60609999999999997,0.82999999999999996,0.1045,3.0,0.0,1.0,1.0,553.0
0.0,9.0,19.0,1.0,0.65999999999999992,0.60609999999999997,0.81999999999999995,0.089599999999999999,3.0,0.0,1.0,1.0,383.0
0.0,9.0,20.0,1.0,0.64000000000000001,0.57579999999999998,0.89000000000000001,0.1343,3.0,0.0,1.0,1.0,251.0
0.0,9.0,21.0,1.0,0.64000000000000001,0.57579999999999998,0.89000000000000001,0.1343,3.0,0.0,1.0,1.0,182.0
0.0,9.0,22.0,1.0,0.62,0.54549999999999998,0.93999999999999995,0.1343,3.0,0.0,1.0,1.0,136.0
0.0,9.0,23.0,1.0,0.62,0.54549999999999998,0.93999999999999995,0.1343,3.0,0.0,1.0,1.0,75.0
0.0,9.0,0.0,1.0,0.62,0.54549999999999998,0.93999999999999995,0.1343,3.0,0.0,2.0,1.0,37.0
0.0,9.0,1.0,1.0,0.62,0.54549999999999998,0.93999999999999995,0.16420000000000001,3.0,0.0,2.0,1.0,10.0
0.0,9.0,2.0,1.0,0.62,0.54549999999999998,0.93999999999999995,0.1045,3.0,0.0,2.0,1.0,11.0
0.0,9.0,3.0,2.0,0.62,0.54549999999999998,0.93999999999999995,0.0,3.0,0.0,2.0,1.0,10.0
0.0,9.0,4.0,3.0,0.62,0.54549999999999998,0.93999999999999995,0.089599999999999999,3.0,0.0,2.0,1.0,8.0
0.0,9.0,5.0,3.0,0.62,0.54549999999999998,0.93999999999999995,0.089599999999999999,3.0,0.0,2.0,1.0,24.0
0.0,9.0,6.0,2.0,0.62,0.54549999999999998,0.93999999999999995,0.1045,3.0,0.0,2.0,1.0,124.0
0.0,9.0,7.0,2.0,0.62,0.54549999999999998,0.93999999999999995,0.1045,3.0,0.0,2.0,1.0,249.0
0.0,9.0,8.0,2.0,0.64000000000000001,0.57579999999999998,0.89000000000000001,0.1045,3.0,0.0,2.0,1.0,427.0
0.0,9.0,9.0,3.0,0.64000000000000001,0.57579999999999998,0.89000000000000001,0.19399999999999998,3.0,0.0,2.0,1.0,193.0
0.0,9.0,10.0,3.0,0.64000000000000001,0.56059999999999999,0.93999999999999995,0.16420000000000001,3.0,0.0,2.0,1.0,122.0
0.0,9.0,11.0,2.0,0.65999999999999992,0.59089999999999998,0.89000000000000001,0.1045,3.0,0.0,2.0,1.0,123.0
0.0,9.0,12.0,2.0,0.65999999999999992,0.59089999999999998,0.89000000000000001,0.1343,3.0,0.0,2.0,1.0,162.0
0.0,9.0,13.0,2.0,0.69999999999999996,0.66670000000000007,0.73999999999999999,0.22390000000000002,3.0,0.0,2.0,1.0,151.0
0.0,9.0,14.0,2.0,0.67999999999999994,0.63639999999999997,0.79000000000000004,0.1045,3.0,0.0,2.0,1.0,152.0
0.0,9.0,15.0,2.0,0.67999999999999994,0.63639999999999997,0.82999999999999996,0.089599999999999999,3.0,0.0,2.0,1.0,205.0
0.0,9.0,16.0,2.0,0.65999999999999992,0.60609999999999997,0.82999999999999996,0.19399999999999998,3.0,0.0,2.0,1.0,258.0
0.0,9.0,17.0,2.0,0.65999999999999992,0.59089999999999998,0.89000000000000001,0.19399999999999998,3.0,0.0,2.0,1.0,530.0
0.0,9.0,18.0,2.0,0.64000000000000001,0.57579999999999998,0.89000000000000001,0.22390000000000002,3.0,0.0,2.0,1.0,356.0
0.0,9.0,19.0,2.0,0.64000000000000001,0.57579999999999998,0.89000000000000001,0.1343,3.0,0.0,2.0,1.0,320.0
0.0,9.0,20.0,1.0,0.62,0.59089999999999998,0.78000000000000003,0.0,3.0,0.0,2.0,1.0,238.0
0.0,9.0,21.0,1.0,0.60000000000000009,0.56059999999999999,0.82999999999999996,0.0,3.0,0.0,2.0,1.0,196.0
0.0,9.0,22.0,1.0,0.60000000000000009,0.54549999999999998,0.88,0.089599999999999999,3.0,0.0,2.0,1.0,121.0
0.0,9.0,23.0,1.0,0.60000000000000009,0.54549999999999998,0.88,0.089599999999999999,3.0,0.0,2.0,1.0,93.0
0.0,9.0,0.0,1.0,0.60000000000000009,0.54549999999999998,0.88,0.0,3.0,0.0,3.0,1.0,36.0
0.0,9.0,1.0,1.0,0.60000000000000009,0.54549999999999998,0.88,0.0,3.0,0.0,3.0,1.0,14.0
0.0,9.0,2.0,1.0,0.60000000000000009,0.54549999999999998,0.88,0.25370000000000004,3.0,0.0,3.0,1.0,9.0
0.0,9.0,3.0,2.0,0.60000000000000009,0.51519999999999999,0.93999999999999995,0.089599999999999999,3.0,0.0,3.0,1.0,3.0
0.0,9.0,4.0,1.0,0.60000000000000009,0.54549999999999998,0.88,0.0,3.0,0.0,3.0,1.0,4.0
0.0,9.0,5.0,2.0,0.60000000000000009,0.51519999999999999,0.93999999999999995,0.0,3.0,0.0,3.0,1.0,22.0
0.0,9.0,6.0,3.0,0.60000000000000009,0.51519999999999999,0.93999999999999995,0.16420000000000001,3.0,0.0,3.0,1.0,114.0
0.0,9.0,7.0,3.0,0.60000000000000009,0.51519999999999999,0.93999999999999995,0.16420000000000001,3.0,0.0,3.0,1.0,185.0
0.0,9.0,8.0,3.0,0.62,0.54549999999999998,0.93999999999999995,0.22390000000000002,3.0,0.0,3.0,1.0,287.0
0.0,9.0,9.0,3.0,0.62,0.54549999999999998,0.93999999999999995,0.22390000000000002,3.0,0.0,3.0,1.0,155.0
0.0,9.0,10.0,2.0,0.62,0.54549999999999998,0.93999999999999995,0.0,3.0,0.0,3.0,1.0,129.0
0.0,9.0,11.0,2.0,0.65999999999999992,0.60609999999999997,0.82999999999999996,0.1045,3.0,0.0,3.0,1.0,151.0
0.0,9.0,12.0,2.0,0.67999999999999994,0.63639999999999997,0.79000000000000004,0.0,3.0,0.0,3.0,1.0,184.0
0.0,9.0,13.0,1.0,0.69999999999999996,0.66670000000000007,0.73999999999999999,0.25370000000000004,3.0,0.0,3.0,1.0,162.0
0.0,9.0,14.0,1.0,0.71999999999999997,0.68180000000000007,0.62,0.25370000000000004,3.0,0.0,3.0,1.0,170.0
0.0,9.0,15.0,1.0,0.69999999999999996,0.65150000000000008,0.69999999999999996,0.1343,3.0,0.0,3.0,1.0,181.0
0.0,9.0,16.0,1.0,0.69999999999999996,0.65150000000000008,0.69999999999999996,0.19399999999999998,3.0,0.0,3.0,1.0,280.0
0.0,9.0,17.0,1.0,0.69999999999999996,0.65150000000000008,0.69999999999999996,0.22390000000000002,3.0,0.0,3.0,1.0,591.0
0.0,9.0,18.0,3.0,0.65999999999999992,0.60609999999999997,0.82999999999999996,0.25370000000000004,3.0,0.0,3.0,1.0,524.0
0.0,9.0,19.0,3.0,0.65999999999999992,0.60609999999999997,0.82999999999999996,0.25370000000000004,3.0,0.0,3.0,1.0,372.0
0.0,9.0,20.0,3.0,0.60000000000000009,0.56059999999999999,0.82999999999999996,0.29850000000000004,3.0,0.0,3.0,1.0,102.0
0.0,9.0,21.0,3.0,0.60000000000000009,0.54549999999999998,0.88,0.25370000000000004,3.0,0.0,3.0,1.0,74.0
0.0,9.0,22.0,1.0,0.60000000000000009,0.54549999999999998,0.88,0.089599999999999999,3.0,0.0,3.0,1.0,87.0
0.0,9.0,23.0,1.0,0.60000000000000009,0.51519999999999999,0.93999999999999995,0.1343,3.0,0.0,3.0,1.0,71.0
0.0,9.0,0.0,1.0,0.60000000000000009,0.51519999999999999,0.93999999999999995,0.19399999999999998,3.0,0.0,4.0,1.0,40.0
0.0,9.0,1.0,2.0,0.60000000000000009,0.5,1.0,0.19399999999999998,3.0,0.0,4.0,1.0,23.0
0.0,9.0,2.0,2.0,0.60000000000000009,0.5,1.0,0.19399999999999998,3.0,0.0,4.0,1.0,2.0
0.0,9.0,3.0,2.0,0.60000000000000009,0.51519999999999999,0.93999999999999995,0.19399999999999998,3.0,0.0,4.0,1.0,8.0
0.0,9.0,4.0,2.0,0.60000000000000009,0.54549999999999998,0.88,0.19399999999999998,3.0,0.0,4.0,1.0,7.0
0.0,9.0,5.0,2.0,0.60000000000000009,0.54549999999999998,0.88,0.1045,3.0,0.0,4.0,1.0,22.0
0.0,9.0,6.0,2.0,0.60000000000000009,0.54549999999999998,0.88,0.089599999999999999,3.0,0.0,4.0,1.0,111.0
0.0,9.0,7.0,1.0,0.60000000000000009,0.54549999999999998,0.88,0.1343,3.0,0.0,4.0,1.0,283.0
0.0,9.0,8.0,1.0,0.60000000000000009,0.56059999999999999,0.82999999999999996,0.0,3.0,0.0,4.0,1.0,431.0
0.0,9.0,9.0,1.0,0.62,0.59089999999999998,0.78000000000000003,0.25370000000000004,3.0,0.0,4.0,1.0,225.0
0.0,9.0,10.0,1.0,0.64000000000000001,0.60609999999999997,0.65000000000000002,0.19399999999999998,3.0,0.0,4.0,1.0,127.0
0.0,9.0,11.0,1.0,0.62,0.60609999999999997,0.60999999999999999,0.19399999999999998,3.0,0.0,4.0,1.0,158.0
0.0,9.0,12.0,1.0,0.65999999999999992,0.62119999999999997,0.60999999999999999,0.16420000000000001,3.0,0.0,4.0,1.0,195.0
0.0,9.0,13.0,1.0,0.64000000000000001,0.62119999999999997,0.60999999999999999,0.19399999999999998,3.0,0.0,4.0,1.0,211.0
0.0,9.0,14.0,1.0,0.67999999999999994,0.63639999999999997,0.51000000000000001,0.29850000000000004,3.0,0.0,4.0,1.0,167.0
0.0,9.0,15.0,1.0,0.67999999999999994,0.63639999999999997,0.45000000000000001,0.3881,3.0,0.0,4.0,1.0,227.0
0.0,9.0,16.0,1.0,0.67999999999999994,0.63639999999999997,0.40999999999999998,0.35820000000000002,3.0,0.0,4.0,1.0,291.0
0.0,9.0,17.0,1.0,0.65999999999999992,0.62119999999999997,0.46999999999999997,0.29850000000000004,3.0,0.0,4.0,1.0,589.0
0.0,9.0,18.0,1.0,0.64000000000000001,0.62119999999999997,0.40999999999999998,0.22390000000000002,3.0,0.0,4.0,1.0,584.0
0.0,9.0,19.0,1.0,0.62,0.62119999999999997,0.5,0.089599999999999999,3.0,0.0,4.0,1.0,384.0
0.0,9.0,20.0,1.0,0.60000000000000009,0.62119999999999997,0.53000000000000003,0.089599999999999999,3.0,0.0,4.0,1.0,273.0
0.0,9.0,21.0,1.0,0.58000000000000007,0.54549999999999998,0.56000000000000005,0.0,3.0,0.0,4.0,1.0,225.0
0.0,9.0,22.0,1.0,0.56000000000000005,0.53029999999999999,0.68000000000000005,0.0,3.0,0.0,4.0,1.0,175.0
0.0,9.0,23.0,1.0,0.52000000000000002,0.5,0.77000000000000002,0.1045,3.0,0.0,4.0,1.0,81.0
0.0,9.0,0.0,1.0,0.52000000000000002,0.5,0.82999999999999996,0.1045,3.0,0.0,5.0,1.0,60.0
0.0,9.0,1.0,1.0,0.52000000000000002,0.5,0.77000000000000002,0.089599999999999999,3.0,0.0,5.0,1.0,23.0
0.0,9.0,2.0,1.0,0.52000000000000002,0.5,0.82999999999999996,0.1045,3.0,0.0,5.0,1.0,15.0
0.0,9.0,3.0,1.0,0.52000000000000002,0.5,0.82999999999999996,0.1045,3.0,0.0,5.0,1.0,3.0
0.0,9.0,4.0,1.0,0.52000000000000002,0.5,0.82999999999999996,0.19399999999999998,3.0,0.0,5.0,1.0,8.0
0.0,9.0,5.0,1.0,0.52000000000000002,0.5,0.82999999999999996,0.19399999999999998,3.0,0.0,5.0,1.0,26.0
0.0,9.0,6.0,1.0,0.52000000000000002,0.5,0.82999999999999996,0.22390000000000002,3.0,0.0,5.0,1.0,98.0
0.0,9.0,7.0,1.0,0.52000000000000002,0.5,0.82999999999999996,0.22390000000000002,3.0,0.0,5.0,1.0,297.0
0.0,9.0,8.0,1.0,0.54000000000000004,0.51519999999999999,0.77000000000000002,0.1343,3.0,0.0,5.0,1.0,456.0
0.0,9.0,9.0,1.0,0.56000000000000005,0.53029999999999999,0.72999999999999998,0.19399999999999998,3.0,0.0,5.0,1.0,237.0
0.0,9.0,10.0,1.0,0.60000000000000009,0.60609999999999997,0.64000000000000001,0.0,3.0,0.0,5.0,1.0,168.0
0.0,9.0,11.0,1.0,0.64000000000000001,0.62119999999999997,0.56999999999999995,0.089599999999999999,3.0,0.0,5.0,1.0,217.0
0.0,9.0,12.0,2.0,0.64000000000000001,0.62119999999999997,0.56999999999999995,0.19399999999999998,3.0,0.0,5.0,1.0,254.0
0.0,9.0,13.0,2.0,0.65999999999999992,0.62119999999999997,0.46999999999999997,0.32840000000000003,3.0,0.0,5.0,1.0,266.0
0.0,9.0,14.0,2.0,0.64000000000000001,0.62119999999999997,0.46999999999999997,0.29850000000000004,3.0,0.0,5.0,1.0,266.0
0.0,9.0,15.0,1.0,0.64000000000000001,0.62119999999999997,0.5,0.28360000000000002,3.0,0.0,5.0,1.0,245.0
0.0,9.0,16.0,1.0,0.62,0.62119999999999997,0.53000000000000003,0.22390000000000002,3.0,0.0,5.0,1.0,360.0
0.0,9.0,17.0,1.0,0.62,0.62119999999999997,0.53000000000000003,0.19399999999999998,3.0,0.0,5.0,1.0,591.0
0.0,9.0,18.0,1.0,0.58000000000000007,0.54549999999999998,0.48999999999999999,0.35820000000000002,3.0,0.0,5.0,1.0,511.0
0.0,9.0,19.0,1.0,0.54000000000000004,0.51519999999999999,0.52000000000000002,0.28360000000000002,3.0,0.0,5.0,1.0,374.0
0.0,9.0,20.0,1.0,0.54000000000000004,0.51519999999999999,0.52000000000000002,0.28360000000000002,3.0,0.0,5.0,1.0,230.0
0.0,9.0,21.0,1.0,0.52000000000000002,0.5,0.55000000000000004,0.19399999999999998,3.0,0.0,5.0,1.0,206.0
0.0,9.0,22.0,1.0,0.52000000000000002,0.5,0.55000000000000004,0.32840000000000003,3.0,0.0,5.0,1.0,159.0
0.0,9.0,23.0,1.0,0.52000000000000002,0.5,0.55000000000000004,0.32840000000000003,3.0,0.0,5.0,1.0,132.0
0.0,10.0,0.0,1.0,0.5,0.48479999999999995,0.63,0.3881,3.0,0.0,6.0,0.0,130.0
0.0,10.0,1.0,1.0,0.47999999999999998,0.46970000000000001,0.67000000000000004,0.32840000000000003,3.0,0.0,6.0,0.0,58.0
0.0,10.0,2.0,1.0,0.45999999999999996,0.45450000000000002,0.63,0.41790000000000005,3.0,0.0,6.0,0.0,67.0
0.0,10.0,3.0,1.0,0.45999999999999996,0.45450000000000002,0.58999999999999997,0.41790000000000005,3.0,0.0,6.0,0.0,25.0
0.0,10.0,4.0,1.0,0.44,0.43939999999999996,0.57999999999999996,0.41790000000000005,3.0,0.0,6.0,0.0,8.0
0.0,10.0,5.0,2.0,0.44,0.43939999999999996,0.62,0.29850000000000004,3.0,0.0,6.0,0.0,5.0
0.0,10.0,6.0,1.0,0.41999999999999998,0.42420000000000002,0.67000000000000004,0.32840000000000003,3.0,0.0,6.0,0.0,19.0
0.0,10.0,7.0,3.0,0.41999999999999998,0.42420000000000002,0.67000000000000004,0.25370000000000004,3.0,0.0,6.0,0.0,36.0
0.0,10.0,8.0,2.0,0.39999999999999997,0.40909999999999996,0.76000000000000001,0.32840000000000003,3.0,0.0,6.0,0.0,67.0
0.0,10.0,9.0,3.0,0.39999999999999997,0.40909999999999996,0.81999999999999995,0.35820000000000002,3.0,0.0,6.0,0.0,129.0
0.0,10.0,10.0,3.0,0.39999999999999997,0.40909999999999996,0.76000000000000001,0.35820000000000002,3.0,0.0,6.0,0.0,121.0
0.0,10.0,11.0,3.0,0.38,0.39390000000000003,0.81999999999999995,0.32840000000000003,3.0,0.0,6.0,0.0,132.0
0.0,10.0,12.0,2.0,0.39999999999999997,0.40909999999999996,0.81999999999999995,0.25370000000000004,3.0,0.0,6.0,0.0,158.0
0.0,10.0,13.0,2.0,0.39999999999999997,0.40909999999999996,0.81999999999999995,0.32840000000000003,3.0,0.0,6.0,0.0,125.0
0.0,10.0,14.0,2.0,0.41999999999999998,0.42420000000000002,0.70999999999999996,0.35820000000000002,3.0,0.0,6.0,0.0,180.0
0.0,10.0,15.0,2.0,0.41999999999999998,0.42420000000000002,0.70999999999999996,0.28360000000000002,3.0,0.0,6.0,0.0,195.0
0.0,10.0,16.0,2.0,0.39999999999999997,0.40909999999999996,0.76000000000000001,0.29850000000000004,3.0,0.0,6.0,0.0,223.0
0.0,10.0,17.0,3.0,0.39999999999999997,0.40909999999999996,0.76000000000000001,0.19399999999999998,3.0,0.0,6.0,0.0,228.0
0.0,10.0,18.0,3.0,0.38,0.39390000000000003,0.87,0.22390000000000002,3.0,0.0,6.0,0.0,140.0
0.0,10.0,19.0,2.0,0.38,0.39390000000000003,0.81999999999999995,0.19399999999999998,3.0,0.0,6.0,0.0,126.0
0.0,10.0,20.0,3.0,0.35999999999999999,0.36359999999999998,0.87,0.1045,3.0,0.0,6.0,0.0,66.0
0.0,10.0,21.0,3.0,0.35999999999999999,0.36359999999999998,0.87,0.1045,3.0,0.0,6.0,0.0,56.0
0.0,10.0,22.0,2.0,0.35999999999999999,0.34850000000000003,0.93000000000000005,0.22390000000000002,3.0,0.0,6.0,0.0,70.0
0.0,10.0,23.0,3.0,0.35999999999999999,0.34850000000000003,0.93000000000000005,0.22390000000000002,3.0,0.0,6.0,0.0,65.0
0.0,10.0,0.0,3.0,0.35999999999999999,0.33329999999999999,0.93000000000000005,0.29850000000000004,3.0,0.0,7.0,0.0,47.0
0.0,10.0,1.0,3.0,0.33999999999999997,0.31819999999999998,0.87,0.25370000000000004,3.0,0.0,7.0,0.0,24.0
0.0,10.0,2.0,3.0,0.33999999999999997,0.30299999999999999,0.87,0.29850000000000004,3.0,0.0,7.0,0.0,30.0
0.0,10.0,3.0,3.0,0.33999999999999997,0.31819999999999998,0.87,0.28360000000000002,3.0,0.0,7.0,0.0,9.0
0.0,10.0,4.0,2.0,0.33999999999999997,0.31819999999999998,0.87,0.25370000000000004,3.0,0.0,7.0,0.0,7.0
0.0,10.0,5.0,1.0,0.32000000000000001,0.30299999999999999,0.87,0.28360000000000002,3.0,0.0,7.0,0.0,7.0
0.0,10.0,6.0,1.0,0.32000000000000001,0.31819999999999998,0.81000000000000005,0.16420000000000001,3.0,0.0,7.0,0.0,15.0
0.0,10.0,7.0,1.0,0.33999999999999997,0.33329999999999999,0.76000000000000001,0.19399999999999998,3.0,0.0,7.0,0.0,29.0
0.0,10.0,8.0,2.0,0.33999999999999997,0.33329999999999999,0.76000000000000001,0.19399999999999998,3.0,0.0,7.0,0.0,64.0
0.0,10.0,9.0,1.0,0.35999999999999999,0.33329999999999999,0.76000000000000001,0.35820000000000002,3.0,0.0,7.0,0.0,115.0
0.0,10.0,10.0,2.0,0.35999999999999999,0.33329999999999999,0.70999999999999996,0.28360000000000002,3.0,0.0,7.0,0.0,248.0
0.0,10.0,11.0,2.0,0.38,0.39390000000000003,0.66000000000000003,0.25370000000000004,3.0,0.0,7.0,0.0,292.0
0.0,10.0,12.0,2.0,0.39999999999999997,0.40909999999999996,0.62,0.19399999999999998,3.0,0.0,7.0,0.0,321.0
0.0,10.0,13.0,3.0,0.39999999999999997,0.40909999999999996,0.62,0.22390000000000002,3.0,0.0,7.0,0.0,308.0
0.0,10.0,14.0,3.0,0.35999999999999999,0.34850000000000003,0.81000000000000005,0.16420000000000001,3.0,0.0,7.0,0.0,256.0
0.0,10.0,15.0,3.0,0.35999999999999999,0.33329999999999999,0.81000000000000005,0.25370000000000004,3.0,0.0,7.0,0.0,173.0
0.0,10.0,16.0,3.0,0.35999999999999999,0.34850000000000003,0.87,0.19399999999999998,3.0,0.0,7.0,0.0,206.0
0.0,10.0,17.0,3.0,0.35999999999999999,0.34850000000000003,0.87,0.16420000000000001,3.0,0.0,7.0,0.0,167.0
0.0,10.0,18.0,2.0,0.35999999999999999,0.34850000000000003,0.81000000000000005,0.19399999999999998,3.0,0.0,7.0,0.0,174.0
0.0,10.0,19.0,2.0,0.38,0.39390000000000003,0.76000000000000001,0.16420000000000001,3.0,0.0,7.0,0.0,162.0
0.0,10.0,20.0,2.0,0.35999999999999999,0.33329999999999999,0.76000000000000001,0.25370000000000004,3.0,0.0,7.0,0.0,87.0
0.0,10.0,21.0,1.0,0.35999999999999999,0.34850000000000003,0.70999999999999996,0.22390000000000002,3.0,0.0,7.0,0.0,88.0
0.0,10.0,22.0,3.0,0.35999999999999999,0.36359999999999998,0.81000000000000005,0.089599999999999999,3.0,0.0,7.0,0.0,64.0
0.0,10.0,23.0,1.0,0.35999999999999999,0.36359999999999998,0.81000000000000005,0.089599999999999999,3.0,0.0,7.0,0.0,25.0
0.0,10.0,0.0,1.0,0.33999999999999997,0.34850000000000003,0.87,0.1045,3.0,0.0,1.0,1.0,16.0
0.0,10.0,1.0,1.0,0.35999999999999999,0.36359999999999998,0.81000000000000005,0.089599999999999999,3.0,0.0,1.0,1.0,6.0
0.0,10.0,2.0,1.0,0.35999999999999999,0.36359999999999998,0.76000000000000001,0.1045,3.0,0.0,1.0,1.0,4.0
0.0,10.0,3.0,1.0,0.35999999999999999,0.37880000000000003,0.81000000000000005,0.0,3.0,0.0,1.0,1.0,7.0
0.0,10.0,4.0,1.0,0.33999999999999997,0.34850000000000003,0.87,0.1045,3.0,0.0,1.0,1.0,8.0
0.0,10.0,5.0,2.0,0.35999999999999999,0.36359999999999998,0.76000000000000001,0.1045,3.0,0.0,1.0,1.0,21.0
0.0,10.0,6.0,2.0,0.35999999999999999,0.37880000000000003,0.70999999999999996,0.0,3.0,0.0,1.0,1.0,94.0
0.0,10.0,7.0,2.0,0.35999999999999999,0.34850000000000003,0.70999999999999996,0.1343,3.0,0.0,1.0,1.0,249.0
0.0,10.0,8.0,2.0,0.35999999999999999,0.36359999999999998,0.70999999999999996,0.1045,3.0,0.0,1.0,1.0,372.0
0.0,10.0,9.0,2.0,0.39999999999999997,0.40909999999999996,0.66000000000000003,0.089599999999999999,3.0,0.0,1.0,1.0,153.0
0.0,10.0,10.0,2.0,0.39999999999999997,0.40909999999999996,0.66000000000000003,0.1045,3.0,0.0,1.0,1.0,101.0
0.0,10.0,11.0,2.0,0.39999999999999997,0.40909999999999996,0.70999999999999996,0.22390000000000002,3.0,0.0,1.0,1.0,126.0
0.0,10.0,12.0,2.0,0.39999999999999997,0.40909999999999996,0.70999999999999996,0.1343,3.0,0.0,1.0,1.0,147.0
0.0,10.0,13.0,3.0,0.41999999999999998,0.42420000000000002,0.67000000000000004,0.16420000000000001,3.0,0.0,1.0,1.0,118.0
0.0,10.0,14.0,3.0,0.39999999999999997,0.40909999999999996,0.76000000000000001,0.0,3.0,0.0,1.0,1.0,120.0
0.0,10.0,15.0,3.0,0.39999999999999997,0.40909999999999996,0.76000000000000001,0.0,3.0,0.0,1.0,1.0,101.0
0.0,10.0,16.0,2.0,0.39999999999999997,0.40909999999999996,0.76000000000000001,0.1045,3.0,0.0,1.0,1.0,218.0
0.0,10.0,17.0,2.0,0.39999999999999997,0.40909999999999996,0.76000000000000001,0.16420000000000001,3.0,0.0,1.0,1.0,495.0
0.0,10.0,18.0,2.0,0.39999999999999997,0.40909999999999996,0.76000000000000001,0.16420000000000001,3.0,0.0,1.0,1.0,412.0
0.0,10.0,19.0,1.0,0.39999999999999997,0.40909999999999996,0.76000000000000001,0.0,3.0,0.0,1.0,1.0,315.0
0.0,10.0,20.0,3.0,0.39999999999999997,0.40909999999999996,0.81999999999999995,0.0,3.0,0.0,1.0,1.0,204.0
0.0,10.0,21.0,2.0,0.39999999999999997,0.40909999999999996,0.81999999999999995,0.0,3.0,0.0,1.0,1.0,138.0
0.0,10.0,22.0,2.0,0.39999999999999997,0.40909999999999996,0.81999999999999995,0.0,3.0,0.0,1.0,1.0,91.0
0.0,10.0,23.0,2.0,0.39999999999999997,0.40909999999999996,0.81999999999999995,0.1045,3.0,0.0,1.0,1.0,54.0
0.0,10.0,0.0,2.0,0.39999999999999997,0.40909999999999996,0.87,0.089599999999999999,3.0,0.0,2.0,1.0,27.0
0.0,10.0,1.0,2.0,0.39999999999999997,0.40909999999999996,0.87,0.1045,3.0,0.0,2.0,1.0,9.0
0.0,10.0,2.0,2.0,0.39999999999999997,0.40909999999999996,0.87,0.0,3.0,0.0,2.0,1.0,3.0
0.0,10.0,3.0,1.0,0.39999999999999997,0.40909999999999996,0.81999999999999995,0.1045,3.0,0.0,2.0,1.0,6.0
0.0,10.0,4.0,1.0,0.39999999999999997,0.40909999999999996,0.81999999999999995,0.089599999999999999,3.0,0.0,2.0,1.0,7.0
0.0,10.0,5.0,1.0,0.39999999999999997,0.40909999999999996,0.81999999999999995,0.1343,3.0,0.0,2.0,1.0,27.0
0.0,10.0,6.0,1.0,0.39999999999999997,0.40909999999999996,0.81999999999999995,0.1045,3.0,0.0,2.0,1.0,112.0
0.0,10.0,7.0,1.0,0.41999999999999998,0.42420000000000002,0.81999999999999995,0.28360000000000002,3.0,0.0,2.0,1.0,309.0
0.0,10.0,8.0,1.0,0.44,0.43939999999999996,0.77000000000000002,0.22390000000000002,3.0,0.0,2.0,1.0,400.0
0.0,10.0,9.0,1.0,0.45999999999999996,0.45450000000000002,0.67000000000000004,0.25370000000000004,3.0,0.0,2.0,1.0,187.0
0.0,10.0,10.0,1.0,0.47999999999999998,0.46970000000000001,0.67000000000000004,0.28360000000000002,3.0,0.0,2.0,1.0,126.0
0.0,10.0,11.0,1.0,0.54000000000000004,0.51519999999999999,0.64000000000000001,0.28360000000000002,3.0,0.0,2.0,1.0,124.0
0.0,10.0,12.0,1.0,0.56000000000000005,0.53029999999999999,0.56000000000000005,0.29850000000000004,3.0,0.0,2.0,1.0,199.0
0.0,10.0,13.0,1.0,0.56000000000000005,0.53029999999999999,0.56000000000000005,0.29850000000000004,3.0,0.0,2.0,1.0,173.0
0.0,10.0,14.0,1.0,0.58000000000000007,0.54549999999999998,0.53000000000000003,0.25370000000000004,3.0,0.0,2.0,1.0,183.0
0.0,10.0,15.0,1.0,0.58000000000000007,0.54549999999999998,0.56000000000000005,0.28360000000000002,3.0,0.0,2.0,1.0,194.0
0.0,10.0,16.0,1.0,0.58000000000000007,0.54549999999999998,0.56000000000000005,0.32840000000000003,3.0,0.0,2.0,1.0,309.0
0.0,10.0,17.0,1.0,0.56000000000000005,0.53029999999999999,0.59999999999999998,0.3881,3.0,0.0,2.0,1.0,585.0
0.0,10.0,18.0,1.0,0.54000000000000004,0.51519999999999999,0.64000000000000001,0.28360000000000002,3.0,0.0,2.0,1.0,524.0
0.0,10.0,19.0,1.0,0.52000000000000002,0.5,0.68000000000000005,0.22390000000000002,3.0,0.0,2.0,1.0,345.0
0.0,10.0,20.0,1.0,0.52000000000000002,0.5,0.68000000000000005,0.22390000000000002,3.0,0.0,2.0,1.0,261.0
0.0,10.0,21.0,1.0,0.5,0.48479999999999995,0.71999999999999997,0.1343,3.0,0.0,2.0,1.0,166.0
0.0,10.0,22.0,1.0,0.5,0.48479999999999995,0.71999999999999997,0.1343,3.0,0.0,2.0,1.0,114.0
0.0,10.0,23.0,1.0,0.47999999999999998,0.46970000000000001,0.77000000000000002,0.1343,3.0,0.0,2.0,1.0,66.0
0.0,10.0,0.0,1.0,0.47999999999999998,0.46970000000000001,0.77000000000000002,0.1343,3.0,0.0,3.0,1.0,43.0
0.0,10.0,1.0,1.0,0.47999999999999998,0.46970000000000001,0.77000000000000002,0.16420000000000001,3.0,0.0,3.0,1.0,11.0
0.0,10.0,2.0,1.0,0.45999999999999996,0.45450000000000002,0.81999999999999995,0.16420000000000001,3.0,0.0,3.0,1.0,3.0
0.0,10.0,3.0,1.0,0.45999999999999996,0.45450000000000002,0.81999999999999995,0.1045,3.0,0.0,3.0,1.0,6.0
0.0,10.0,4.0,1.0,0.44,0.43939999999999996,0.88,0.0,3.0,0.0,3.0,1.0,5.0
0.0,10.0,5.0,1.0,0.44,0.43939999999999996,0.81999999999999995,0.1343,3.0,0.0,3.0,1.0,32.0
0.0,10.0,6.0,1.0,0.44,0.43939999999999996,0.81999999999999995,0.1045,3.0,0.0,3.0,1.0,117.0
0.0,10.0,7.0,1.0,0.45999999999999996,0.45450000000000002,0.77000000000000002,0.1045,3.0,0.0,3.0,1.0,301.0
0.0,10.0,8.0,1.0,0.52000000000000002,0.5,0.63,0.0,3.0,0.0,3.0,1.0,467.0
0.0,10.0,9.0,1.0,0.54000000000000004,0.51519999999999999,0.59999999999999998,0.29850000000000004,3.0,0.0,3.0,1.0,219.0
0.0,10.0,10.0,1.0,0.56000000000000005,0.53029999999999999,0.56000000000000005,0.3881,3.0,0.0,3.0,1.0,133.0
0.0,10.0,11.0,1.0,0.60000000000000009,0.62119999999999997,0.46000000000000002,0.28360000000000002,3.0,0.0,3.0,1.0,170.0
0.0,10.0,12.0,1.0,0.62,0.62119999999999997,0.42999999999999999,0.32840000000000003,3.0,0.0,3.0,1.0,214.0
0.0,10.0,13.0,1.0,0.64000000000000001,0.62119999999999997,0.40999999999999998,0.22390000000000002,3.0,0.0,3.0,1.0,219.0
0.0,10.0,14.0,1.0,0.64000000000000001,0.62119999999999997,0.40999999999999998,0.28360000000000002,3.0,0.0,3.0,1.0,190.0
0.0,10.0,15.0,1.0,0.64000000000000001,0.62119999999999997,0.46999999999999997,0.28360000000000002,3.0,0.0,3.0,1.0,182.0
0.0,10.0,16.0,1.0,0.64000000000000001,0.62119999999999997,0.46999999999999997,0.32840000000000003,3.0,0.0,3.0,1.0,282.0
0.0,10.0,17.0,1.0,0.64000000000000001,0.62119999999999997,0.46999999999999997,0.25370000000000004,3.0,0.0,3.0,1.0,591.0
0.0,10.0,18.0,1.0,0.60000000000000009,0.62119999999999997,0.53000000000000003,0.16420000000000001,3.0,0.0,3.0,1.0,593.0
0.0,10.0,19.0,1.0,0.58000000000000007,0.54549999999999998,0.56000000000000005,0.1343,3.0,0.0,3.0,1.0,374.0
0.0,10.0,20.0,1.0,0.52000000000000002,0.5,0.77000000000000002,0.16420000000000001,3.0,0.0,3.0,1.0,246.0
0.0,10.0,21.0,1.0,0.5,0.48479999999999995,0.81999999999999995,0.1045,3.0,0.0,3.0,1.0,201.0
0.0,10.0,22.0,1.0,0.52000000000000002,0.5,0.71999999999999997,0.0,3.0,0.0,3.0,1.0,154.0
0.0,10.0,23.0,1.0,0.5,0.48479999999999995,0.77000000000000002,0.1045,3.0,0.0,3.0,1.0,73.0
0.0,10.0,0.0,1.0,0.5,0.48479999999999995,0.71999999999999997,0.19399999999999998,3.0,0.0,4.0,1.0,40.0
0.0,10.0,1.0,1.0,0.47999999999999998,0.46970000000000001,0.63,0.19399999999999998,3.0,0.0,4.0,1.0,22.0
0.0,10.0,2.0,1.0,0.45999999999999996,0.45450000000000002,0.67000000000000004,0.19399999999999998,3.0,0.0,4.0,1.0,10.0
0.0,10.0,3.0,1.0,0.44,0.43939999999999996,0.67000000000000004,0.22390000000000002,3.0,0.0,4.0,1.0,5.0
0.0,10.0,4.0,1.0,0.44,0.43939999999999996,0.62,0.28360000000000002,3.0,0.0,4.0,1.0,5.0
0.0,10.0,5.0,1.0,0.41999999999999998,0.42420000000000002,0.62,0.19399999999999998,3.0,0.0,4.0,1.0,24.0
0.0,10.0,6.0,1.0,0.39999999999999997,0.40909999999999996,0.66000000000000003,0.19399999999999998,3.0,0.0,4.0,1.0,114.0
0.0,10.0,7.0,1.0,0.41999999999999998,0.42420000000000002,0.62,0.19399999999999998,3.0,0.0,4.0,1.0,302.0
0.0,10.0,8.0,1.0,0.44,0.43939999999999996,0.62,0.16420000000000001,3.0,0.0,4.0,1.0,457.0
0.0,10.0,9.0,1.0,0.45999999999999996,0.45450000000000002,0.63,0.19399999999999998,3.0,0.0,4.0,1.0,208.0
0.0,10.0,10.0,1.0,0.52000000000000002,0.5,0.52000000000000002,0.0,3.0,0.0,4.0,1.0,129.0
0.0,10.0,11.0,1.0,0.54000000000000004,0.51519999999999999,0.48999999999999999,0.0,3.0,0.0,4.0,1.0,144.0
0.0,10.0,12.0,1.0,0.56000000000000005,0.53029999999999999,0.48999999999999999,0.089599999999999999,3.0,0.0,4.0,1.0,226.0
0.0,10.0,13.0,1.0,0.56000000000000005,0.53029999999999999,0.46000000000000002,0.089599999999999999,3.0,0.0,4.0,1.0,191.0
0.0,10.0,14.0,1.0,0.58000000000000007,0.54549999999999998,0.42999999999999999,0.089599999999999999,3.0,0.0,4.0,1.0,195.0
0.0,10.0,15.0,1.0,0.58000000000000007,0.54549999999999998,0.46000000000000002,0.1343,3.0,0.0,4.0,1.0,219.0
0.0,10.0,16.0,1.0,0.58000000000000007,0.54549999999999998,0.48999999999999999,0.19399999999999998,3.0,0.0,4.0,1.0,323.0
0.0,10.0,17.0,1.0,0.56000000000000005,0.53029999999999999,0.52000000000000002,0.1343,3.0,0.0,4.0,1.0,568.0
0.0,10.0,18.0,1.0,0.54000000000000004,0.51519999999999999,0.64000000000000001,0.089599999999999999,3.0,0.0,4.0,1.0,538.0
0.0,10.0,19.0,1.0,0.52000000000000002,0.5,0.58999999999999997,0.1045,3.0,0.0,4.0,1.0,343.0
0.0,10.0,20.0,1.0,0.5,0.48479999999999995,0.77000000000000002,0.1045,3.0,0.0,4.0,1.0,260.0
0.0,10.0,21.0,1.0,0.45999999999999996,0.45450000000000002,0.88,0.089599999999999999,3.0,0.0,4.0,1.0,195.0
0.0,10.0,22.0,1.0,0.45999999999999996,0.45450000000000002,0.81999999999999995,0.0,3.0,0.0,4.0,1.0,148.0
0.0,10.0,23.0,1.0,0.44,0.43939999999999996,0.88,0.089599999999999999,3.0,0.0,4.0,1.0,99.0
0.0,10.0,0.0,1.0,0.44,0.43939999999999996,0.88,0.0,3.0,0.0,5.0,1.0,67.0
0.0,10.0,1.0,1.0,0.44,0.43939999999999996,0.88,0.0,3.0,0.0,5.0,1.0,28.0
0.0,10.0,2.0,1.0,0.41999999999999998,0.42420000000000002,0.88,0.0,3.0,0.0,5.0,1.0,5.0
0.0,10.0,3.0,1.0,0.39999999999999997,0.40909999999999996,0.87,0.0,3.0,0.0,5.0,1.0,10.0
0.0,10.0,4.0,1.0,0.39999999999999997,0.40909999999999996,0.87,0.1045,3.0,0.0,5.0,1.0,5.0
0.0,10.0,5.0,1.0,0.41999999999999998,0.42420000000000002,0.81999999999999995,0.0,3.0,0.0,5.0,1.0,27.0
0.0,10.0,6.0,1.0,0.41999999999999998,0.42420000000000002,0.88,0.0,3.0,0.0,5.0,1.0,87.0
0.0,10.0,7.0,1.0,0.41999999999999998,0.42420000000000002,0.93999999999999995,0.0,3.0,0.0,5.0,1.0,242.0
0.0,10.0,8.0,1.0,0.45999999999999996,0.45450000000000002,0.81999999999999995,0.0,3.0,0.0,5.0,1.0,417.0
0.0,10.0,9.0,1.0,0.47999999999999998,0.46970000000000001,0.77000000000000002,0.0,3.0,0.0,5.0,1.0,241.0
0.0,10.0,10.0,1.0,0.52000000000000002,0.5,0.68000000000000005,0.089599999999999999,3.0,0.0,5.0,1.0,174.0
0.0,10.0,11.0,1.0,0.56000000000000005,0.53029999999999999,0.63,0.0,3.0,0.0,5.0,1.0,230.0
0.0,10.0,12.0,1.0,0.60000000000000009,0.62119999999999997,0.53000000000000003,0.0,3.0,0.0,5.0,1.0,235.0
0.0,10.0,13.0,1.0,0.60000000000000009,0.62119999999999997,0.46000000000000002,0.0,3.0,0.0,5.0,1.0,305.0
0.0,10.0,14.0,1.0,0.62,0.62119999999999997,0.5,0.0,3.0,0.0,5.0,1.0,256.0
0.0,10.0,15.0,1.0,0.65999999999999992,0.62119999999999997,0.40999999999999998,0.0,3.0,0.0,5.0,1.0,270.0
0.0,10.0,16.0,1.0,0.64000000000000001,0.62119999999999997,0.44,0.0,3.0,0.0,5.0,1.0,419.0
0.0,10.0,17.0,1.0,0.60000000000000009,0.62119999999999997,0.56000000000000005,0.25370000000000004,3.0,0.0,5.0,1.0,563.0
0.0,10.0,18.0,1.0,0.56000000000000005,0.53029999999999999,0.59999999999999998,0.089599999999999999,3.0,0.0,5.0,1.0,465.0
0.0,10.0,19.0,1.0,0.56000000000000005,0.53029999999999999,0.52000000000000002,0.0,3.0,0.0,5.0,1.0,294.0
0.0,10.0,20.0,1.0,0.54000000000000004,0.51519999999999999,0.48999999999999999,0.0,3.0,0.0,5.0,1.0,197.0
0.0,10.0,21.0,1.0,0.5,0.48479999999999995,0.68000000000000005,0.0,3.0,0.0,5.0,1.0,166.0
0.0,10.0,22.0,1.0,0.5,0.48479999999999995,0.68000000000000005,0.0,3.0,0.0,5.0,1.0,146.0
0.0,10.0,23.0,1.0,0.5,0.48479999999999995,0.63,0.0,3.0,0.0,5.0,1.0,136.0
0.0,10.0,0.0,1.0,0.47999999999999998,0.46970000000000001,0.71999999999999997,0.0,3.0,0.0,6.0,0.0,89.0
0.0,10.0,1.0,1.0,0.45999999999999996,0.45450000000000002,0.81999999999999995,0.0,3.0,0.0,6.0,0.0,65.0
0.0,10.0,2.0,1.0,0.45999999999999996,0.45450000000000002,0.81999999999999995,0.0,3.0,0.0,6.0,0.0,45.0
0.0,10.0,3.0,1.0,0.44,0.43939999999999996,0.88,0.0,3.0,0.0,6.0,0.0,20.0
0.0,10.0,4.0,1.0,0.41999999999999998,0.42420000000000002,0.93999999999999995,0.1343,3.0,0.0,6.0,0.0,10.0
0.0,10.0,5.0,1.0,0.41999999999999998,0.42420000000000002,0.88,0.1045,3.0,0.0,6.0,0.0,8.0
0.0,10.0,6.0,1.0,0.41999999999999998,0.42420000000000002,0.93999999999999995,0.0,3.0,0.0,6.0,0.0,22.0
0.0,10.0,7.0,1.0,0.41999999999999998,0.42420000000000002,0.93999999999999995,0.089599999999999999,3.0,0.0,6.0,0.0,73.0
0.0,10.0,8.0,1.0,0.45999999999999996,0.45450000000000002,0.81999999999999995,0.0,3.0,0.0,6.0,0.0,103.0
0.0,10.0,9.0,1.0,0.5,0.48479999999999995,0.77000000000000002,0.0,3.0,0.0,6.0,0.0,217.0
0.0,10.0,10.0,1.0,0.52000000000000002,0.5,0.77000000000000002,0.0,3.0,0.0,6.0,0.0,337.0
0.0,10.0,11.0,1.0,0.58000000000000007,0.54549999999999998,0.56000000000000005,0.0,3.0,0.0,6.0,0.0,397.0
0.0,10.0,12.0,1.0,0.62,0.62119999999999997,0.34999999999999998,0.0,3.0,0.0,6.0,0.0,446.0
0.0,10.0,13.0,1.0,0.62,0.62119999999999997,0.46000000000000002,0.1045,3.0,0.0,6.0,0.0,485.0
0.0,10.0,14.0,1.0,0.62,0.62119999999999997,0.5,0.089599999999999999,3.0,0.0,6.0,0.0,465.0
0.0,10.0,15.0,1.0,0.65999999999999992,0.62119999999999997,0.39000000000000001,0.0,3.0,0.0,6.0,0.0,496.0
0.0,10.0,16.0,1.0,0.64000000000000001,0.62119999999999997,0.44,0.089599999999999999,3.0,0.0,6.0,0.0,451.0
0.0,10.0,17.0,1.0,0.62,0.62119999999999997,0.5,0.1343,3.0,0.0,6.0,0.0,393.0
0.0,10.0,18.0,1.0,0.60000000000000009,0.62119999999999997,0.46000000000000002,0.1045,3.0,0.0,6.0,0.0,359.0
0.0,10.0,19.0,1.0,0.54000000000000004,0.51519999999999999,0.68000000000000005,0.1343,3.0,0.0,6.0,0.0,248.0
0.0,10.0,20.0,1.0,0.52000000000000002,0.5,0.77000000000000002,0.1045,3.0,0.0,6.0,0.0,202.0
0.0,10.0,21.0,1.0,0.52000000000000002,0.5,0.77000000000000002,0.0,3.0,0.0,6.0,0.0,187.0
0.0,10.0,22.0,1.0,0.5,0.48479999999999995,0.77000000000000002,0.0,3.0,0.0,6.0,0.0,149.0
0.0,10.0,23.0,1.0,0.47999999999999998,0.46970000000000001,0.88,0.0,3.0,0.0,6.0,0.0,142.0
0.0,10.0,0.0,1.0,0.45999999999999996,0.45450000000000002,0.88,0.089599999999999999,3.0,0.0,7.0,0.0,129.0
0.0,10.0,1.0,1.0,0.45999999999999996,0.45450000000000002,0.88,0.0,3.0,0.0,7.0,0.0,78.0
0.0,10.0,2.0,1.0,0.45999999999999996,0.45450000000000002,0.88,0.0,3.0,0.0,7.0,0.0,55.0
0.0,10.0,3.0,1.0,0.44,0.43939999999999996,0.88,0.0,3.0,0.0,7.0,0.0,30.0
0.0,10.0,4.0,1.0,0.44,0.43939999999999996,0.88,0.0,3.0,0.0,7.0,0.0,14.0
0.0,10.0,5.0,1.0,0.44,0.43939999999999996,0.88,0.0,3.0,0.0,7.0,0.0,15.0
0.0,10.0,6.0,1.0,0.44,0.43939999999999996,0.88,0.0,3.0,0.0,7.0,0.0,21.0
0.0,10.0,7.0,1.0,0.44,0.43939999999999996,0.85999999999999999,0.0,3.0,0.0,7.0,0.0,44.0
0.0,10.0,8.0,1.0,0.45999999999999996,0.45450000000000002,0.88,0.0,3.0,0.0,7.0,0.0,107.0
0.0,10.0,9.0,1.0,0.5,0.48479999999999995,0.77000000000000002,0.0,3.0,0.0,7.0,0.0,185.0
0.0,10.0,10.0,1.0,0.56000000000000005,0.53029999999999999,0.68000000000000005,0.089599999999999999,3.0,0.0,7.0,0.0,365.0
0.0,10.0,11.0,1.0,0.62,0.62119999999999997,0.53000000000000003,0.089599999999999999,3.0,0.0,7.0,0.0,423.0
0.0,10.0,12.0,1.0,0.64000000000000001,0.62119999999999997,0.44,0.089599999999999999,3.0,0.0,7.0,0.0,455.0
0.0,10.0,13.0,1.0,0.65999999999999992,0.62119999999999997,0.44,0.089599999999999999,3.0,0.0,7.0,0.0,418.0
0.0,10.0,14.0,1.0,0.67999999999999994,0.63639999999999997,0.46999999999999997,0.16420000000000001,3.0,0.0,7.0,0.0,500.0
0.0,10.0,15.0,1.0,0.67999999999999994,0.63639999999999997,0.51000000000000001,0.16420000000000001,3.0,0.0,7.0,0.0,407.0
0.0,10.0,16.0,1.0,0.65999999999999992,0.62119999999999997,0.5,0.1343,3.0,0.0,7.0,0.0,470.0
0.0,10.0,17.0,1.0,0.62,0.60609999999999997,0.60999999999999999,0.1045,3.0,0.0,7.0,0.0,438.0
0.0,10.0,18.0,1.0,0.64000000000000001,0.62119999999999997,0.5,0.1045,3.0,0.0,7.0,0.0,414.0
0.0,10.0,19.0,1.0,0.56000000000000005,0.53029999999999999,0.72999999999999998,0.089599999999999999,3.0,0.0,7.0,0.0,302.0
0.0,10.0,20.0,1.0,0.56000000000000005,0.53029999999999999,0.72999999999999998,0.1045,3.0,0.0,7.0,0.0,193.0
0.0,10.0,21.0,1.0,0.54000000000000004,0.51519999999999999,0.82999999999999996,0.1045,3.0,0.0,7.0,0.0,173.0
0.0,10.0,22.0,2.0,0.52000000000000002,0.5,0.93999999999999995,0.0,3.0,0.0,7.0,0.0,152.0
0.0,10.0,23.0,1.0,0.5,0.48479999999999995,0.88,0.1045,3.0,0.0,7.0,0.0,123.0
0.0,10.0,0.0,1.0,0.5,0.48479999999999995,0.93999999999999995,0.0,3.0,1.0,1.0,1.0,53.0
0.0,10.0,1.0,1.0,0.47999999999999998,0.46970000000000001,0.88,0.0,3.0,1.0,1.0,1.0,34.0
0.0,10.0,2.0,1.0,0.47999999999999998,0.46970000000000001,0.88,0.0,3.0,1.0,1.0,1.0,19.0
0.0,10.0,3.0,1.0,0.45999999999999996,0.45450000000000002,0.88,0.0,3.0,1.0,1.0,1.0,11.0
0.0,10.0,4.0,1.0,0.45999999999999996,0.45450000000000002,0.93999999999999995,0.0,3.0,1.0,1.0,1.0,6.0
0.0,10.0,5.0,1.0,0.45999999999999996,0.45450000000000002,0.93999999999999995,0.0,3.0,1.0,1.0,1.0,21.0
0.0,10.0,6.0,1.0,0.44,0.43939999999999996,0.93999999999999995,0.0,3.0,1.0,1.0,1.0,44.0
0.0,10.0,7.0,1.0,0.45999999999999996,0.45450000000000002,0.88,0.0,3.0,1.0,1.0,1.0,114.0
0.0,10.0,8.0,1.0,0.52000000000000002,0.5,0.82999999999999996,0.0,3.0,1.0,1.0,1.0,254.0
0.0,10.0,9.0,1.0,0.54000000000000004,0.51519999999999999,0.77000000000000002,0.0,3.0,1.0,1.0,1.0,219.0
0.0,10.0,10.0,1.0,0.56000000000000005,0.53029999999999999,0.72999999999999998,0.16420000000000001,3.0,1.0,1.0,1.0,265.0
0.0,10.0,11.0,1.0,0.62,0.60609999999999997,0.68999999999999995,0.089599999999999999,3.0,1.0,1.0,1.0,322.0
0.0,10.0,12.0,2.0,0.69999999999999996,0.65150000000000008,0.47999999999999998,0.089599999999999999,3.0,1.0,1.0,1.0,365.0
0.0,10.0,13.0,1.0,0.71999999999999997,0.65150000000000008,0.37,0.0,3.0,1.0,1.0,1.0,365.0
0.0,10.0,14.0,1.0,0.73999999999999999,0.65150000000000008,0.37,0.0,3.0,1.0,1.0,1.0,370.0
0.0,10.0,15.0,2.0,0.71999999999999997,0.65150000000000008,0.41999999999999998,0.1045,3.0,1.0,1.0,1.0,384.0
0.0,10.0,16.0,2.0,0.69999999999999996,0.63639999999999997,0.45000000000000001,0.089599999999999999,3.0,1.0,1.0,1.0,402.0
0.0,10.0,17.0,2.0,0.65999999999999992,0.62119999999999997,0.54000000000000004,0.1045,3.0,1.0,1.0,1.0,459.0
0.0,10.0,18.0,2.0,0.64000000000000001,0.62119999999999997,0.53000000000000003,0.0,3.0,1.0,1.0,1.0,473.0
0.0,10.0,19.0,2.0,0.58000000000000007,0.54549999999999998,0.78000000000000003,0.089599999999999999,3.0,1.0,1.0,1.0,336.0
0.0,10.0,20.0,1.0,0.60000000000000009,0.59089999999999998,0.72999999999999998,0.0,3.0,1.0,1.0,1.0,225.0
0.0,10.0,21.0,1.0,0.56000000000000005,0.53029999999999999,0.88,0.089599999999999999,3.0,1.0,1.0,1.0,175.0
0.0,10.0,22.0,1.0,0.56000000000000005,0.53029999999999999,0.88,0.089599999999999999,3.0,1.0,1.0,1.0,126.0
0.0,10.0,23.0,2.0,0.54000000000000004,0.51519999999999999,0.88,0.1045,3.0,1.0,1.0,1.0,75.0
0.0,10.0,0.0,2.0,0.54000000000000004,0.51519999999999999,0.88,0.0,3.0,0.0,2.0,1.0,30.0
0.0,10.0,1.0,2.0,0.52000000000000002,0.5,0.93999999999999995,0.089599999999999999,3.0,0.0,2.0,1.0,11.0
0.0,10.0,2.0,2.0,0.52000000000000002,0.5,0.93999999999999995,0.1343,3.0,0.0,2.0,1.0,5.0
0.0,10.0,3.0,2.0,0.52000000000000002,0.5,0.88,0.1045,3.0,0.0,2.0,1.0,3.0
0.0,10.0,4.0,2.0,0.52000000000000002,0.5,0.88,0.1343,3.0,0.0,2.0,1.0,5.0
0.0,10.0,5.0,2.0,0.52000000000000002,0.5,0.88,0.0,3.0,0.0,2.0,1.0,20.0
0.0,10.0,6.0,1.0,0.52000000000000002,0.5,0.82999999999999996,0.089599999999999999,3.0,0.0,2.0,1.0,123.0
0.0,10.0,7.0,2.0,0.52000000000000002,0.5,0.88,0.089599999999999999,3.0,0.0,2.0,1.0,352.0
0.0,10.0,8.0,2.0,0.56000000000000005,0.53029999999999999,0.82999999999999996,0.1045,3.0,0.0,2.0,1.0,406.0
0.0,10.0,9.0,2.0,0.60000000000000009,0.59089999999999998,0.68999999999999995,0.0,3.0,0.0,2.0,1.0,235.0
0.0,10.0,10.0,2.0,0.60000000000000009,0.59089999999999998,0.68999999999999995,0.1343,3.0,0.0,2.0,1.0,149.0
0.0,10.0,11.0,2.0,0.60000000000000009,0.59089999999999998,0.72999999999999998,0.16420000000000001,3.0,0.0,2.0,1.0,123.0
0.0,10.0,12.0,2.0,0.60000000000000009,0.59089999999999998,0.72999999999999998,0.16420000000000001,3.0,0.0,2.0,1.0,181.0
0.0,10.0,13.0,2.0,0.60000000000000009,0.59089999999999998,0.72999999999999998,0.19399999999999998,3.0,0.0,2.0,1.0,180.0
0.0,10.0,14.0,3.0,0.60000000000000009,0.59089999999999998,0.72999999999999998,0.1045,3.0,0.0,2.0,1.0,171.0
0.0,10.0,15.0,2.0,0.60000000000000009,0.57579999999999998,0.78000000000000003,0.16420000000000001,3.0,0.0,2.0,1.0,175.0
0.0,10.0,16.0,2.0,0.60000000000000009,0.59089999999999998,0.72999999999999998,0.16420000000000001,3.0,0.0,2.0,1.0,320.0
0.0,10.0,17.0,2.0,0.60000000000000009,0.57579999999999998,0.78000000000000003,0.25370000000000004,3.0,0.0,2.0,1.0,604.0
0.0,10.0,18.0,2.0,0.60000000000000009,0.57579999999999998,0.78000000000000003,0.22390000000000002,3.0,0.0,2.0,1.0,539.0
0.0,10.0,19.0,2.0,0.58000000000000007,0.54549999999999998,0.82999999999999996,0.22390000000000002,3.0,0.0,2.0,1.0,318.0
0.0,10.0,20.0,2.0,0.58000000000000007,0.54549999999999998,0.82999999999999996,0.22390000000000002,3.0,0.0,2.0,1.0,234.0
0.0,10.0,21.0,2.0,0.58000000000000007,0.54549999999999998,0.78000000000000003,0.19399999999999998,3.0,0.0,2.0,1.0,175.0
0.0,10.0,22.0,2.0,0.56000000000000005,0.53029999999999999,0.82999999999999996,0.19399999999999998,3.0,0.0,2.0,1.0,147.0
0.0,10.0,23.0,2.0,0.56000000000000005,0.53029999999999999,0.82999999999999996,0.28360000000000002,3.0,0.0,2.0,1.0,57.0
0.0,10.0,0.0,2.0,0.56000000000000005,0.53029999999999999,0.82999999999999996,0.1343,3.0,0.0,3.0,1.0,25.0
0.0,10.0,1.0,3.0,0.56000000000000005,0.53029999999999999,0.82999999999999996,0.1343,3.0,0.0,3.0,1.0,10.0
0.0,10.0,2.0,2.0,0.56000000000000005,0.53029999999999999,0.82999999999999996,0.28360000000000002,3.0,0.0,3.0,1.0,2.0
0.0,10.0,3.0,3.0,0.54000000000000004,0.51519999999999999,0.93999999999999995,0.29850000000000004,3.0,0.0,3.0,1.0,2.0
0.0,10.0,4.0,3.0,0.54000000000000004,0.51519999999999999,0.93999999999999995,0.3881,3.0,0.0,3.0,1.0,7.0
0.0,10.0,5.0,2.0,0.54000000000000004,0.51519999999999999,0.88,0.32840000000000003,3.0,0.0,3.0,1.0,22.0
0.0,10.0,6.0,2.0,0.54000000000000004,0.51519999999999999,0.88,0.25370000000000004,3.0,0.0,3.0,1.0,112.0
0.0,10.0,7.0,2.0,0.54000000000000004,0.51519999999999999,0.88,0.3881,3.0,0.0,3.0,1.0,259.0
0.0,10.0,8.0,2.0,0.54000000000000004,0.51519999999999999,0.88,0.3881,3.0,0.0,3.0,1.0,404.0
0.0,10.0,9.0,2.0,0.54000000000000004,0.51519999999999999,0.88,0.44780000000000003,3.0,0.0,3.0,1.0,197.0
0.0,10.0,10.0,2.0,0.54000000000000004,0.51519999999999999,0.88,0.3881,3.0,0.0,3.0,1.0,113.0
0.0,10.0,11.0,3.0,0.54000000000000004,0.51519999999999999,0.93999999999999995,0.32840000000000003,3.0,0.0,3.0,1.0,120.0
0.0,10.0,12.0,3.0,0.54000000000000004,0.51519999999999999,0.88,0.32840000000000003,3.0,0.0,3.0,1.0,62.0
0.0,10.0,13.0,3.0,0.54000000000000004,0.51519999999999999,0.88,0.22390000000000002,3.0,0.0,3.0,1.0,101.0
0.0,10.0,14.0,3.0,0.54000000000000004,0.51519999999999999,0.93999999999999995,0.28360000000000002,3.0,0.0,3.0,1.0,78.0
0.0,10.0,15.0,3.0,0.54000000000000004,0.51519999999999999,0.93999999999999995,0.25370000000000004,3.0,0.0,3.0,1.0,45.0
0.0,10.0,16.0,2.0,0.56000000000000005,0.53029999999999999,0.88,0.22390000000000002,3.0,0.0,3.0,1.0,55.0
0.0,10.0,17.0,3.0,0.54000000000000004,0.51519999999999999,0.93999999999999995,0.22390000000000002,3.0,0.0,3.0,1.0,251.0
0.0,10.0,18.0,3.0,0.54000000000000004,0.51519999999999999,0.93999999999999995,0.1343,3.0,0.0,3.0,1.0,172.0
0.0,10.0,19.0,3.0,0.54000000000000004,0.51519999999999999,0.93999999999999995,0.1343,3.0,0.0,3.0,1.0,109.0
0.0,10.0,20.0,3.0,0.54000000000000004,0.51519999999999999,0.93999999999999995,0.1045,3.0,0.0,3.0,1.0,90.0
0.0,10.0,21.0,3.0,0.54000000000000004,0.51519999999999999,1.0,0.1045,3.0,0.0,3.0,1.0,83.0
0.0,10.0,22.0,3.0,0.54000000000000004,0.51519999999999999,0.93999999999999995,0.089599999999999999,3.0,0.0,3.0,1.0,43.0
0.0,10.0,23.0,3.0,0.54000000000000004,0.51519999999999999,0.93999999999999995,0.089599999999999999,3.0,0.0,3.0,1.0,54.0
0.0,10.0,0.0,2.0,0.54000000000000004,0.51519999999999999,0.93999999999999995,0.1343,3.0,0.0,4.0,1.0,15.0
0.0,10.0,1.0,2.0,0.54000000000000004,0.51519999999999999,0.93999999999999995,0.0,3.0,0.0,4.0,1.0,12.0
0.0,10.0,2.0,2.0,0.54000000000000004,0.51519999999999999,0.93999999999999995,0.0,3.0,0.0,4.0,1.0,4.0
0.0,10.0,3.0,2.0,0.54000000000000004,0.51519999999999999,1.0,0.19399999999999998,3.0,0.0,4.0,1.0,6.0
0.0,10.0,4.0,2.0,0.54000000000000004,0.51519999999999999,1.0,0.1045,3.0,0.0,4.0,1.0,7.0
0.0,10.0,5.0,2.0,0.54000000000000004,0.51519999999999999,1.0,0.1045,3.0,0.0,4.0,1.0,17.0
0.0,10.0,6.0,3.0,0.54000000000000004,0.51519999999999999,1.0,0.089599999999999999,3.0,0.0,4.0,1.0,52.0
0.0,10.0,7.0,3.0,0.54000000000000004,0.51519999999999999,1.0,0.1343,3.0,0.0,4.0,1.0,81.0
0.0,10.0,8.0,3.0,0.54000000000000004,0.51519999999999999,1.0,0.089599999999999999,3.0,0.0,4.0,1.0,209.0
0.0,10.0,9.0,3.0,0.56000000000000005,0.53029999999999999,1.0,0.1045,3.0,0.0,4.0,1.0,109.0
0.0,10.0,10.0,3.0,0.56000000000000005,0.53029999999999999,1.0,0.1343,3.0,0.0,4.0,1.0,69.0
0.0,10.0,11.0,2.0,0.62,0.57579999999999998,0.82999999999999996,0.0,3.0,0.0,4.0,1.0,84.0
0.0,10.0,12.0,2.0,0.62,0.56059999999999999,0.88,0.0,3.0,0.0,4.0,1.0,105.0
0.0,10.0,13.0,2.0,0.64000000000000001,0.57579999999999998,0.82999999999999996,0.16420000000000001,3.0,0.0,4.0,1.0,162.0
0.0,10.0,14.0,1.0,0.65999999999999992,0.60609999999999997,0.78000000000000003,0.19399999999999998,3.0,0.0,4.0,1.0,133.0
0.0,10.0,15.0,1.0,0.65999999999999992,0.60609999999999997,0.78000000000000003,0.19399999999999998,3.0,0.0,4.0,1.0,155.0
0.0,10.0,16.0,1.0,0.65999999999999992,0.62119999999999997,0.73999999999999999,0.22390000000000002,3.0,0.0,4.0,1.0,276.0
0.0,10.0,17.0,3.0,0.62,0.57579999999999998,0.82999999999999996,0.25370000000000004,3.0,0.0,4.0,1.0,479.0
0.0,10.0,18.0,3.0,0.62,0.57579999999999998,0.82999999999999996,0.25370000000000004,3.0,0.0,4.0,1.0,268.0
0.0,10.0,19.0,2.0,0.62,0.57579999999999998,0.82999999999999996,0.16420000000000001,3.0,0.0,4.0,1.0,205.0
0.0,10.0,20.0,1.0,0.62,0.57579999999999998,0.82999999999999996,0.28360000000000002,3.0,0.0,4.0,1.0,181.0
0.0,10.0,21.0,1.0,0.62,0.57579999999999998,0.82999999999999996,0.19399999999999998,3.0,0.0,4.0,1.0,123.0
0.0,10.0,22.0,1.0,0.62,0.57579999999999998,0.82999999999999996,0.19399999999999998,3.0,0.0,4.0,1.0,114.0
0.0,10.0,23.0,2.0,0.58000000000000007,0.54549999999999998,0.88,0.19399999999999998,3.0,0.0,4.0,1.0,47.0
0.0,10.0,0.0,1.0,0.58000000000000007,0.54549999999999998,0.93999999999999995,0.089599999999999999,3.0,0.0,5.0,1.0,39.0
0.0,10.0,1.0,1.0,0.58000000000000007,0.54549999999999998,0.93999999999999995,0.1343,3.0,0.0,5.0,1.0,24.0
0.0,10.0,2.0,1.0,0.56000000000000005,0.53029999999999999,0.93999999999999995,0.16420000000000001,3.0,0.0,5.0,1.0,6.0
0.0,10.0,3.0,1.0,0.56000000000000005,0.53029999999999999,0.93999999999999995,0.1343,3.0,0.0,5.0,1.0,7.0
0.0,10.0,4.0,1.0,0.56000000000000005,0.53029999999999999,0.93999999999999995,0.19399999999999998,3.0,0.0,5.0,1.0,8.0
0.0,10.0,5.0,2.0,0.56000000000000005,0.53029999999999999,0.93999999999999995,0.16420000000000001,3.0,0.0,5.0,1.0,17.0
0.0,10.0,6.0,3.0,0.56000000000000005,0.53029999999999999,0.88,0.19399999999999998,3.0,0.0,5.0,1.0,94.0
0.0,10.0,7.0,3.0,0.56000000000000005,0.53029999999999999,0.88,0.19399999999999998,3.0,0.0,5.0,1.0,147.0
0.0,10.0,8.0,2.0,0.56000000000000005,0.53029999999999999,0.90000000000000002,0.16420000000000001,3.0,0.0,5.0,1.0,209.0
0.0,10.0,9.0,2.0,0.56000000000000005,0.53029999999999999,0.93999999999999995,0.22390000000000002,3.0,0.0,5.0,1.0,180.0
0.0,10.0,10.0,3.0,0.54000000000000004,0.51519999999999999,0.88,0.35820000000000002,3.0,0.0,5.0,1.0,125.0
0.0,10.0,11.0,3.0,0.52000000000000002,0.5,0.88,0.16420000000000001,3.0,0.0,5.0,1.0,87.0
0.0,10.0,12.0,3.0,0.52000000000000002,0.5,0.88,0.16420000000000001,3.0,0.0,5.0,1.0,75.0
0.0,10.0,13.0,1.0,0.56000000000000005,0.53029999999999999,0.72999999999999998,0.35820000000000002,3.0,0.0,5.0,1.0,132.0
0.0,10.0,14.0,1.0,0.62,0.62119999999999997,0.42999999999999999,0.35820000000000002,3.0,0.0,5.0,1.0,156.0
0.0,10.0,15.0,1.0,0.62,0.62119999999999997,0.42999999999999999,0.28360000000000002,3.0,0.0,5.0,1.0,230.0
0.0,10.0,16.0,1.0,0.60000000000000009,0.62119999999999997,0.42999999999999999,0.22390000000000002,3.0,0.0,5.0,1.0,344.0
0.0,10.0,17.0,1.0,0.58000000000000007,0.54549999999999998,0.46000000000000002,0.41790000000000005,3.0,0.0,5.0,1.0,481.0
0.0,10.0,18.0,1.0,0.54000000000000004,0.51519999999999999,0.39000000000000001,0.28360000000000002,3.0,0.0,5.0,1.0,423.0
0.0,10.0,19.0,1.0,0.54000000000000004,0.51519999999999999,0.39000000000000001,0.32840000000000003,3.0,0.0,5.0,1.0,248.0
0.0,10.0,20.0,1.0,0.52000000000000002,0.5,0.41999999999999998,0.19399999999999998,3.0,0.0,5.0,1.0,196.0
0.0,10.0,21.0,1.0,0.5,0.48479999999999995,0.45000000000000001,0.19399999999999998,3.0,0.0,5.0,1.0,178.0
0.0,10.0,22.0,1.0,0.45999999999999996,0.45450000000000002,0.58999999999999997,0.22390000000000002,3.0,0.0,5.0,1.0,143.0
0.0,10.0,23.0,1.0,0.45999999999999996,0.45450000000000002,0.58999999999999997,0.16420000000000001,3.0,0.0,5.0,1.0,95.0
0.0,10.0,0.0,1.0,0.45999999999999996,0.45450000000000002,0.55000000000000004,0.1045,3.0,0.0,6.0,0.0,106.0
0.0,10.0,1.0,1.0,0.45999999999999996,0.45450000000000002,0.55000000000000004,0.25370000000000004,3.0,0.0,6.0,0.0,73.0
0.0,10.0,2.0,1.0,0.45999999999999996,0.45450000000000002,0.58999999999999997,0.19399999999999998,3.0,0.0,6.0,0.0,56.0
0.0,10.0,3.0,1.0,0.44,0.43939999999999996,0.62,0.19399999999999998,3.0,0.0,6.0,0.0,23.0
0.0,10.0,4.0,1.0,0.41999999999999998,0.42420000000000002,0.67000000000000004,0.1343,3.0,0.0,6.0,0.0,6.0
0.0,10.0,5.0,1.0,0.41999999999999998,0.42420000000000002,0.70999999999999996,0.16420000000000001,3.0,0.0,6.0,0.0,7.0
0.0,10.0,6.0,1.0,0.39999999999999997,0.40909999999999996,0.70999999999999996,0.0,3.0,0.0,6.0,0.0,20.0
0.0,10.0,7.0,1.0,0.39999999999999997,0.40909999999999996,0.76000000000000001,0.1045,3.0,0.0,6.0,0.0,57.0
0.0,10.0,8.0,1.0,0.45999999999999996,0.45450000000000002,0.58999999999999997,0.28360000000000002,3.0,0.0,6.0,0.0,125.0
0.0,10.0,9.0,1.0,0.52000000000000002,0.5,0.47999999999999998,0.29850000000000004,3.0,0.0,6.0,0.0,207.0
0.0,10.0,10.0,1.0,0.54000000000000004,0.51519999999999999,0.45000000000000001,0.44780000000000003,3.0,0.0,6.0,0.0,322.0
0.0,10.0,11.0,1.0,0.56000000000000005,0.53029999999999999,0.40000000000000002,0.3881,3.0,0.0,6.0,0.0,374.0
0.0,10.0,12.0,1.0,0.58000000000000007,0.54549999999999998,0.34999999999999998,0.55220000000000002,3.0,0.0,6.0,0.0,456.0
0.0,10.0,13.0,1.0,0.60000000000000009,0.62119999999999997,0.34999999999999998,0.4627,3.0,0.0,6.0,0.0,394.0
0.0,10.0,14.0,1.0,0.60000000000000009,0.62119999999999997,0.33000000000000002,0.4627,3.0,0.0,6.0,0.0,472.0
0.0,10.0,15.0,1.0,0.62,0.62119999999999997,0.31,0.49250000000000005,3.0,0.0,6.0,0.0,377.0
0.0,10.0,16.0,1.0,0.62,0.62119999999999997,0.28999999999999998,0.3881,3.0,0.0,6.0,0.0,443.0
0.0,10.0,17.0,1.0,0.58000000000000007,0.54549999999999998,0.32000000000000001,0.28360000000000002,3.0,0.0,6.0,0.0,441.0
0.0,10.0,18.0,1.0,0.54000000000000004,0.51519999999999999,0.39000000000000001,0.19399999999999998,3.0,0.0,6.0,0.0,372.0
0.0,10.0,19.0,1.0,0.5,0.48479999999999995,0.51000000000000001,0.1343,3.0,0.0,6.0,0.0,238.0
0.0,10.0,20.0,1.0,0.5,0.48479999999999995,0.47999999999999998,0.1343,3.0,0.0,6.0,0.0,179.0
0.0,10.0,21.0,1.0,0.5,0.48479999999999995,0.41999999999999998,0.22390000000000002,3.0,0.0,6.0,0.0,168.0
0.0,10.0,22.0,1.0,0.5,0.48479999999999995,0.35999999999999999,0.1343,3.0,0.0,6.0,0.0,166.0
0.0,10.0,23.0,1.0,0.47999999999999998,0.46970000000000001,0.40999999999999998,0.16420000000000001,3.0,0.0,6.0,0.0,135.0
0.0,10.0,0.0,1.0,0.45999999999999996,0.45450000000000002,0.44,0.1343,3.0,0.0,7.0,0.0,107.0
0.0,10.0,1.0,1.0,0.44,0.43939999999999996,0.46999999999999997,0.1343,3.0,0.0,7.0,0.0,77.0
0.0,10.0,2.0,1.0,0.41999999999999998,0.42420000000000002,0.54000000000000004,0.1343,3.0,0.0,7.0,0.0,65.0
0.0,10.0,3.0,1.0,0.41999999999999998,0.42420000000000002,0.54000000000000004,0.1343,3.0,0.0,7.0,0.0,42.0
0.0,10.0,4.0,1.0,0.41999999999999998,0.42420000000000002,0.54000000000000004,0.19399999999999998,3.0,0.0,7.0,0.0,12.0
0.0,10.0,5.0,1.0,0.41999999999999998,0.42420000000000002,0.54000000000000004,0.16420000000000001,3.0,0.0,7.0,0.0,7.0
0.0,10.0,6.0,1.0,0.38,0.39390000000000003,0.66000000000000003,0.16420000000000001,3.0,0.0,7.0,0.0,10.0
0.0,10.0,7.0,1.0,0.39999999999999997,0.40909999999999996,0.62,0.1343,3.0,0.0,7.0,0.0,48.0
0.0,10.0,8.0,1.0,0.44,0.43939999999999996,0.62,0.19399999999999998,3.0,0.0,7.0,0.0,99.0
0.0,10.0,9.0,1.0,0.5,0.48479999999999995,0.45000000000000001,0.22390000000000002,3.0,0.0,7.0,0.0,190.0
0.0,10.0,10.0,1.0,0.54000000000000004,0.51519999999999999,0.45000000000000001,0.25370000000000004,3.0,0.0,7.0,0.0,347.0
0.0,10.0,11.0,1.0,0.56000000000000005,0.53029999999999999,0.34999999999999998,0.28360000000000002,3.0,0.0,7.0,0.0,377.0
0.0,10.0,12.0,1.0,0.58000000000000007,0.54549999999999998,0.34999999999999998,0.25370000000000004,3.0,0.0,7.0,0.0,444.0
0.0,10.0,13.0,1.0,0.60000000000000009,0.62119999999999997,0.34999999999999998,0.29850000000000004,3.0,0.0,7.0,0.0,438.0
0.0,10.0,14.0,1.0,0.60000000000000009,0.62119999999999997,0.40000000000000002,0.29850000000000004,3.0,0.0,7.0,0.0,462.0
0.0,10.0,15.0,1.0,0.62,0.62119999999999997,0.34999999999999998,0.3881,3.0,0.0,7.0,0.0,412.0
0.0,10.0,16.0,1.0,0.60000000000000009,0.62119999999999997,0.46000000000000002,0.3881,3.0,0.0,7.0,0.0,466.0
0.0,10.0,17.0,1.0,0.58000000000000007,0.54549999999999998,0.48999999999999999,0.4627,3.0,0.0,7.0,0.0,405.0
0.0,10.0,18.0,1.0,0.56000000000000005,0.53029999999999999,0.48999999999999999,0.44780000000000003,3.0,0.0,7.0,0.0,328.0
0.0,10.0,19.0,1.0,0.54000000000000004,0.51519999999999999,0.52000000000000002,0.3881,3.0,0.0,7.0,0.0,233.0
0.0,10.0,20.0,1.0,0.54000000000000004,0.51519999999999999,0.52000000000000002,0.4627,3.0,0.0,7.0,0.0,178.0
0.0,10.0,21.0,1.0,0.54000000000000004,0.51519999999999999,0.52000000000000002,0.3881,3.0,0.0,7.0,0.0,102.0
0.0,10.0,22.0,1.0,0.56000000000000005,0.53029999999999999,0.48999999999999999,0.41790000000000005,3.0,0.0,7.0,0.0,130.0
0.0,10.0,23.0,1.0,0.56000000000000005,0.53029999999999999,0.52000000000000002,0.41790000000000005,3.0,0.0,7.0,0.0,62.0
0.0,10.0,0.0,1.0,0.54000000000000004,0.51519999999999999,0.56000000000000005,0.32840000000000003,3.0,0.0,1.0,1.0,37.0
0.0,10.0,1.0,1.0,0.56000000000000005,0.53029999999999999,0.54000000000000004,0.3881,3.0,0.0,1.0,1.0,17.0
0.0,10.0,2.0,1.0,0.56000000000000005,0.53029999999999999,0.54000000000000004,0.3881,3.0,0.0,1.0,1.0,7.0
0.0,10.0,3.0,1.0,0.56000000000000005,0.53029999999999999,0.48999999999999999,0.19399999999999998,3.0,0.0,1.0,1.0,2.0
0.0,10.0,4.0,1.0,0.52000000000000002,0.5,0.58999999999999997,0.16420000000000001,3.0,0.0,1.0,1.0,5.0
0.0,10.0,5.0,1.0,0.5,0.48479999999999995,0.63,0.29850000000000004,3.0,0.0,1.0,1.0,29.0
0.0,10.0,6.0,1.0,0.5,0.48479999999999995,0.55000000000000004,0.25370000000000004,3.0,0.0,1.0,1.0,114.0
0.0,10.0,7.0,2.0,0.5,0.48479999999999995,0.55000000000000004,0.16420000000000001,3.0,0.0,1.0,1.0,309.0
0.0,10.0,8.0,2.0,0.5,0.48479999999999995,0.51000000000000001,0.25370000000000004,3.0,0.0,1.0,1.0,414.0
0.0,10.0,9.0,2.0,0.5,0.48479999999999995,0.45000000000000001,0.28360000000000002,3.0,0.0,1.0,1.0,206.0
0.0,10.0,10.0,1.0,0.52000000000000002,0.5,0.45000000000000001,0.16420000000000001,3.0,0.0,1.0,1.0,135.0
0.0,10.0,11.0,1.0,0.56000000000000005,0.53029999999999999,0.42999999999999999,0.0,3.0,0.0,1.0,1.0,166.0
0.0,10.0,12.0,1.0,0.56000000000000005,0.53029999999999999,0.40000000000000002,0.089599999999999999,3.0,0.0,1.0,1.0,205.0
0.0,10.0,13.0,1.0,0.56000000000000005,0.53029999999999999,0.46000000000000002,0.089599999999999999,3.0,0.0,1.0,1.0,205.0
0.0,10.0,14.0,1.0,0.58000000000000007,0.54549999999999998,0.48999999999999999,0.19399999999999998,3.0,0.0,1.0,1.0,166.0
0.0,10.0,15.0,1.0,0.56000000000000005,0.53029999999999999,0.59999999999999998,0.25370000000000004,3.0,0.0,1.0,1.0,208.0
0.0,10.0,16.0,1.0,0.58000000000000007,0.54549999999999998,0.56000000000000005,0.25370000000000004,3.0,0.0,1.0,1.0,302.0
0.0,10.0,17.0,1.0,0.56000000000000005,0.53029999999999999,0.64000000000000001,0.1343,3.0,0.0,1.0,1.0,620.0
0.0,10.0,18.0,1.0,0.56000000000000005,0.53029999999999999,0.59999999999999998,0.0,3.0,0.0,1.0,1.0,518.0
0.0,10.0,19.0,1.0,0.54000000000000004,0.51519999999999999,0.68000000000000005,0.1045,3.0,0.0,1.0,1.0,333.0
0.0,10.0,20.0,1.0,0.52000000000000002,0.5,0.77000000000000002,0.1045,3.0,0.0,1.0,1.0,229.0
0.0,10.0,21.0,1.0,0.5,0.48479999999999995,0.77000000000000002,0.1045,3.0,0.0,1.0,1.0,177.0
0.0,10.0,22.0,1.0,0.5,0.48479999999999995,0.77000000000000002,0.0,3.0,0.0,1.0,1.0,104.0
0.0,10.0,23.0,2.0,0.47999999999999998,0.46970000000000001,0.88,0.0,3.0,0.0,1.0,1.0,62.0
0.0,10.0,0.0,1.0,0.47999999999999998,0.46970000000000001,0.81999999999999995,0.0,3.0,0.0,2.0,1.0,31.0
0.0,10.0,1.0,2.0,0.45999999999999996,0.45450000000000002,0.88,0.0,3.0,0.0,2.0,1.0,11.0
0.0,10.0,2.0,1.0,0.44,0.43939999999999996,0.93999999999999995,0.089599999999999999,3.0,0.0,2.0,1.0,5.0
0.0,10.0,3.0,1.0,0.44,0.43939999999999996,0.93999999999999995,0.089599999999999999,3.0,0.0,2.0,1.0,1.0
0.0,10.0,4.0,2.0,0.44,0.43939999999999996,0.93999999999999995,0.1045,3.0,0.0,2.0,1.0,4.0
0.0,10.0,5.0,2.0,0.45999999999999996,0.45450000000000002,0.88,0.0,3.0,0.0,2.0,1.0,21.0
0.0,10.0,6.0,1.0,0.45999999999999996,0.45450000000000002,0.81999999999999995,0.089599999999999999,3.0,0.0,2.0,1.0,109.0
0.0,10.0,7.0,1.0,0.45999999999999996,0.45450000000000002,0.88,0.089599999999999999,3.0,0.0,2.0,1.0,341.0
0.0,10.0,8.0,1.0,0.5,0.48479999999999995,0.77000000000000002,0.089599999999999999,3.0,0.0,2.0,1.0,499.0
0.0,10.0,9.0,2.0,0.52000000000000002,0.5,0.77000000000000002,0.089599999999999999,3.0,0.0,2.0,1.0,227.0
0.0,10.0,10.0,2.0,0.56000000000000005,0.53029999999999999,0.68000000000000005,0.0,3.0,0.0,2.0,1.0,102.0
0.0,10.0,11.0,2.0,0.60000000000000009,0.62119999999999997,0.48999999999999999,0.1045,3.0,0.0,2.0,1.0,147.0
0.0,10.0,12.0,2.0,0.62,0.62119999999999997,0.42999999999999999,0.089599999999999999,3.0,0.0,2.0,1.0,201.0
0.0,10.0,13.0,2.0,0.64000000000000001,0.62119999999999997,0.38,0.19399999999999998,3.0,0.0,2.0,1.0,219.0
0.0,10.0,14.0,2.0,0.62,0.62119999999999997,0.40999999999999998,0.16420000000000001,3.0,0.0,2.0,1.0,169.0
0.0,10.0,15.0,1.0,0.62,0.62119999999999997,0.5,0.19399999999999998,3.0,0.0,2.0,1.0,205.0
0.0,10.0,16.0,1.0,0.62,0.62119999999999997,0.56999999999999995,0.25370000000000004,3.0,0.0,2.0,1.0,304.0
0.0,10.0,17.0,1.0,0.60000000000000009,0.60609999999999997,0.59999999999999998,0.1343,3.0,0.0,2.0,1.0,625.0
0.0,10.0,18.0,1.0,0.56000000000000005,0.53029999999999999,0.68000000000000005,0.1045,3.0,0.0,2.0,1.0,570.0
0.0,10.0,19.0,1.0,0.56000000000000005,0.53029999999999999,0.59999999999999998,0.1045,3.0,0.0,2.0,1.0,317.0
0.0,10.0,20.0,1.0,0.54000000000000004,0.51519999999999999,0.64000000000000001,0.16420000000000001,3.0,0.0,2.0,1.0,227.0
0.0,10.0,21.0,2.0,0.54000000000000004,0.51519999999999999,0.68000000000000005,0.1343,3.0,0.0,2.0,1.0,206.0
0.0,10.0,22.0,2.0,0.52000000000000002,0.5,0.77000000000000002,0.16420000000000001,3.0,0.0,2.0,1.0,137.0
0.0,10.0,23.0,2.0,0.52000000000000002,0.5,0.77000000000000002,0.19399999999999998,3.0,0.0,2.0,1.0,70.0
0.0,10.0,0.0,2.0,0.52000000000000002,0.5,0.77000000000000002,0.19399999999999998,3.0,0.0,3.0,1.0,34.0
0.0,10.0,1.0,2.0,0.52000000000000002,0.5,0.77000000000000002,0.19399999999999998,3.0,0.0,3.0,1.0,16.0
0.0,10.0,2.0,2.0,0.52000000000000002,0.5,0.77000000000000002,0.19399999999999998,3.0,0.0,3.0,1.0,7.0
0.0,10.0,4.0,3.0,0.5,0.48479999999999995,0.93999999999999995,0.19399999999999998,3.0,0.0,3.0,1.0,3.0
0.0,10.0,5.0,3.0,0.5,0.48479999999999995,1.0,0.1045,3.0,0.0,3.0,1.0,3.0
0.0,10.0,6.0,3.0,0.52000000000000002,0.5,0.82999999999999996,0.25370000000000004,3.0,0.0,3.0,1.0,31.0
0.0,10.0,7.0,3.0,0.52000000000000002,0.5,0.77000000000000002,0.25370000000000004,3.0,0.0,3.0,1.0,68.0
0.0,10.0,8.0,3.0,0.54000000000000004,0.51519999999999999,0.69999999999999996,0.49250000000000005,3.0,0.0,3.0,1.0,210.0
0.0,10.0,9.0,3.0,0.52000000000000002,0.5,0.88,0.49250000000000005,3.0,0.0,3.0,1.0,202.0
0.0,10.0,10.0,3.0,0.52000000000000002,0.5,0.88,0.49250000000000005,3.0,0.0,3.0,1.0,123.0
0.0,10.0,11.0,3.0,0.52000000000000002,0.5,0.93999999999999995,0.25370000000000004,3.0,0.0,3.0,1.0,149.0
0.0,10.0,12.0,3.0,0.52000000000000002,0.5,0.93999999999999995,0.32840000000000003,3.0,0.0,3.0,1.0,130.0
0.0,10.0,13.0,2.0,0.54000000000000004,0.51519999999999999,0.93999999999999995,0.28360000000000002,3.0,0.0,3.0,1.0,106.0
0.0,10.0,14.0,3.0,0.54000000000000004,0.51519999999999999,0.93999999999999995,0.16420000000000001,3.0,0.0,3.0,1.0,97.0
0.0,10.0,15.0,3.0,0.54000000000000004,0.51519999999999999,1.0,0.1343,3.0,0.0,3.0,1.0,120.0
0.0,10.0,16.0,3.0,0.56000000000000005,0.53029999999999999,0.93999999999999995,0.16420000000000001,3.0,0.0,3.0,1.0,201.0
0.0,10.0,17.0,3.0,0.56000000000000005,0.53029999999999999,0.93999999999999995,0.16420000000000001,3.0,0.0,3.0,1.0,181.0
0.0,10.0,18.0,3.0,0.56000000000000005,0.53029999999999999,1.0,0.16420000000000001,3.0,0.0,3.0,1.0,140.0
0.0,10.0,19.0,2.0,0.60000000000000009,0.54549999999999998,0.88,0.1343,3.0,0.0,3.0,1.0,197.0
0.0,10.0,20.0,3.0,0.60000000000000009,0.51519999999999999,0.93999999999999995,0.089599999999999999,3.0,0.0,3.0,1.0,145.0
0.0,10.0,21.0,2.0,0.58000000000000007,0.54549999999999998,0.93999999999999995,0.1343,3.0,0.0,3.0,1.0,85.0
0.0,10.0,22.0,2.0,0.58000000000000007,0.54549999999999998,0.93999999999999995,0.35820000000000002,3.0,0.0,3.0,1.0,107.0
0.0,10.0,23.0,2.0,0.58000000000000007,0.54549999999999998,0.93999999999999995,0.35820000000000002,3.0,0.0,3.0,1.0,69.0
0.0,10.0,0.0,1.0,0.56000000000000005,0.53029999999999999,0.93999999999999995,0.29850000000000004,3.0,0.0,4.0,1.0,26.0
0.0,10.0,1.0,1.0,0.56000000000000005,0.53029999999999999,0.88,0.35820000000000002,3.0,0.0,4.0,1.0,15.0
0.0,10.0,2.0,1.0,0.56000000000000005,0.53029999999999999,0.88,0.44780000000000003,3.0,0.0,4.0,1.0,4.0
0.0,10.0,3.0,1.0,0.5,0.48479999999999995,0.81999999999999995,0.4627,3.0,0.0,4.0,1.0,1.0
0.0,10.0,4.0,1.0,0.5,0.48479999999999995,0.81999999999999995,0.4627,3.0,0.0,4.0,1.0,8.0
0.0,10.0,5.0,1.0,0.47999999999999998,0.46970000000000001,0.81999999999999995,0.35820000000000002,3.0,0.0,4.0,1.0,26.0
0.0,10.0,6.0,1.0,0.44,0.43939999999999996,0.81999999999999995,0.41790000000000005,3.0,0.0,4.0,1.0,92.0
0.0,10.0,7.0,1.0,0.41999999999999998,0.42420000000000002,0.77000000000000002,0.44780000000000003,3.0,0.0,4.0,1.0,318.0
0.0,10.0,8.0,1.0,0.44,0.43939999999999996,0.67000000000000004,0.52239999999999998,3.0,0.0,4.0,1.0,426.0
0.0,10.0,9.0,1.0,0.44,0.43939999999999996,0.67000000000000004,0.58210000000000006,3.0,0.0,4.0,1.0,223.0
0.0,10.0,10.0,1.0,0.45999999999999996,0.45450000000000002,0.58999999999999997,0.44780000000000003,3.0,0.0,4.0,1.0,130.0
0.0,10.0,11.0,1.0,0.47999999999999998,0.46970000000000001,0.55000000000000004,0.52239999999999998,3.0,0.0,4.0,1.0,129.0
0.0,10.0,12.0,1.0,0.47999999999999998,0.46970000000000001,0.47999999999999998,0.52239999999999998,3.0,0.0,4.0,1.0,199.0
0.0,10.0,13.0,1.0,0.5,0.48479999999999995,0.45000000000000001,0.58210000000000006,3.0,0.0,4.0,1.0,164.0
0.0,10.0,14.0,2.0,0.47999999999999998,0.46970000000000001,0.47999999999999998,0.55220000000000002,3.0,0.0,4.0,1.0,155.0
0.0,10.0,15.0,2.0,0.47999999999999998,0.46970000000000001,0.51000000000000001,0.44780000000000003,3.0,0.0,4.0,1.0,160.0
0.0,10.0,16.0,2.0,0.47999999999999998,0.46970000000000001,0.51000000000000001,0.44780000000000003,3.0,0.0,4.0,1.0,234.0
0.0,10.0,17.0,2.0,0.47999999999999998,0.46970000000000001,0.47999999999999998,0.3881,3.0,0.0,4.0,1.0,494.0
0.0,10.0,18.0,2.0,0.45999999999999996,0.45450000000000002,0.51000000000000001,0.29850000000000004,3.0,0.0,4.0,1.0,469.0
0.0,10.0,19.0,1.0,0.45999999999999996,0.45450000000000002,0.51000000000000001,0.35820000000000002,3.0,0.0,4.0,1.0,298.0
0.0,10.0,20.0,2.0,0.45999999999999996,0.45450000000000002,0.51000000000000001,0.32840000000000003,3.0,0.0,4.0,1.0,241.0
0.0,10.0,21.0,1.0,0.44,0.43939999999999996,0.51000000000000001,0.29850000000000004,3.0,0.0,4.0,1.0,165.0
0.0,10.0,22.0,1.0,0.44,0.43939999999999996,0.51000000000000001,0.32840000000000003,3.0,0.0,4.0,1.0,128.0
0.0,10.0,23.0,1.0,0.41999999999999998,0.42420000000000002,0.57999999999999996,0.25370000000000004,3.0,0.0,4.0,1.0,90.0
0.0,10.0,0.0,1.0,0.39999999999999997,0.40909999999999996,0.62,0.25370000000000004,3.0,0.0,5.0,1.0,50.0
0.0,10.0,1.0,1.0,0.39999999999999997,0.40909999999999996,0.62,0.22390000000000002,3.0,0.0,5.0,1.0,26.0
0.0,10.0,2.0,1.0,0.38,0.39390000000000003,0.66000000000000003,0.16420000000000001,3.0,0.0,5.0,1.0,18.0
0.0,10.0,3.0,1.0,0.35999999999999999,0.34850000000000003,0.70999999999999996,0.1343,3.0,0.0,5.0,1.0,7.0
0.0,10.0,4.0,1.0,0.35999999999999999,0.34850000000000003,0.70999999999999996,0.16420000000000001,3.0,0.0,5.0,1.0,6.0
0.0,10.0,5.0,1.0,0.33999999999999997,0.33329999999999999,0.76000000000000001,0.19399999999999998,3.0,0.0,5.0,1.0,31.0
0.0,10.0,6.0,1.0,0.35999999999999999,0.34850000000000003,0.70999999999999996,0.16420000000000001,3.0,0.0,5.0,1.0,85.0
0.0,10.0,7.0,1.0,0.35999999999999999,0.34850000000000003,0.70999999999999996,0.16420000000000001,3.0,0.0,5.0,1.0,233.0
0.0,10.0,8.0,1.0,0.39999999999999997,0.40909999999999996,0.62,0.19399999999999998,3.0,0.0,5.0,1.0,402.0
0.0,10.0,9.0,2.0,0.41999999999999998,0.42420000000000002,0.57999999999999996,0.1343,3.0,0.0,5.0,1.0,222.0
0.0,10.0,10.0,1.0,0.45999999999999996,0.45450000000000002,0.51000000000000001,0.16420000000000001,3.0,0.0,5.0,1.0,138.0
0.0,10.0,11.0,1.0,0.5,0.48479999999999995,0.45000000000000001,0.22390000000000002,3.0,0.0,5.0,1.0,174.0
0.0,10.0,12.0,1.0,0.5,0.48479999999999995,0.45000000000000001,0.29850000000000004,3.0,0.0,5.0,1.0,240.0
0.0,10.0,13.0,1.0,0.47999999999999998,0.46970000000000001,0.47999999999999998,0.32840000000000003,3.0,0.0,5.0,1.0,206.0
0.0,10.0,14.0,1.0,0.52000000000000002,0.5,0.41999999999999998,0.29850000000000004,3.0,0.0,5.0,1.0,198.0
0.0,10.0,15.0,1.0,0.5,0.48479999999999995,0.45000000000000001,0.28360000000000002,3.0,0.0,5.0,1.0,235.0
0.0,10.0,16.0,1.0,0.5,0.48479999999999995,0.45000000000000001,0.25370000000000004,3.0,0.0,5.0,1.0,302.0
0.0,10.0,17.0,2.0,0.45999999999999996,0.45450000000000002,0.51000000000000001,0.25370000000000004,3.0,0.0,5.0,1.0,524.0
0.0,10.0,18.0,2.0,0.44,0.43939999999999996,0.54000000000000004,0.25370000000000004,3.0,0.0,5.0,1.0,397.0
0.0,10.0,19.0,2.0,0.44,0.43939999999999996,0.54000000000000004,0.3881,3.0,0.0,5.0,1.0,253.0
0.0,10.0,20.0,2.0,0.44,0.43939999999999996,0.54000000000000004,0.22390000000000002,3.0,0.0,5.0,1.0,184.0
0.0,10.0,21.0,1.0,0.41999999999999998,0.42420000000000002,0.57999999999999996,0.16420000000000001,3.0,0.0,5.0,1.0,143.0
0.0,10.0,22.0,1.0,0.41999999999999998,0.42420000000000002,0.54000000000000004,0.16420000000000001,3.0,0.0,5.0,1.0,113.0
0.0,10.0,23.0,1.0,0.39999999999999997,0.40909999999999996,0.62,0.22390000000000002,3.0,0.0,5.0,1.0,117.0
0.0,10.0,0.0,1.0,0.39999999999999997,0.40909999999999996,0.62,0.19399999999999998,3.0,0.0,6.0,0.0,96.0
0.0,10.0,1.0,1.0,0.39999999999999997,0.40909999999999996,0.62,0.19399999999999998,3.0,0.0,6.0,0.0,70.0
0.0,10.0,2.0,1.0,0.39999999999999997,0.40909999999999996,0.62,0.25370000000000004,3.0,0.0,6.0,0.0,31.0
0.0,10.0,3.0,1.0,0.39999999999999997,0.40909999999999996,0.62,0.1343,3.0,0.0,6.0,0.0,20.0
0.0,10.0,4.0,1.0,0.38,0.39390000000000003,0.66000000000000003,0.089599999999999999,3.0,0.0,6.0,0.0,8.0
0.0,10.0,5.0,1.0,0.38,0.39390000000000003,0.66000000000000003,0.0,3.0,0.0,6.0,0.0,8.0
0.0,10.0,6.0,1.0,0.35999999999999999,0.37880000000000003,0.70999999999999996,0.0,3.0,0.0,6.0,0.0,18.0
0.0,10.0,7.0,1.0,0.35999999999999999,0.36359999999999998,0.76000000000000001,0.1045,3.0,0.0,6.0,0.0,57.0
0.0,10.0,8.0,1.0,0.39999999999999997,0.40909999999999996,0.70999999999999996,0.0,3.0,0.0,6.0,0.0,114.0
0.0,10.0,9.0,1.0,0.41999999999999998,0.42420000000000002,0.67000000000000004,0.089599999999999999,3.0,0.0,6.0,0.0,169.0
0.0,10.0,10.0,2.0,0.44,0.43939999999999996,0.62,0.1045,3.0,0.0,6.0,0.0,236.0
0.0,10.0,11.0,2.0,0.44,0.43939999999999996,0.62,0.1045,3.0,0.0,6.0,0.0,282.0
0.0,10.0,12.0,1.0,0.45999999999999996,0.45450000000000002,0.55000000000000004,0.089599999999999999,3.0,0.0,6.0,0.0,343.0
0.0,10.0,13.0,1.0,0.5,0.48479999999999995,0.45000000000000001,0.0,3.0,0.0,6.0,0.0,322.0
0.0,10.0,14.0,2.0,0.47999999999999998,0.46970000000000001,0.47999999999999998,0.22390000000000002,3.0,0.0,6.0,0.0,310.0
0.0,10.0,15.0,1.0,0.47999999999999998,0.46970000000000001,0.51000000000000001,0.22390000000000002,3.0,0.0,6.0,0.0,382.0
0.0,10.0,16.0,1.0,0.5,0.48479999999999995,0.45000000000000001,0.19399999999999998,3.0,0.0,6.0,0.0,359.0
0.0,10.0,17.0,1.0,0.45999999999999996,0.45450000000000002,0.55000000000000004,0.1343,3.0,0.0,6.0,0.0,360.0
0.0,10.0,18.0,1.0,0.44,0.43939999999999996,0.54000000000000004,0.089599999999999999,3.0,0.0,6.0,0.0,335.0
0.0,10.0,19.0,1.0,0.44,0.43939999999999996,0.67000000000000004,0.0,3.0,0.0,6.0,0.0,220.0
0.0,10.0,20.0,1.0,0.41999999999999998,0.42420000000000002,0.67000000000000004,0.0,3.0,0.0,6.0,0.0,159.0
0.0,10.0,21.0,1.0,0.39999999999999997,0.40909999999999996,0.76000000000000001,0.0,3.0,0.0,6.0,0.0,157.0
0.0,10.0,22.0,1.0,0.39999999999999997,0.40909999999999996,0.76000000000000001,0.0,3.0,0.0,6.0,0.0,144.0
0.0,10.0,23.0,1.0,0.38,0.39390000000000003,0.81999999999999995,0.0,3.0,0.0,6.0,0.0,108.0
0.0,10.0,0.0,1.0,0.35999999999999999,0.37880000000000003,0.87,0.0,3.0,0.0,7.0,0.0,88.0
0.0,10.0,1.0,1.0,0.35999999999999999,0.37880000000000003,0.87,0.0,3.0,0.0,7.0,0.0,71.0
0.0,10.0,2.0,1.0,0.33999999999999997,0.34850000000000003,0.87,0.089599999999999999,3.0,0.0,7.0,0.0,50.0
0.0,10.0,3.0,1.0,0.33999999999999997,0.36359999999999998,0.87,0.0,3.0,0.0,7.0,0.0,46.0
0.0,10.0,4.0,1.0,0.33999999999999997,0.36359999999999998,0.87,0.0,3.0,0.0,7.0,0.0,6.0
0.0,10.0,5.0,1.0,0.32000000000000001,0.34850000000000003,0.87,0.0,3.0,0.0,7.0,0.0,3.0
0.0,10.0,6.0,1.0,0.32000000000000001,0.33329999999999999,0.87,0.1045,3.0,0.0,7.0,0.0,12.0
0.0,10.0,7.0,1.0,0.33999999999999997,0.34850000000000003,0.87,0.089599999999999999,3.0,0.0,7.0,0.0,21.0
0.0,10.0,8.0,1.0,0.35999999999999999,0.34850000000000003,0.87,0.1343,3.0,0.0,7.0,0.0,88.0
0.0,10.0,9.0,1.0,0.39999999999999997,0.40909999999999996,0.76000000000000001,0.0,3.0,0.0,7.0,0.0,143.0
0.0,10.0,10.0,1.0,0.41999999999999998,0.42420000000000002,0.70999999999999996,0.089599999999999999,3.0,0.0,7.0,0.0,289.0
0.0,10.0,11.0,1.0,0.45999999999999996,0.45450000000000002,0.71999999999999997,0.16420000000000001,3.0,0.0,7.0,0.0,333.0
0.0,10.0,12.0,1.0,0.5,0.48479999999999995,0.58999999999999997,0.25370000000000004,3.0,0.0,7.0,0.0,413.0
0.0,10.0,13.0,1.0,0.52000000000000002,0.5,0.55000000000000004,0.19399999999999998,3.0,0.0,7.0,0.0,415.0
0.0,10.0,14.0,1.0,0.52000000000000002,0.5,0.55000000000000004,0.22390000000000002,3.0,0.0,7.0,0.0,408.0
0.0,10.0,15.0,1.0,0.52000000000000002,0.5,0.52000000000000002,0.16420000000000001,3.0,0.0,7.0,0.0,387.0
0.0,10.0,16.0,1.0,0.52000000000000002,0.5,0.55000000000000004,0.19399999999999998,3.0,0.0,7.0,0.0,405.0
0.0,10.0,17.0,1.0,0.5,0.48479999999999995,0.63,0.1343,3.0,0.0,7.0,0.0,340.0
0.0,10.0,18.0,1.0,0.5,0.48479999999999995,0.63,0.1045,3.0,0.0,7.0,0.0,284.0
0.0,10.0,19.0,1.0,0.45999999999999996,0.45450000000000002,0.77000000000000002,0.0,3.0,0.0,7.0,0.0,193.0
0.0,10.0,20.0,1.0,0.44,0.43939999999999996,0.71999999999999997,0.089599999999999999,3.0,0.0,7.0,0.0,144.0
0.0,10.0,21.0,1.0,0.44,0.43939999999999996,0.71999999999999997,0.089599999999999999,3.0,0.0,7.0,0.0,99.0
0.0,10.0,22.0,1.0,0.41999999999999998,0.42420000000000002,0.77000000000000002,0.1045,3.0,0.0,7.0,0.0,94.0
0.0,10.0,23.0,1.0,0.41999999999999998,0.42420000000000002,0.77000000000000002,0.16420000000000001,3.0,0.0,7.0,0.0,49.0
0.0,10.0,0.0,1.0,0.41999999999999998,0.42420000000000002,0.77000000000000002,0.0,3.0,0.0,1.0,1.0,32.0
0.0,10.0,1.0,1.0,0.39999999999999997,0.40909999999999996,0.81999999999999995,0.1343,3.0,0.0,1.0,1.0,15.0
0.0,10.0,2.0,1.0,0.39999999999999997,0.40909999999999996,0.87,0.1045,3.0,0.0,1.0,1.0,7.0
0.0,10.0,3.0,1.0,0.39999999999999997,0.40909999999999996,0.81999999999999995,0.089599999999999999,3.0,0.0,1.0,1.0,4.0
0.0,10.0,4.0,1.0,0.39999999999999997,0.40909999999999996,0.81999999999999995,0.0,3.0,0.0,1.0,1.0,6.0
0.0,10.0,5.0,1.0,0.38,0.39390000000000003,0.87,0.0,3.0,0.0,1.0,1.0,21.0
0.0,10.0,6.0,1.0,0.39999999999999997,0.40909999999999996,0.87,0.1045,3.0,0.0,1.0,1.0,86.0
0.0,10.0,7.0,2.0,0.38,0.39390000000000003,0.93999999999999995,0.1045,3.0,0.0,1.0,1.0,285.0
0.0,10.0,8.0,2.0,0.41999999999999998,0.42420000000000002,0.88,0.16420000000000001,3.0,0.0,1.0,1.0,398.0
0.0,10.0,9.0,2.0,0.44,0.43939999999999996,0.81999999999999995,0.16420000000000001,3.0,0.0,1.0,1.0,195.0
0.0,10.0,10.0,2.0,0.45999999999999996,0.45450000000000002,0.81999999999999995,0.25370000000000004,3.0,0.0,1.0,1.0,129.0
0.0,10.0,11.0,2.0,0.5,0.48479999999999995,0.71999999999999997,0.16420000000000001,3.0,0.0,1.0,1.0,168.0
0.0,10.0,12.0,2.0,0.52000000000000002,0.5,0.68000000000000005,0.1045,3.0,0.0,1.0,1.0,220.0
0.0,10.0,13.0,2.0,0.54000000000000004,0.51519999999999999,0.64000000000000001,0.22390000000000002,3.0,0.0,1.0,1.0,198.0
0.0,10.0,14.0,2.0,0.54000000000000004,0.51519999999999999,0.64000000000000001,0.19399999999999998,3.0,0.0,1.0,1.0,206.0
0.0,10.0,15.0,1.0,0.56000000000000005,0.53029999999999999,0.59999999999999998,0.16420000000000001,3.0,0.0,1.0,1.0,177.0
0.0,10.0,16.0,1.0,0.54000000000000004,0.51519999999999999,0.64000000000000001,0.19399999999999998,3.0,0.0,1.0,1.0,310.0
0.0,10.0,17.0,1.0,0.52000000000000002,0.5,0.68000000000000005,0.1343,3.0,0.0,1.0,1.0,614.0
0.0,10.0,18.0,1.0,0.54000000000000004,0.51519999999999999,0.59999999999999998,0.089599999999999999,3.0,0.0,1.0,1.0,486.0
0.0,10.0,19.0,3.0,0.47999999999999998,0.46970000000000001,0.81999999999999995,0.0,3.0,0.0,1.0,1.0,237.0
0.0,10.0,20.0,1.0,0.47999999999999998,0.46970000000000001,0.81999999999999995,0.1045,3.0,0.0,1.0,1.0,129.0
0.0,10.0,21.0,1.0,0.45999999999999996,0.45450000000000002,0.87,0.1045,3.0,0.0,1.0,1.0,126.0
0.0,10.0,22.0,1.0,0.47999999999999998,0.46970000000000001,0.75,0.16420000000000001,3.0,0.0,1.0,1.0,79.0
0.0,10.0,23.0,1.0,0.45999999999999996,0.45450000000000002,0.77000000000000002,0.089599999999999999,3.0,0.0,1.0,1.0,59.0
0.0,10.0,0.0,1.0,0.44,0.43939999999999996,0.77000000000000002,0.1343,3.0,0.0,2.0,1.0,30.0
0.0,10.0,1.0,1.0,0.44,0.43939999999999996,0.77000000000000002,0.1343,3.0,0.0,2.0,1.0,11.0
0.0,10.0,2.0,1.0,0.41999999999999998,0.42420000000000002,0.81999999999999995,0.1343,3.0,0.0,2.0,1.0,5.0
0.0,10.0,3.0,1.0,0.39999999999999997,0.40909999999999996,0.87,0.0,3.0,0.0,2.0,1.0,4.0
0.0,10.0,4.0,1.0,0.38,0.39390000000000003,0.87,0.1343,3.0,0.0,2.0,1.0,5.0
0.0,10.0,5.0,1.0,0.38,0.39390000000000003,0.87,0.1343,3.0,0.0,2.0,1.0,24.0
0.0,10.0,6.0,1.0,0.38,0.39390000000000003,0.81999999999999995,0.1045,3.0,0.0,2.0,1.0,98.0
0.0,10.0,7.0,1.0,0.39999999999999997,0.40909999999999996,0.76000000000000001,0.19399999999999998,3.0,0.0,2.0,1.0,314.0
0.0,10.0,8.0,1.0,0.44,0.43939999999999996,0.71999999999999997,0.0,3.0,0.0,2.0,1.0,408.0
0.0,10.0,9.0,1.0,0.47999999999999998,0.46970000000000001,0.55000000000000004,0.22390000000000002,3.0,0.0,2.0,1.0,223.0
0.0,10.0,10.0,1.0,0.5,0.48479999999999995,0.51000000000000001,0.25370000000000004,3.0,0.0,2.0,1.0,128.0
0.0,10.0,11.0,1.0,0.52000000000000002,0.5,0.47999999999999998,0.28360000000000002,3.0,0.0,2.0,1.0,166.0
0.0,10.0,12.0,1.0,0.54000000000000004,0.51519999999999999,0.39000000000000001,0.35820000000000002,3.0,0.0,2.0,1.0,200.0
0.0,10.0,13.0,1.0,0.56000000000000005,0.53029999999999999,0.37,0.3881,3.0,0.0,2.0,1.0,198.0
0.0,10.0,14.0,1.0,0.56000000000000005,0.53029999999999999,0.40000000000000002,0.25370000000000004,3.0,0.0,2.0,1.0,200.0
0.0,10.0,15.0,1.0,0.56000000000000005,0.53029999999999999,0.37,0.1045,3.0,0.0,2.0,1.0,234.0
0.0,10.0,16.0,1.0,0.56000000000000005,0.53029999999999999,0.37,0.19399999999999998,3.0,0.0,2.0,1.0,285.0
0.0,10.0,17.0,1.0,0.56000000000000005,0.53029999999999999,0.37,0.1045,3.0,0.0,2.0,1.0,585.0
0.0,10.0,18.0,1.0,0.52000000000000002,0.5,0.41999999999999998,0.1045,3.0,0.0,2.0,1.0,518.0
0.0,10.0,19.0,1.0,0.47999999999999998,0.46970000000000001,0.67000000000000004,0.19399999999999998,3.0,0.0,2.0,1.0,338.0
0.0,10.0,20.0,1.0,0.45999999999999996,0.45450000000000002,0.67000000000000004,0.1045,3.0,0.0,2.0,1.0,248.0
0.0,10.0,21.0,1.0,0.44,0.43939999999999996,0.71999999999999997,0.1343,3.0,0.0,2.0,1.0,201.0
0.0,10.0,22.0,1.0,0.45999999999999996,0.45450000000000002,0.67000000000000004,0.19399999999999998,3.0,0.0,2.0,1.0,170.0
0.0,10.0,23.0,1.0,0.44,0.43939999999999996,0.71999999999999997,0.1343,3.0,0.0,2.0,1.0,94.0
0.0,10.0,0.0,1.0,0.44,0.43939999999999996,0.71999999999999997,0.19399999999999998,3.0,0.0,3.0,1.0,32.0
0.0,10.0,1.0,1.0,0.44,0.43939999999999996,0.67000000000000004,0.25370000000000004,3.0,0.0,3.0,1.0,12.0
0.0,10.0,2.0,1.0,0.44,0.43939999999999996,0.67000000000000004,0.16420000000000001,3.0,0.0,3.0,1.0,3.0
0.0,10.0,3.0,1.0,0.44,0.43939999999999996,0.67000000000000004,0.22390000000000002,3.0,0.0,3.0,1.0,3.0
0.0,10.0,4.0,1.0,0.41999999999999998,0.42420000000000002,0.70999999999999996,0.25370000000000004,3.0,0.0,3.0,1.0,5.0
0.0,10.0,5.0,1.0,0.41999999999999998,0.42420000000000002,0.70999999999999996,0.22390000000000002,3.0,0.0,3.0,1.0,21.0
0.0,10.0,6.0,1.0,0.41999999999999998,0.42420000000000002,0.70999999999999996,0.22390000000000002,3.0,0.0,3.0,1.0,92.0
0.0,10.0,7.0,1.0,0.41999999999999998,0.42420000000000002,0.70999999999999996,0.16420000000000001,3.0,0.0,3.0,1.0,299.0
0.0,10.0,8.0,2.0,0.44,0.43939999999999996,0.67000000000000004,0.19399999999999998,3.0,0.0,3.0,1.0,464.0
0.0,10.0,9.0,2.0,0.47999999999999998,0.46970000000000001,0.63,0.22390000000000002,3.0,0.0,3.0,1.0,240.0
0.0,10.0,10.0,2.0,0.52000000000000002,0.5,0.62,0.25370000000000004,3.0,0.0,3.0,1.0,131.0
0.0,10.0,11.0,1.0,0.52000000000000002,0.5,0.58999999999999997,0.32840000000000003,3.0,0.0,3.0,1.0,155.0
0.0,10.0,12.0,3.0,0.58000000000000007,0.54549999999999998,0.53000000000000003,0.22390000000000002,3.0,0.0,3.0,1.0,194.0
0.0,10.0,13.0,3.0,0.56000000000000005,0.53029999999999999,0.59999999999999998,0.1045,3.0,0.0,3.0,1.0,82.0
0.0,10.0,14.0,2.0,0.52000000000000002,0.5,0.77000000000000002,0.0,3.0,0.0,3.0,1.0,66.0
0.0,10.0,15.0,2.0,0.52000000000000002,0.5,0.77000000000000002,0.0,3.0,0.0,3.0,1.0,70.0
0.0,10.0,16.0,2.0,0.52000000000000002,0.5,0.77000000000000002,0.089599999999999999,3.0,0.0,3.0,1.0,213.0
0.0,10.0,17.0,2.0,0.52000000000000002,0.5,0.77000000000000002,0.1045,3.0,0.0,3.0,1.0,454.0
0.0,10.0,18.0,1.0,0.52000000000000002,0.5,0.77000000000000002,0.16420000000000001,3.0,0.0,3.0,1.0,453.0
0.0,10.0,19.0,1.0,0.5,0.48479999999999995,0.81999999999999995,0.0,3.0,0.0,3.0,1.0,331.0
0.0,10.0,20.0,1.0,0.5,0.48479999999999995,0.88,0.0,3.0,0.0,3.0,1.0,207.0
0.0,10.0,21.0,2.0,0.52000000000000002,0.5,0.77000000000000002,0.0,3.0,0.0,3.0,1.0,157.0
0.0,10.0,22.0,2.0,0.47999999999999998,0.46970000000000001,0.88,0.089599999999999999,3.0,0.0,3.0,1.0,135.0
0.0,10.0,23.0,2.0,0.47999999999999998,0.46970000000000001,0.88,0.089599999999999999,3.0,0.0,3.0,1.0,75.0
0.0,10.0,0.0,1.0,0.45999999999999996,0.45450000000000002,0.93999999999999995,0.0,3.0,0.0,4.0,1.0,26.0
0.0,10.0,1.0,1.0,0.45999999999999996,0.45450000000000002,0.93999999999999995,0.0,3.0,0.0,4.0,1.0,11.0
0.0,10.0,2.0,3.0,0.45999999999999996,0.45450000000000002,0.93999999999999995,0.0,3.0,0.0,4.0,1.0,8.0
0.0,10.0,3.0,3.0,0.45999999999999996,0.45450000000000002,0.93999999999999995,0.0,3.0,0.0,4.0,1.0,4.0
0.0,10.0,4.0,3.0,0.47999999999999998,0.46970000000000001,0.88,0.0,3.0,0.0,4.0,1.0,4.0
0.0,10.0,5.0,3.0,0.47999999999999998,0.46970000000000001,0.88,0.089599999999999999,3.0,0.0,4.0,1.0,15.0
0.0,10.0,6.0,3.0,0.5,0.48479999999999995,0.81999999999999995,0.0,3.0,0.0,4.0,1.0,46.0
0.0,10.0,7.0,2.0,0.45999999999999996,0.45450000000000002,0.93999999999999995,0.089599999999999999,3.0,0.0,4.0,1.0,137.0
0.0,10.0,8.0,3.0,0.47999999999999998,0.46970000000000001,0.88,0.19399999999999998,3.0,0.0,4.0,1.0,316.0
0.0,10.0,9.0,2.0,0.5,0.48479999999999995,0.81999999999999995,0.16420000000000001,3.0,0.0,4.0,1.0,171.0
0.0,10.0,10.0,3.0,0.5,0.48479999999999995,0.88,0.19399999999999998,3.0,0.0,4.0,1.0,62.0
0.0,10.0,11.0,3.0,0.5,0.48479999999999995,0.88,0.1343,3.0,0.0,4.0,1.0,52.0
0.0,10.0,12.0,3.0,0.5,0.48479999999999995,0.88,0.1343,3.0,0.0,4.0,1.0,53.0
0.0,10.0,13.0,2.0,0.5,0.48479999999999995,0.88,0.16420000000000001,3.0,0.0,4.0,1.0,74.0
0.0,10.0,14.0,2.0,0.52000000000000002,0.5,0.82999999999999996,0.0,3.0,0.0,4.0,1.0,92.0
0.0,10.0,15.0,2.0,0.52000000000000002,0.5,0.82999999999999996,0.1045,3.0,0.0,4.0,1.0,107.0
0.0,10.0,16.0,2.0,0.56000000000000005,0.53029999999999999,0.72999999999999998,0.16420000000000001,3.0,0.0,4.0,1.0,207.0
0.0,10.0,17.0,2.0,0.5,0.48479999999999995,0.71999999999999997,0.4627,3.0,0.0,4.0,1.0,322.0
0.0,10.0,18.0,2.0,0.47999999999999998,0.46970000000000001,0.67000000000000004,0.4627,3.0,0.0,4.0,1.0,240.0
0.0,10.0,19.0,2.0,0.44,0.43939999999999996,0.67000000000000004,0.4627,3.0,0.0,4.0,1.0,219.0
0.0,10.0,20.0,1.0,0.41999999999999998,0.42420000000000002,0.67000000000000004,0.49250000000000005,3.0,0.0,4.0,1.0,182.0
0.0,10.0,21.0,1.0,0.39999999999999997,0.40909999999999996,0.62,0.52239999999999998,3.0,0.0,4.0,1.0,132.0
0.0,10.0,22.0,1.0,0.35999999999999999,0.31819999999999998,0.66000000000000003,0.49250000000000005,3.0,0.0,4.0,1.0,111.0
0.0,10.0,23.0,1.0,0.33999999999999997,0.30299999999999999,0.60999999999999999,0.41790000000000005,3.0,0.0,4.0,1.0,68.0
0.0,10.0,0.0,1.0,0.33999999999999997,0.31819999999999998,0.66000000000000003,0.25370000000000004,3.0,0.0,5.0,1.0,44.0
0.0,10.0,1.0,1.0,0.32000000000000001,0.30299999999999999,0.66000000000000003,0.25370000000000004,3.0,0.0,5.0,1.0,16.0
0.0,10.0,2.0,1.0,0.32000000000000001,0.30299999999999999,0.66000000000000003,0.28360000000000002,3.0,0.0,5.0,1.0,4.0
0.0,10.0,3.0,1.0,0.30000000000000004,0.28789999999999999,0.69999999999999996,0.28360000000000002,3.0,0.0,5.0,1.0,8.0
0.0,10.0,4.0,1.0,0.30000000000000004,0.28789999999999999,0.65000000000000002,0.28360000000000002,3.0,0.0,5.0,1.0,10.0
0.0,10.0,5.0,2.0,0.30000000000000004,0.28789999999999999,0.60999999999999999,0.25370000000000004,3.0,0.0,5.0,1.0,25.0
0.0,10.0,6.0,1.0,0.28000000000000003,0.2727,0.65000000000000002,0.25370000000000004,3.0,0.0,5.0,1.0,75.0
0.0,10.0,7.0,1.0,0.28000000000000003,0.2727,0.65000000000000002,0.25370000000000004,3.0,0.0,5.0,1.0,205.0
0.0,10.0,8.0,1.0,0.30000000000000004,0.28789999999999999,0.60999999999999999,0.28360000000000002,3.0,0.0,5.0,1.0,374.0
0.0,10.0,9.0,1.0,0.32000000000000001,0.30299999999999999,0.56999999999999995,0.22390000000000002,3.0,0.0,5.0,1.0,229.0
0.0,10.0,10.0,1.0,0.33999999999999997,0.31819999999999998,0.56999999999999995,0.22390000000000002,3.0,0.0,5.0,1.0,130.0
0.0,10.0,11.0,1.0,0.35999999999999999,0.34850000000000003,0.5,0.22390000000000002,3.0,0.0,5.0,1.0,168.0
0.0,10.0,12.0,2.0,0.38,0.39390000000000003,0.40000000000000002,0.16420000000000001,3.0,0.0,5.0,1.0,213.0
0.0,10.0,13.0,2.0,0.38,0.39390000000000003,0.41999999999999998,0.22390000000000002,3.0,0.0,5.0,1.0,228.0
0.0,10.0,14.0,2.0,0.35999999999999999,0.34850000000000003,0.46000000000000002,0.19399999999999998,3.0,0.0,5.0,1.0,185.0
0.0,10.0,15.0,2.0,0.35999999999999999,0.33329999999999999,0.42999999999999999,0.25370000000000004,3.0,0.0,5.0,1.0,215.0
0.0,10.0,16.0,2.0,0.35999999999999999,0.34850000000000003,0.46000000000000002,0.16420000000000001,3.0,0.0,5.0,1.0,308.0
0.0,10.0,17.0,2.0,0.35999999999999999,0.34850000000000003,0.5,0.1343,3.0,0.0,5.0,1.0,446.0
0.0,10.0,18.0,2.0,0.35999999999999999,0.34850000000000003,0.53000000000000003,0.16420000000000001,3.0,0.0,5.0,1.0,368.0
0.0,10.0,19.0,2.0,0.35999999999999999,0.34850000000000003,0.5,0.1343,3.0,0.0,5.0,1.0,204.0
0.0,10.0,20.0,3.0,0.33999999999999997,0.31819999999999998,0.60999999999999999,0.22390000000000002,3.0,0.0,5.0,1.0,143.0
0.0,10.0,21.0,3.0,0.32000000000000001,0.31819999999999998,0.69999999999999996,0.16420000000000001,3.0,0.0,5.0,1.0,74.0
0.0,10.0,22.0,3.0,0.30000000000000004,0.28789999999999999,0.75,0.28360000000000002,3.0,0.0,5.0,1.0,36.0
0.0,10.0,23.0,3.0,0.30000000000000004,0.2727,0.81000000000000005,0.32840000000000003,3.0,0.0,5.0,1.0,39.0
0.0,10.0,0.0,3.0,0.28000000000000003,0.2576,0.87,0.29850000000000004,3.0,0.0,6.0,0.0,19.0
0.0,10.0,1.0,3.0,0.30000000000000004,0.2727,0.87,0.29850000000000004,3.0,0.0,6.0,0.0,18.0
0.0,10.0,2.0,3.0,0.30000000000000004,0.2727,0.87,0.29850000000000004,3.0,0.0,6.0,0.0,17.0
0.0,10.0,3.0,3.0,0.30000000000000004,0.2727,0.81000000000000005,0.41790000000000005,3.0,0.0,6.0,0.0,8.0
0.0,10.0,4.0,3.0,0.30000000000000004,0.2727,0.81000000000000005,0.41790000000000005,3.0,0.0,6.0,0.0,1.0
0.0,10.0,5.0,3.0,0.26000000000000001,0.2273,0.93000000000000005,0.35820000000000002,3.0,0.0,6.0,0.0,1.0
0.0,10.0,6.0,3.0,0.26000000000000001,0.2273,0.87,0.35820000000000002,3.0,0.0,6.0,0.0,5.0
0.0,10.0,7.0,3.0,0.26000000000000001,0.2273,0.87,0.35820000000000002,3.0,0.0,6.0,0.0,7.0
0.0,10.0,8.0,3.0,0.28000000000000003,0.2576,0.87,0.35820000000000002,3.0,0.0,6.0,0.0,20.0
0.0,10.0,9.0,3.0,0.28000000000000003,0.2576,0.87,0.35820000000000002,3.0,0.0,6.0,0.0,20.0
0.0,10.0,10.0,3.0,0.26000000000000001,0.2273,0.93000000000000005,0.32840000000000003,3.0,0.0,6.0,0.0,12.0
0.0,10.0,11.0,3.0,0.26000000000000001,0.2273,0.93000000000000005,0.3881,3.0,0.0,6.0,0.0,27.0
0.0,10.0,12.0,3.0,0.23999999999999999,0.19699999999999998,0.87,0.49250000000000005,3.0,0.0,6.0,0.0,50.0
0.0,10.0,13.0,3.0,0.23999999999999999,0.19699999999999998,0.87,0.52239999999999998,3.0,0.0,6.0,0.0,30.0
0.0,10.0,14.0,3.0,0.23999999999999999,0.19699999999999998,0.87,0.44780000000000003,3.0,0.0,6.0,0.0,29.0
0.0,10.0,15.0,3.0,0.22,0.21210000000000001,0.93000000000000005,0.25370000000000004,3.0,0.0,6.0,0.0,41.0
0.0,10.0,16.0,3.0,0.22,0.19699999999999998,0.93000000000000005,0.32840000000000003,3.0,0.0,6.0,0.0,22.0
0.0,10.0,17.0,3.0,0.22,0.19699999999999998,0.93000000000000005,0.32840000000000003,3.0,0.0,6.0,0.0,31.0
0.0,10.0,18.0,3.0,0.22,0.19699999999999998,0.93000000000000005,0.32840000000000003,3.0,0.0,6.0,0.0,43.0
0.0,10.0,19.0,1.0,0.23999999999999999,0.21210000000000001,0.87,0.35820000000000002,3.0,0.0,6.0,0.0,39.0
0.0,10.0,20.0,1.0,0.23999999999999999,0.21210000000000001,0.87,0.35820000000000002,3.0,0.0,6.0,0.0,47.0
0.0,10.0,21.0,1.0,0.23999999999999999,0.21210000000000001,0.87,0.35820000000000002,3.0,0.0,6.0,0.0,50.0
0.0,10.0,22.0,1.0,0.22,0.21210000000000001,0.87,0.22390000000000002,3.0,0.0,6.0,0.0,54.0
0.0,10.0,23.0,1.0,0.22,0.2273,0.87,0.19399999999999998,3.0,0.0,6.0,0.0,36.0
0.0,10.0,0.0,1.0,0.22,0.21210000000000001,0.87,0.22390000000000002,3.0,0.0,7.0,0.0,54.0
0.0,10.0,1.0,1.0,0.22,0.21210000000000001,0.87,0.25370000000000004,3.0,0.0,7.0,0.0,43.0
0.0,10.0,2.0,1.0,0.22,0.21210000000000001,0.87,0.28360000000000002,3.0,0.0,7.0,0.0,50.0
0.0,10.0,3.0,1.0,0.23999999999999999,0.21210000000000001,0.75,0.35820000000000002,3.0,0.0,7.0,0.0,33.0
0.0,10.0,4.0,1.0,0.22,0.19699999999999998,0.80000000000000004,0.32840000000000003,3.0,0.0,7.0,0.0,11.0
0.0,10.0,5.0,1.0,0.23999999999999999,0.21210000000000001,0.75,0.29850000000000004,3.0,0.0,7.0,0.0,4.0
0.0,10.0,6.0,1.0,0.23999999999999999,0.2273,0.75,0.25370000000000004,3.0,0.0,7.0,0.0,10.0
0.0,10.0,7.0,1.0,0.23999999999999999,0.28789999999999999,0.75,0.0,3.0,0.0,7.0,0.0,22.0
0.0,10.0,8.0,1.0,0.26000000000000001,0.2576,0.69999999999999996,0.22390000000000002,3.0,0.0,7.0,0.0,80.0
0.0,10.0,9.0,1.0,0.30000000000000004,0.28789999999999999,0.65000000000000002,0.25370000000000004,3.0,0.0,7.0,0.0,147.0
0.0,10.0,10.0,1.0,0.32000000000000001,0.33329999999999999,0.60999999999999999,0.089599999999999999,3.0,0.0,7.0,0.0,178.0
0.0,10.0,11.0,1.0,0.35999999999999999,0.34850000000000003,0.53000000000000003,0.22390000000000002,3.0,0.0,7.0,0.0,240.0
0.0,10.0,12.0,1.0,0.38,0.39390000000000003,0.5,0.19399999999999998,3.0,0.0,7.0,0.0,314.0
0.0,10.0,13.0,1.0,0.39999999999999997,0.40909999999999996,0.42999999999999999,0.22390000000000002,3.0,0.0,7.0,0.0,345.0
0.0,10.0,14.0,1.0,0.41999999999999998,0.42420000000000002,0.38,0.19399999999999998,3.0,0.0,7.0,0.0,300.0
0.0,10.0,15.0,1.0,0.41999999999999998,0.42420000000000002,0.34999999999999998,0.16420000000000001,3.0,0.0,7.0,0.0,290.0
0.0,10.0,16.0,1.0,0.41999999999999998,0.42420000000000002,0.32000000000000001,0.1343,3.0,0.0,7.0,0.0,320.0
0.0,10.0,17.0,1.0,0.39999999999999997,0.40909999999999996,0.34999999999999998,0.1045,3.0,0.0,7.0,0.0,245.0
0.0,10.0,18.0,1.0,0.35999999999999999,0.34850000000000003,0.40000000000000002,0.1343,3.0,0.0,7.0,0.0,213.0
0.0,10.0,19.0,1.0,0.56000000000000005,0.53029999999999999,0.48999999999999999,0.29850000000000004,3.0,0.0,7.0,0.0,153.0
0.0,10.0,20.0,1.0,0.33999999999999997,0.36359999999999998,0.56999999999999995,0.0,3.0,0.0,7.0,0.0,92.0
0.0,10.0,21.0,1.0,0.32000000000000001,0.34850000000000003,0.66000000000000003,0.0,3.0,0.0,7.0,0.0,79.0
0.0,10.0,22.0,1.0,0.30000000000000004,0.33329999999999999,0.75,0.0,3.0,0.0,7.0,0.0,71.0
0.0,10.0,23.0,1.0,0.26000000000000001,0.30299999999999999,0.87,0.0,3.0,0.0,7.0,0.0,37.0
0.0,10.0,0.0,1.0,0.26000000000000001,0.30299999999999999,0.87,0.0,3.0,0.0,1.0,1.0,23.0
0.0,10.0,1.0,1.0,0.26000000000000001,0.30299999999999999,0.81000000000000005,0.0,3.0,0.0,1.0,1.0,13.0
0.0,10.0,2.0,1.0,0.23999999999999999,0.28789999999999999,0.87,0.0,3.0,0.0,1.0,1.0,3.0
0.0,10.0,3.0,1.0,0.23999999999999999,0.2576,0.87,0.1045,3.0,0.0,1.0,1.0,3.0
0.0,10.0,4.0,1.0,0.23999999999999999,0.28789999999999999,0.87,0.0,3.0,0.0,1.0,1.0,6.0
0.0,10.0,5.0,1.0,0.22,0.2727,0.93000000000000005,0.0,3.0,0.0,1.0,1.0,18.0
0.0,10.0,6.0,1.0,0.23999999999999999,0.28789999999999999,0.87,0.0,3.0,0.0,1.0,1.0,86.0
0.0,10.0,7.0,1.0,0.23999999999999999,0.28789999999999999,0.93000000000000005,0.0,3.0,0.0,1.0,1.0,227.0
0.0,10.0,8.0,2.0,0.28000000000000003,0.31819999999999998,0.87,0.0,3.0,0.0,1.0,1.0,372.0
0.0,10.0,9.0,2.0,0.32000000000000001,0.31819999999999998,0.76000000000000001,0.16420000000000001,3.0,0.0,1.0,1.0,211.0
0.0,10.0,10.0,2.0,0.35999999999999999,0.34850000000000003,0.56999999999999995,0.16420000000000001,3.0,0.0,1.0,1.0,105.0
0.0,10.0,11.0,1.0,0.39999999999999997,0.40909999999999996,0.5,0.1343,3.0,0.0,1.0,1.0,128.0
0.0,10.0,12.0,1.0,0.41999999999999998,0.42420000000000002,0.44,0.22390000000000002,3.0,0.0,1.0,1.0,170.0
0.0,10.0,13.0,2.0,0.44,0.43939999999999996,0.44,0.22390000000000002,3.0,0.0,1.0,1.0,152.0
0.0,10.0,14.0,2.0,0.44,0.43939999999999996,0.46999999999999997,0.22390000000000002,3.0,0.0,1.0,1.0,141.0
0.0,10.0,15.0,1.0,0.44,0.43939999999999996,0.46999999999999997,0.16420000000000001,3.0,0.0,1.0,1.0,168.0
0.0,10.0,16.0,1.0,0.41999999999999998,0.42420000000000002,0.54000000000000004,0.16420000000000001,3.0,0.0,1.0,1.0,272.0
0.0,10.0,17.0,1.0,0.41999999999999998,0.42420000000000002,0.54000000000000004,0.1343,3.0,0.0,1.0,1.0,486.0
0.0,10.0,18.0,1.0,0.39999999999999997,0.40909999999999996,0.66000000000000003,0.089599999999999999,3.0,0.0,1.0,1.0,422.0
0.0,10.0,19.0,1.0,0.39999999999999997,0.40909999999999996,0.66000000000000003,0.089599999999999999,3.0,0.0,1.0,1.0,238.0
0.0,10.0,20.0,1.0,0.39999999999999997,0.40909999999999996,0.66000000000000003,0.089599999999999999,3.0,0.0,1.0,1.0,172.0
0.0,10.0,21.0,2.0,0.35999999999999999,0.34850000000000003,0.76000000000000001,0.19399999999999998,3.0,0.0,1.0,1.0,116.0
0.0,10.0,22.0,2.0,0.35999999999999999,0.34850000000000003,0.76000000000000001,0.19399999999999998,3.0,0.0,1.0,1.0,85.0
0.0,10.0,23.0,2.0,0.35999999999999999,0.34850000000000003,0.76000000000000001,0.19399999999999998,3.0,0.0,1.0,1.0,52.0
0.0,11.0,0.0,2.0,0.35999999999999999,0.34850000000000003,0.87,0.16420000000000001,3.0,0.0,2.0,1.0,21.0
0.0,11.0,1.0,1.0,0.35999999999999999,0.34850000000000003,0.81000000000000005,0.1343,3.0,0.0,2.0,1.0,11.0
0.0,11.0,2.0,2.0,0.35999999999999999,0.34850000000000003,0.81000000000000005,0.16420000000000001,3.0,0.0,2.0,1.0,4.0
0.0,11.0,3.0,2.0,0.35999999999999999,0.34850000000000003,0.81000000000000005,0.1343,3.0,0.0,2.0,1.0,6.0
0.0,11.0,4.0,1.0,0.33999999999999997,0.31819999999999998,0.81000000000000005,0.22390000000000002,3.0,0.0,2.0,1.0,8.0
0.0,11.0,5.0,1.0,0.32000000000000001,0.31819999999999998,0.81000000000000005,0.19399999999999998,3.0,0.0,2.0,1.0,18.0
0.0,11.0,6.0,1.0,0.32000000000000001,0.31819999999999998,0.81000000000000005,0.19399999999999998,3.0,0.0,2.0,1.0,93.0
0.0,11.0,7.0,1.0,0.33999999999999997,0.33329999999999999,0.76000000000000001,0.19399999999999998,3.0,0.0,2.0,1.0,254.0
0.0,11.0,8.0,1.0,0.35999999999999999,0.33329999999999999,0.70999999999999996,0.25370000000000004,3.0,0.0,2.0,1.0,419.0
0.0,11.0,9.0,1.0,0.39999999999999997,0.40909999999999996,0.66000000000000003,0.16420000000000001,3.0,0.0,2.0,1.0,222.0
0.0,11.0,10.0,1.0,0.44,0.43939999999999996,0.62,0.1343,3.0,0.0,2.0,1.0,135.0
0.0,11.0,11.0,1.0,0.45999999999999996,0.45450000000000002,0.63,0.1045,3.0,0.0,2.0,1.0,117.0
0.0,11.0,12.0,1.0,0.5,0.48479999999999995,0.47999999999999998,0.089599999999999999,3.0,0.0,2.0,1.0,176.0
0.0,11.0,13.0,1.0,0.47999999999999998,0.46970000000000001,0.55000000000000004,0.19399999999999998,3.0,0.0,2.0,1.0,167.0
0.0,11.0,14.0,1.0,0.5,0.48479999999999995,0.47999999999999998,0.25370000000000004,3.0,0.0,2.0,1.0,150.0
0.0,11.0,15.0,1.0,0.5,0.48479999999999995,0.45000000000000001,0.1343,3.0,0.0,2.0,1.0,186.0
0.0,11.0,16.0,1.0,0.47999999999999998,0.46970000000000001,0.44,0.16420000000000001,3.0,0.0,2.0,1.0,298.0
0.0,11.0,17.0,1.0,0.44,0.43939999999999996,0.54000000000000004,0.16420000000000001,3.0,0.0,2.0,1.0,506.0
0.0,11.0,18.0,1.0,0.41999999999999998,0.42420000000000002,0.57999999999999996,0.1045,3.0,0.0,2.0,1.0,460.0
0.0,11.0,19.0,1.0,0.41999999999999998,0.42420000000000002,0.57999999999999996,0.089599999999999999,3.0,0.0,2.0,1.0,313.0
0.0,11.0,20.0,1.0,0.39999999999999997,0.40909999999999996,0.70999999999999996,0.0,3.0,0.0,2.0,1.0,209.0
0.0,11.0,21.0,1.0,0.35999999999999999,0.37880000000000003,0.81000000000000005,0.0,3.0,0.0,2.0,1.0,127.0
0.0,11.0,22.0,1.0,0.35999999999999999,0.37880000000000003,0.81000000000000005,0.0,3.0,0.0,2.0,1.0,96.0
0.0,11.0,23.0,1.0,0.33999999999999997,0.36359999999999998,0.87,0.0,3.0,0.0,2.0,1.0,72.0
0.0,11.0,0.0,1.0,0.32000000000000001,0.34850000000000003,0.87,0.0,3.0,0.0,3.0,1.0,19.0
0.0,11.0,1.0,1.0,0.30000000000000004,0.33329999999999999,0.87,0.0,3.0,0.0,3.0,1.0,10.0
0.0,11.0,2.0,1.0,0.30000000000000004,0.33329999999999999,0.87,0.0,3.0,0.0,3.0,1.0,2.0
0.0,11.0,3.0,1.0,0.30000000000000004,0.33329999999999999,0.75,0.0,3.0,0.0,3.0,1.0,2.0
0.0,11.0,4.0,1.0,0.30000000000000004,0.33329999999999999,0.87,0.0,3.0,0.0,3.0,1.0,4.0
0.0,11.0,5.0,1.0,0.30000000000000004,0.33329999999999999,0.81000000000000005,0.0,3.0,0.0,3.0,1.0,27.0
0.0,11.0,6.0,1.0,0.30000000000000004,0.33329999999999999,0.81000000000000005,0.0,3.0,0.0,3.0,1.0,92.0
0.0,11.0,7.0,1.0,0.30000000000000004,0.33329999999999999,0.81000000000000005,0.0,3.0,0.0,3.0,1.0,251.0
0.0,11.0,8.0,1.0,0.32000000000000001,0.34850000000000003,0.87,0.0,3.0,0.0,3.0,1.0,472.0
0.0,11.0,9.0,1.0,0.33999999999999997,0.36359999999999998,0.87,0.0,3.0,0.0,3.0,1.0,228.0
0.0,11.0,10.0,1.0,0.39999999999999997,0.40909999999999996,0.70999999999999996,0.089599999999999999,3.0,0.0,3.0,1.0,133.0
0.0,11.0,11.0,1.0,0.41999999999999998,0.42420000000000002,0.70999999999999996,0.1343,3.0,0.0,3.0,1.0,144.0
0.0,11.0,12.0,1.0,0.45999999999999996,0.45450000000000002,0.55000000000000004,0.16420000000000001,3.0,0.0,3.0,1.0,189.0
0.0,11.0,13.0,1.0,0.47999999999999998,0.46970000000000001,0.47999999999999998,0.16420000000000001,3.0,0.0,3.0,1.0,161.0
0.0,11.0,14.0,1.0,0.5,0.48479999999999995,0.45000000000000001,0.16420000000000001,3.0,0.0,3.0,1.0,172.0
0.0,11.0,15.0,1.0,0.47999999999999998,0.46970000000000001,0.51000000000000001,0.16420000000000001,3.0,0.0,3.0,1.0,187.0
0.0,11.0,16.0,1.0,0.47999999999999998,0.46970000000000001,0.51000000000000001,0.1045,3.0,0.0,3.0,1.0,266.0
0.0,11.0,17.0,1.0,0.44,0.43939999999999996,0.62,0.19399999999999998,3.0,0.0,3.0,1.0,553.0
0.0,11.0,18.0,1.0,0.41999999999999998,0.42420000000000002,0.70999999999999996,0.16420000000000001,3.0,0.0,3.0,1.0,479.0
0.0,11.0,19.0,1.0,0.39999999999999997,0.40909999999999996,0.76000000000000001,0.1343,3.0,0.0,3.0,1.0,282.0
0.0,11.0,20.0,1.0,0.39999999999999997,0.40909999999999996,0.66000000000000003,0.1343,3.0,0.0,3.0,1.0,182.0
0.0,11.0,21.0,1.0,0.38,0.39390000000000003,0.70999999999999996,0.1343,3.0,0.0,3.0,1.0,168.0
0.0,11.0,22.0,1.0,0.35999999999999999,0.34850000000000003,0.70999999999999996,0.1343,3.0,0.0,3.0,1.0,106.0
0.0,11.0,23.0,1.0,0.35999999999999999,0.36359999999999998,0.76000000000000001,0.089599999999999999,3.0,0.0,3.0,1.0,57.0
0.0,11.0,0.0,1.0,0.35999999999999999,0.36359999999999998,0.76000000000000001,0.089599999999999999,3.0,0.0,4.0,1.0,31.0
0.0,11.0,1.0,1.0,0.33999999999999997,0.33329999999999999,0.81000000000000005,0.1343,3.0,0.0,4.0,1.0,15.0
0.0,11.0,2.0,1.0,0.33999999999999997,0.33329999999999999,0.76000000000000001,0.1343,3.0,0.0,4.0,1.0,7.0
0.0,11.0,3.0,1.0,0.33999999999999997,0.33329999999999999,0.81000000000000005,0.1343,3.0,0.0,4.0,1.0,5.0
0.0,11.0,4.0,1.0,0.32000000000000001,0.33329999999999999,0.81000000000000005,0.089599999999999999,3.0,0.0,4.0,1.0,4.0
0.0,11.0,5.0,1.0,0.32000000000000001,0.33329999999999999,0.81000000000000005,0.1343,3.0,0.0,4.0,1.0,28.0
0.0,11.0,6.0,1.0,0.33999999999999997,0.33329999999999999,0.76000000000000001,0.19399999999999998,3.0,0.0,4.0,1.0,99.0
0.0,11.0,7.0,2.0,0.32000000000000001,0.33329999999999999,0.81000000000000005,0.089599999999999999,3.0,0.0,4.0,1.0,292.0
0.0,11.0,8.0,2.0,0.33999999999999997,0.34850000000000003,0.81000000000000005,0.089599999999999999,3.0,0.0,4.0,1.0,402.0
0.0,11.0,9.0,2.0,0.35999999999999999,0.34850000000000003,0.81000000000000005,0.19399999999999998,3.0,0.0,4.0,1.0,164.0
0.0,11.0,10.0,2.0,0.39999999999999997,0.40909999999999996,0.76000000000000001,0.19399999999999998,3.0,0.0,4.0,1.0,110.0
0.0,11.0,11.0,1.0,0.44,0.43939999999999996,0.67000000000000004,0.19399999999999998,3.0,0.0,4.0,1.0,120.0
0.0,11.0,12.0,1.0,0.5,0.48479999999999995,0.51000000000000001,0.19399999999999998,3.0,0.0,4.0,1.0,179.0
0.0,11.0,13.0,2.0,0.52000000000000002,0.5,0.47999999999999998,0.25370000000000004,3.0,0.0,4.0,1.0,169.0
0.0,11.0,14.0,1.0,0.52000000000000002,0.5,0.52000000000000002,0.16420000000000001,3.0,0.0,4.0,1.0,152.0
0.0,11.0,15.0,1.0,0.52000000000000002,0.5,0.52000000000000002,0.16420000000000001,3.0,0.0,4.0,1.0,162.0
0.0,11.0,16.0,1.0,0.52000000000000002,0.5,0.47999999999999998,0.19399999999999998,3.0,0.0,4.0,1.0,267.0
0.0,11.0,17.0,1.0,0.47999999999999998,0.46970000000000001,0.55000000000000004,0.089599999999999999,3.0,0.0,4.0,1.0,498.0
0.0,11.0,18.0,1.0,0.45999999999999996,0.45450000000000002,0.63,0.1343,3.0,0.0,4.0,1.0,433.0
0.0,11.0,19.0,1.0,0.44,0.43939999999999996,0.67000000000000004,0.089599999999999999,3.0,0.0,4.0,1.0,252.0
0.0,11.0,20.0,1.0,0.41999999999999998,0.42420000000000002,0.70999999999999996,0.1045,3.0,0.0,4.0,1.0,209.0
0.0,11.0,21.0,1.0,0.39999999999999997,0.40909999999999996,0.76000000000000001,0.1343,3.0,0.0,4.0,1.0,144.0
0.0,11.0,22.0,1.0,0.39999999999999997,0.40909999999999996,0.81999999999999995,0.0,3.0,0.0,4.0,1.0,137.0
0.0,11.0,23.0,1.0,0.39999999999999997,0.40909999999999996,0.81999999999999995,0.089599999999999999,3.0,0.0,4.0,1.0,95.0
0.0,11.0,0.0,2.0,0.39999999999999997,0.40909999999999996,0.81999999999999995,0.0,3.0,0.0,5.0,1.0,43.0
0.0,11.0,1.0,2.0,0.39999999999999997,0.40909999999999996,0.81999999999999995,0.0,3.0,0.0,5.0,1.0,17.0
0.0,11.0,2.0,2.0,0.39999999999999997,0.40909999999999996,0.76000000000000001,0.0,3.0,0.0,5.0,1.0,10.0
0.0,11.0,3.0,2.0,0.38,0.39390000000000003,0.87,0.16420000000000001,3.0,0.0,5.0,1.0,8.0
0.0,11.0,4.0,2.0,0.38,0.39390000000000003,0.87,0.089599999999999999,3.0,0.0,5.0,1.0,7.0
0.0,11.0,5.0,2.0,0.38,0.39390000000000003,0.87,0.0,3.0,0.0,5.0,1.0,23.0
0.0,11.0,6.0,2.0,0.38,0.39390000000000003,0.87,0.089599999999999999,3.0,0.0,5.0,1.0,66.0
0.0,11.0,7.0,2.0,0.39999999999999997,0.40909999999999996,0.85999999999999999,0.22390000000000002,3.0,0.0,5.0,1.0,245.0
0.0,11.0,8.0,2.0,0.39999999999999997,0.40909999999999996,0.87,0.35820000000000002,3.0,0.0,5.0,1.0,395.0
0.0,11.0,9.0,2.0,0.41999999999999998,0.42420000000000002,0.70999999999999996,0.4627,3.0,0.0,5.0,1.0,254.0
0.0,11.0,10.0,2.0,0.41999999999999998,0.42420000000000002,0.70999999999999996,0.32840000000000003,3.0,0.0,5.0,1.0,134.0
0.0,11.0,11.0,2.0,0.44,0.43939999999999996,0.67000000000000004,0.44780000000000003,3.0,0.0,5.0,1.0,162.0
0.0,11.0,12.0,2.0,0.47999999999999998,0.46970000000000001,0.55000000000000004,0.49250000000000005,3.0,0.0,5.0,1.0,197.0
0.0,11.0,13.0,1.0,0.44,0.43939999999999996,0.51000000000000001,0.41790000000000005,3.0,0.0,5.0,1.0,194.0
0.0,11.0,14.0,1.0,0.44,0.43939999999999996,0.46999999999999997,0.29850000000000004,3.0,0.0,5.0,1.0,201.0
0.0,11.0,15.0,1.0,0.45999999999999996,0.45450000000000002,0.44,0.3881,3.0,0.0,5.0,1.0,237.0
0.0,11.0,16.0,1.0,0.45999999999999996,0.45450000000000002,0.35999999999999999,0.3881,3.0,0.0,5.0,1.0,290.0
0.0,11.0,17.0,1.0,0.41999999999999998,0.42420000000000002,0.38,0.35820000000000002,3.0,0.0,5.0,1.0,480.0
0.0,11.0,18.0,1.0,0.41999999999999998,0.42420000000000002,0.32000000000000001,0.4627,3.0,0.0,5.0,1.0,374.0
0.0,11.0,19.0,1.0,0.39999999999999997,0.40909999999999996,0.37,0.35820000000000002,3.0,0.0,5.0,1.0,196.0
0.0,11.0,20.0,1.0,0.35999999999999999,0.33329999999999999,0.42999999999999999,0.28360000000000002,3.0,0.0,5.0,1.0,186.0
0.0,11.0,21.0,1.0,0.33999999999999997,0.31819999999999998,0.46000000000000002,0.25370000000000004,3.0,0.0,5.0,1.0,123.0
0.0,11.0,22.0,1.0,0.33999999999999997,0.30299999999999999,0.46000000000000002,0.32840000000000003,3.0,0.0,5.0,1.0,115.0
0.0,11.0,23.0,1.0,0.32000000000000001,0.30299999999999999,0.48999999999999999,0.32840000000000003,3.0,0.0,5.0,1.0,89.0
0.0,11.0,0.0,1.0,0.32000000000000001,0.28789999999999999,0.45000000000000001,0.35820000000000002,3.0,0.0,6.0,0.0,52.0
0.0,11.0,1.0,1.0,0.32000000000000001,0.30299999999999999,0.45000000000000001,0.29850000000000004,3.0,0.0,6.0,0.0,62.0
0.0,11.0,2.0,1.0,0.30000000000000004,0.2727,0.52000000000000002,0.32840000000000003,3.0,0.0,6.0,0.0,31.0
0.0,11.0,3.0,1.0,0.30000000000000004,0.2727,0.52000000000000002,0.29850000000000004,3.0,0.0,6.0,0.0,8.0
0.0,11.0,4.0,1.0,0.28000000000000003,0.2576,0.56000000000000005,0.32840000000000003,3.0,0.0,6.0,0.0,8.0
0.0,11.0,5.0,1.0,0.26000000000000001,0.2273,0.59999999999999998,0.32840000000000003,3.0,0.0,6.0,0.0,2.0
0.0,11.0,6.0,1.0,0.26000000000000001,0.24239999999999998,0.59999999999999998,0.25370000000000004,3.0,0.0,6.0,0.0,23.0
0.0,11.0,7.0,1.0,0.26000000000000001,0.24239999999999998,0.59999999999999998,0.28360000000000002,3.0,0.0,6.0,0.0,34.0
0.0,11.0,8.0,1.0,0.28000000000000003,0.2576,0.56000000000000005,0.32840000000000003,3.0,0.0,6.0,0.0,84.0
0.0,11.0,9.0,1.0,0.30000000000000004,0.2727,0.56000000000000005,0.29850000000000004,3.0,0.0,6.0,0.0,141.0
0.0,11.0,10.0,1.0,0.32000000000000001,0.30299999999999999,0.53000000000000003,0.25370000000000004,3.0,0.0,6.0,0.0,227.0
0.0,11.0,11.0,1.0,0.35999999999999999,0.36359999999999998,0.46000000000000002,0.1045,3.0,0.0,6.0,0.0,238.0
0.0,11.0,12.0,1.0,0.35999999999999999,0.34850000000000003,0.46000000000000002,0.16420000000000001,3.0,0.0,6.0,0.0,372.0
0.0,11.0,13.0,1.0,0.39999999999999997,0.40909999999999996,0.37,0.1045,3.0,0.0,6.0,0.0,355.0
0.0,11.0,14.0,1.0,0.41999999999999998,0.42420000000000002,0.34999999999999998,0.1343,3.0,0.0,6.0,0.0,386.0
0.0,11.0,15.0,1.0,0.39999999999999997,0.40909999999999996,0.37,0.19399999999999998,3.0,0.0,6.0,0.0,343.0
0.0,11.0,16.0,1.0,0.39999999999999997,0.40909999999999996,0.40000000000000002,0.22390000000000002,3.0,0.0,6.0,0.0,335.0
0.0,11.0,17.0,1.0,0.38,0.39390000000000003,0.40000000000000002,0.16420000000000001,3.0,0.0,6.0,0.0,334.0
0.0,11.0,18.0,1.0,0.35999999999999999,0.36359999999999998,0.5,0.089599999999999999,3.0,0.0,6.0,0.0,237.0
0.0,11.0,19.0,1.0,0.33999999999999997,0.36359999999999998,0.53000000000000003,0.0,3.0,0.0,6.0,0.0,204.0
0.0,11.0,20.0,1.0,0.32000000000000001,0.34850000000000003,0.66000000000000003,0.0,3.0,0.0,6.0,0.0,165.0
0.0,11.0,21.0,1.0,0.32000000000000001,0.34850000000000003,0.66000000000000003,0.0,3.0,0.0,6.0,0.0,118.0
0.0,11.0,22.0,1.0,0.30000000000000004,0.33329999999999999,0.65000000000000002,0.0,3.0,0.0,6.0,0.0,82.0
0.0,11.0,23.0,1.0,0.28000000000000003,0.31819999999999998,0.69999999999999996,0.0,3.0,0.0,6.0,0.0,85.0
0.0,11.0,0.0,1.0,0.28000000000000003,0.31819999999999998,0.75,0.0,3.0,0.0,7.0,0.0,75.0
0.0,11.0,1.0,1.0,0.26000000000000001,0.30299999999999999,0.81000000000000005,0.0,3.0,0.0,7.0,0.0,115.0
0.0,11.0,2.0,1.0,0.26000000000000001,0.30299999999999999,0.81000000000000005,0.0,3.0,0.0,7.0,0.0,29.0
0.0,11.0,3.0,1.0,0.23999999999999999,0.28789999999999999,0.87,0.0,3.0,0.0,7.0,0.0,9.0
0.0,11.0,4.0,1.0,0.23999999999999999,0.28789999999999999,0.87,0.0,3.0,0.0,7.0,0.0,6.0
0.0,11.0,5.0,1.0,0.23999999999999999,0.24239999999999998,0.87,0.1343,3.0,0.0,7.0,0.0,5.0
0.0,11.0,6.0,1.0,0.26000000000000001,0.28789999999999999,0.81000000000000005,0.089599999999999999,3.0,0.0,7.0,0.0,16.0
0.0,11.0,7.0,1.0,0.26000000000000001,0.2727,0.87,0.1045,3.0,0.0,7.0,0.0,28.0
0.0,11.0,8.0,2.0,0.28000000000000003,0.30299999999999999,0.87,0.089599999999999999,3.0,0.0,7.0,0.0,90.0
0.0,11.0,9.0,2.0,0.30000000000000004,0.31819999999999998,0.75,0.089599999999999999,3.0,0.0,7.0,0.0,170.0
0.0,11.0,10.0,1.0,0.35999999999999999,0.36359999999999998,0.66000000000000003,0.089599999999999999,3.0,0.0,7.0,0.0,262.0
0.0,11.0,11.0,1.0,0.41999999999999998,0.42420000000000002,0.57999999999999996,0.089599999999999999,3.0,0.0,7.0,0.0,320.0
0.0,11.0,12.0,1.0,0.44,0.43939999999999996,0.54000000000000004,0.0,3.0,0.0,7.0,0.0,346.0
0.0,11.0,13.0,1.0,0.45999999999999996,0.45450000000000002,0.51000000000000001,0.16420000000000001,3.0,0.0,7.0,0.0,314.0
0.0,11.0,14.0,1.0,0.45999999999999996,0.45450000000000002,0.55000000000000004,0.19399999999999998,3.0,0.0,7.0,0.0,320.0
0.0,11.0,15.0,1.0,0.47999999999999998,0.46970000000000001,0.51000000000000001,0.19399999999999998,3.0,0.0,7.0,0.0,306.0
0.0,11.0,16.0,1.0,0.45999999999999996,0.45450000000000002,0.55000000000000004,0.22390000000000002,3.0,0.0,7.0,0.0,347.0
0.0,11.0,17.0,1.0,0.44,0.43939999999999996,0.62,0.16420000000000001,3.0,0.0,7.0,0.0,256.0
0.0,11.0,18.0,1.0,0.41999999999999998,0.42420000000000002,0.70999999999999996,0.1045,3.0,0.0,7.0,0.0,185.0
0.0,11.0,19.0,1.0,0.38,0.39390000000000003,0.76000000000000001,0.19399999999999998,3.0,0.0,7.0,0.0,151.0
0.0,11.0,20.0,1.0,0.35999999999999999,0.36359999999999998,0.81000000000000005,0.1045,3.0,0.0,7.0,0.0,116.0
0.0,11.0,21.0,1.0,0.35999999999999999,0.36359999999999998,0.81000000000000005,0.089599999999999999,3.0,0.0,7.0,0.0,88.0
0.0,11.0,22.0,1.0,0.35999999999999999,0.37880000000000003,0.87,0.0,3.0,0.0,7.0,0.0,45.0
0.0,11.0,23.0,1.0,0.33999999999999997,0.34850000000000003,0.87,0.089599999999999999,3.0,0.0,7.0,0.0,50.0
0.0,11.0,0.0,1.0,0.33999999999999997,0.36359999999999998,0.87,0.0,3.0,0.0,1.0,1.0,15.0
0.0,11.0,1.0,1.0,0.33999999999999997,0.36359999999999998,0.87,0.0,3.0,0.0,1.0,1.0,8.0
0.0,11.0,2.0,1.0,0.32000000000000001,0.34850000000000003,0.93000000000000005,0.0,3.0,0.0,1.0,1.0,2.0
0.0,11.0,3.0,1.0,0.32000000000000001,0.34850000000000003,0.93000000000000005,0.0,3.0,0.0,1.0,1.0,3.0
0.0,11.0,4.0,1.0,0.32000000000000001,0.34850000000000003,0.93000000000000005,0.0,3.0,0.0,1.0,1.0,6.0
0.0,11.0,5.0,1.0,0.30000000000000004,0.33329999999999999,0.93000000000000005,0.0,3.0,0.0,1.0,1.0,26.0
0.0,11.0,6.0,2.0,0.28000000000000003,0.31819999999999998,0.93000000000000005,0.0,3.0,0.0,1.0,1.0,99.0
0.0,11.0,7.0,2.0,0.28000000000000003,0.31819999999999998,0.93000000000000005,0.0,3.0,0.0,1.0,1.0,311.0
0.0,11.0,8.0,2.0,0.30000000000000004,0.31819999999999998,1.0,0.089599999999999999,3.0,0.0,1.0,1.0,410.0
0.0,11.0,9.0,2.0,0.33999999999999997,0.33329999999999999,1.0,0.1343,3.0,0.0,1.0,1.0,174.0
0.0,11.0,10.0,1.0,0.35999999999999999,0.34850000000000003,0.93000000000000005,0.1343,3.0,0.0,1.0,1.0,123.0
0.0,11.0,11.0,1.0,0.41999999999999998,0.42420000000000002,0.77000000000000002,0.1045,3.0,0.0,1.0,1.0,128.0
0.0,11.0,12.0,1.0,0.45999999999999996,0.45450000000000002,0.67000000000000004,0.0,3.0,0.0,1.0,1.0,179.0
0.0,11.0,13.0,1.0,0.54000000000000004,0.51519999999999999,0.48999999999999999,0.089599999999999999,3.0,0.0,1.0,1.0,189.0
0.0,11.0,14.0,1.0,0.56000000000000005,0.53029999999999999,0.37,0.16420000000000001,3.0,0.0,1.0,1.0,145.0
0.0,11.0,15.0,1.0,0.56000000000000005,0.53029999999999999,0.37,0.1045,3.0,0.0,1.0,1.0,170.0
0.0,11.0,16.0,1.0,0.52000000000000002,0.5,0.45000000000000001,0.0,3.0,0.0,1.0,1.0,295.0
0.0,11.0,17.0,1.0,0.5,0.48479999999999995,0.45000000000000001,0.16420000000000001,3.0,0.0,1.0,1.0,528.0
0.0,11.0,18.0,1.0,0.45999999999999996,0.45450000000000002,0.58999999999999997,0.1045,3.0,0.0,1.0,1.0,425.0
0.0,11.0,19.0,1.0,0.45999999999999996,0.45450000000000002,0.58999999999999997,0.0,3.0,0.0,1.0,1.0,300.0
0.0,11.0,20.0,1.0,0.39999999999999997,0.40909999999999996,0.70999999999999996,0.0,3.0,0.0,1.0,1.0,204.0
0.0,11.0,21.0,1.0,0.38,0.39390000000000003,0.81999999999999995,0.1045,3.0,0.0,1.0,1.0,139.0
0.0,11.0,22.0,1.0,0.35999999999999999,0.36359999999999998,0.81000000000000005,0.089599999999999999,3.0,0.0,1.0,1.0,108.0
0.0,11.0,23.0,1.0,0.35999999999999999,0.36359999999999998,0.87,0.089599999999999999,3.0,0.0,1.0,1.0,48.0
0.0,11.0,0.0,1.0,0.33999999999999997,0.34850000000000003,0.87,0.089599999999999999,3.0,0.0,2.0,1.0,18.0
0.0,11.0,1.0,1.0,0.32000000000000001,0.33329999999999999,0.93000000000000005,0.1045,3.0,0.0,2.0,1.0,11.0
0.0,11.0,2.0,1.0,0.32000000000000001,0.34850000000000003,0.87,0.0,3.0,0.0,2.0,1.0,1.0
0.0,11.0,3.0,1.0,0.32000000000000001,0.34850000000000003,0.87,0.0,3.0,0.0,2.0,1.0,3.0
0.0,11.0,4.0,1.0,0.30000000000000004,0.33329999999999999,0.87,0.0,3.0,0.0,2.0,1.0,4.0
0.0,11.0,5.0,1.0,0.30000000000000004,0.31819999999999998,0.87,0.089599999999999999,3.0,0.0,2.0,1.0,18.0
0.0,11.0,6.0,1.0,0.30000000000000004,0.33329999999999999,0.87,0.0,3.0,0.0,2.0,1.0,99.0
0.0,11.0,7.0,1.0,0.30000000000000004,0.31819999999999998,0.87,0.1045,3.0,0.0,2.0,1.0,323.0
0.0,11.0,8.0,1.0,0.32000000000000001,0.33329999999999999,0.93000000000000005,0.1045,3.0,0.0,2.0,1.0,466.0
0.0,11.0,9.0,1.0,0.35999999999999999,0.37880000000000003,0.87,0.0,3.0,0.0,2.0,1.0,191.0
0.0,11.0,10.0,1.0,0.41999999999999998,0.42420000000000002,0.70999999999999996,0.089599999999999999,3.0,0.0,2.0,1.0,129.0
0.0,11.0,11.0,1.0,0.45999999999999996,0.45450000000000002,0.63,0.1343,3.0,0.0,2.0,1.0,147.0
0.0,11.0,12.0,1.0,0.52000000000000002,0.5,0.52000000000000002,0.1343,3.0,0.0,2.0,1.0,203.0
0.0,11.0,13.0,1.0,0.54000000000000004,0.51519999999999999,0.48999999999999999,0.16420000000000001,3.0,0.0,2.0,1.0,196.0
0.0,11.0,14.0,1.0,0.56000000000000005,0.53029999999999999,0.46000000000000002,0.1045,3.0,0.0,2.0,1.0,161.0
0.0,11.0,15.0,1.0,0.58000000000000007,0.54549999999999998,0.46000000000000002,0.1045,3.0,0.0,2.0,1.0,188.0
0.0,11.0,16.0,1.0,0.56000000000000005,0.53029999999999999,0.46000000000000002,0.1343,3.0,0.0,2.0,1.0,289.0
0.0,11.0,17.0,1.0,0.52000000000000002,0.5,0.42999999999999999,0.16420000000000001,3.0,0.0,2.0,1.0,499.0
0.0,11.0,18.0,1.0,0.47999999999999998,0.46970000000000001,0.55000000000000004,0.1343,3.0,0.0,2.0,1.0,462.0
0.0,11.0,19.0,1.0,0.45999999999999996,0.45450000000000002,0.58999999999999997,0.0,3.0,0.0,2.0,1.0,278.0
0.0,11.0,20.0,1.0,0.39999999999999997,0.40909999999999996,0.76000000000000001,0.0,3.0,0.0,2.0,1.0,181.0
0.0,11.0,21.0,1.0,0.39999999999999997,0.40909999999999996,0.76000000000000001,0.0,3.0,0.0,2.0,1.0,182.0
0.0,11.0,22.0,1.0,0.35999999999999999,0.37880000000000003,0.87,0.0,3.0,0.0,2.0,1.0,108.0
0.0,11.0,23.0,1.0,0.35999999999999999,0.37880000000000003,0.81000000000000005,0.0,3.0,0.0,2.0,1.0,48.0
0.0,11.0,0.0,1.0,0.35999999999999999,0.37880000000000003,0.87,0.0,3.0,0.0,3.0,1.0,13.0
0.0,11.0,1.0,1.0,0.33999999999999997,0.36359999999999998,0.87,0.0,3.0,0.0,3.0,1.0,10.0
0.0,11.0,2.0,1.0,0.32000000000000001,0.34850000000000003,0.93000000000000005,0.0,3.0,0.0,3.0,1.0,5.0
0.0,11.0,3.0,1.0,0.32000000000000001,0.34850000000000003,0.93000000000000005,0.0,3.0,0.0,3.0,1.0,4.0
0.0,11.0,4.0,1.0,0.32000000000000001,0.34850000000000003,0.87,0.0,3.0,0.0,3.0,1.0,4.0
0.0,11.0,5.0,1.0,0.30000000000000004,0.33329999999999999,0.87,0.0,3.0,0.0,3.0,1.0,28.0
0.0,11.0,6.0,1.0,0.30000000000000004,0.33329999999999999,0.87,0.0,3.0,0.0,3.0,1.0,98.0
0.0,11.0,7.0,1.0,0.30000000000000004,0.33329999999999999,0.87,0.0,3.0,0.0,3.0,1.0,300.0
0.0,11.0,8.0,1.0,0.32000000000000001,0.34850000000000003,0.93000000000000005,0.0,3.0,0.0,3.0,1.0,456.0
0.0,11.0,9.0,1.0,0.33999999999999997,0.36359999999999998,0.93000000000000005,0.0,3.0,0.0,3.0,1.0,219.0
0.0,11.0,10.0,1.0,0.39999999999999997,0.40909999999999996,0.76000000000000001,0.1045,3.0,0.0,3.0,1.0,105.0
0.0,11.0,11.0,1.0,0.45999999999999996,0.45450000000000002,0.67000000000000004,0.16420000000000001,3.0,0.0,3.0,1.0,152.0
0.0,11.0,12.0,1.0,0.5,0.48479999999999995,0.51000000000000001,0.16420000000000001,3.0,0.0,3.0,1.0,180.0
0.0,11.0,13.0,1.0,0.5,0.48479999999999995,0.51000000000000001,0.16420000000000001,3.0,0.0,3.0,1.0,167.0
0.0,11.0,14.0,1.0,0.52000000000000002,0.5,0.47999999999999998,0.16420000000000001,3.0,0.0,3.0,1.0,179.0
0.0,11.0,15.0,1.0,0.52000000000000002,0.5,0.45000000000000001,0.22390000000000002,3.0,0.0,3.0,1.0,151.0
0.0,11.0,16.0,1.0,0.52000000000000002,0.5,0.47999999999999998,0.19399999999999998,3.0,0.0,3.0,1.0,281.0
0.0,11.0,17.0,1.0,0.45999999999999996,0.45450000000000002,0.63,0.1045,3.0,0.0,3.0,1.0,485.0
0.0,11.0,18.0,1.0,0.44,0.43939999999999996,0.67000000000000004,0.1045,3.0,0.0,3.0,1.0,408.0
0.0,11.0,19.0,1.0,0.44,0.43939999999999996,0.71999999999999997,0.1045,3.0,0.0,3.0,1.0,304.0
0.0,11.0,20.0,1.0,0.44,0.43939999999999996,0.77000000000000002,0.0,3.0,0.0,3.0,1.0,219.0
0.0,11.0,21.0,1.0,0.39999999999999997,0.40909999999999996,0.87,0.0,3.0,0.0,3.0,1.0,161.0
0.0,11.0,22.0,1.0,0.39999999999999997,0.40909999999999996,0.87,0.0,3.0,0.0,3.0,1.0,114.0
0.0,11.0,23.0,1.0,0.38,0.39390000000000003,0.87,0.0,3.0,0.0,3.0,1.0,66.0
0.0,11.0,0.0,1.0,0.39999999999999997,0.40909999999999996,0.87,0.0,3.0,0.0,4.0,1.0,24.0
0.0,11.0,1.0,2.0,0.39999999999999997,0.40909999999999996,0.87,0.0,3.0,0.0,4.0,1.0,11.0
0.0,11.0,2.0,2.0,0.38,0.39390000000000003,0.93999999999999995,0.0,3.0,0.0,4.0,1.0,5.0
0.0,11.0,3.0,1.0,0.38,0.39390000000000003,0.93999999999999995,0.089599999999999999,3.0,0.0,4.0,1.0,11.0
0.0,11.0,4.0,1.0,0.38,0.39390000000000003,0.93999999999999995,0.089599999999999999,3.0,0.0,4.0,1.0,3.0
0.0,11.0,5.0,2.0,0.35999999999999999,0.34850000000000003,1.0,0.1343,3.0,0.0,4.0,1.0,23.0
0.0,11.0,6.0,2.0,0.35999999999999999,0.34850000000000003,1.0,0.1343,3.0,0.0,4.0,1.0,114.0
0.0,11.0,7.0,2.0,0.38,0.39390000000000003,0.93999999999999995,0.16420000000000001,3.0,0.0,4.0,1.0,272.0
0.0,11.0,8.0,2.0,0.39999999999999997,0.40909999999999996,0.93999999999999995,0.089599999999999999,3.0,0.0,4.0,1.0,436.0
0.0,11.0,9.0,2.0,0.41999999999999998,0.42420000000000002,0.93999999999999995,0.1045,3.0,0.0,4.0,1.0,211.0
0.0,11.0,10.0,2.0,0.44,0.43939999999999996,0.88,0.22390000000000002,3.0,0.0,4.0,1.0,117.0
0.0,11.0,11.0,2.0,0.45999999999999996,0.45450000000000002,0.67000000000000004,0.3881,3.0,0.0,4.0,1.0,108.0
0.0,11.0,12.0,2.0,0.41999999999999998,0.42420000000000002,0.67000000000000004,0.35820000000000002,3.0,0.0,4.0,1.0,167.0
0.0,11.0,13.0,3.0,0.35999999999999999,0.33329999999999999,0.81000000000000005,0.35820000000000002,3.0,0.0,4.0,1.0,96.0
0.0,11.0,14.0,3.0,0.35999999999999999,0.33329999999999999,0.87,0.28360000000000002,3.0,0.0,4.0,1.0,64.0
0.0,11.0,15.0,3.0,0.35999999999999999,0.33329999999999999,0.81000000000000005,0.29850000000000004,3.0,0.0,4.0,1.0,62.0
0.0,11.0,16.0,3.0,0.35999999999999999,0.34850000000000003,0.81000000000000005,0.22390000000000002,3.0,0.0,4.0,1.0,73.0
0.0,11.0,17.0,3.0,0.35999999999999999,0.34850000000000003,0.81000000000000005,0.22390000000000002,3.0,0.0,4.0,1.0,177.0
0.0,11.0,18.0,2.0,0.35999999999999999,0.34850000000000003,0.81000000000000005,0.16420000000000001,3.0,0.0,4.0,1.0,273.0
0.0,11.0,19.0,2.0,0.35999999999999999,0.34850000000000003,0.70999999999999996,0.22390000000000002,3.0,0.0,4.0,1.0,211.0
0.0,11.0,20.0,2.0,0.35999999999999999,0.33329999999999999,0.62,0.28360000000000002,3.0,0.0,4.0,1.0,168.0
0.0,11.0,21.0,1.0,0.35999999999999999,0.33329999999999999,0.56999999999999995,0.25370000000000004,3.0,0.0,4.0,1.0,136.0
0.0,11.0,22.0,1.0,0.35999999999999999,0.33329999999999999,0.53000000000000003,0.28360000000000002,3.0,0.0,4.0,1.0,89.0
0.0,11.0,23.0,2.0,0.33999999999999997,0.33329999999999999,0.56999999999999995,0.16420000000000001,3.0,0.0,4.0,1.0,82.0
0.0,11.0,0.0,1.0,0.33999999999999997,0.31819999999999998,0.53000000000000003,0.25370000000000004,3.0,1.0,5.0,1.0,66.0
0.0,11.0,1.0,1.0,0.32000000000000001,0.30299999999999999,0.56999999999999995,0.32840000000000003,3.0,1.0,5.0,1.0,19.0
0.0,11.0,2.0,1.0,0.32000000000000001,0.28789999999999999,0.56999999999999995,0.28360000000000002,3.0,1.0,5.0,1.0,11.0
0.0,11.0,3.0,1.0,0.30000000000000004,0.28789999999999999,0.60999999999999999,0.19399999999999998,3.0,1.0,5.0,1.0,6.0
0.0,11.0,4.0,1.0,0.30000000000000004,0.28789999999999999,0.60999999999999999,0.19399999999999998,3.0,1.0,5.0,1.0,8.0
0.0,11.0,5.0,1.0,0.30000000000000004,0.28789999999999999,0.48999999999999999,0.25370000000000004,3.0,1.0,5.0,1.0,13.0
0.0,11.0,6.0,1.0,0.28000000000000003,0.2576,0.45000000000000001,0.32840000000000003,3.0,1.0,5.0,1.0,46.0
0.0,11.0,7.0,1.0,0.28000000000000003,0.2727,0.45000000000000001,0.25370000000000004,3.0,1.0,5.0,1.0,121.0
0.0,11.0,8.0,1.0,0.30000000000000004,0.2727,0.41999999999999998,0.35820000000000002,3.0,1.0,5.0,1.0,258.0
0.0,11.0,9.0,1.0,0.32000000000000001,0.28789999999999999,0.45000000000000001,0.44780000000000003,3.0,1.0,5.0,1.0,201.0
0.0,11.0,10.0,1.0,0.32000000000000001,0.2727,0.41999999999999998,0.55220000000000002,3.0,1.0,5.0,1.0,200.0
0.0,11.0,11.0,1.0,0.33999999999999997,0.28789999999999999,0.41999999999999998,0.49250000000000005,3.0,1.0,5.0,1.0,170.0
0.0,11.0,12.0,1.0,0.33999999999999997,0.28789999999999999,0.41999999999999998,0.4627,3.0,1.0,5.0,1.0,239.0
0.0,11.0,13.0,1.0,0.38,0.39390000000000003,0.37,0.55220000000000002,3.0,1.0,5.0,1.0,236.0
0.0,11.0,14.0,1.0,0.38,0.39390000000000003,0.37,0.4627,3.0,1.0,5.0,1.0,247.0
0.0,11.0,15.0,1.0,0.35999999999999999,0.33329999999999999,0.37,0.41790000000000005,3.0,1.0,5.0,1.0,216.0
0.0,11.0,16.0,1.0,0.35999999999999999,0.33329999999999999,0.34000000000000002,0.32840000000000003,3.0,1.0,5.0,1.0,238.0
0.0,11.0,17.0,1.0,0.33999999999999997,0.30299999999999999,0.39000000000000001,0.32840000000000003,3.0,1.0,5.0,1.0,310.0
0.0,11.0,18.0,1.0,0.33999999999999997,0.31819999999999998,0.39000000000000001,0.25370000000000004,3.0,1.0,5.0,1.0,208.0
0.0,11.0,19.0,1.0,0.32000000000000001,0.31819999999999998,0.39000000000000001,0.16420000000000001,3.0,1.0,5.0,1.0,199.0
0.0,11.0,20.0,1.0,0.32000000000000001,0.31819999999999998,0.39000000000000001,0.19399999999999998,3.0,1.0,5.0,1.0,109.0
0.0,11.0,21.0,1.0,0.30000000000000004,0.30299999999999999,0.45000000000000001,0.16420000000000001,3.0,1.0,5.0,1.0,83.0
0.0,11.0,22.0,1.0,0.32000000000000001,0.31819999999999998,0.39000000000000001,0.19399999999999998,3.0,1.0,5.0,1.0,91.0
0.0,11.0,23.0,1.0,0.30000000000000004,0.31819999999999998,0.45000000000000001,0.089599999999999999,3.0,1.0,5.0,1.0,73.0
0.0,11.0,0.0,1.0,0.23999999999999999,0.24239999999999998,0.59999999999999998,0.1343,3.0,0.0,6.0,0.0,64.0
0.0,11.0,1.0,1.0,0.23999999999999999,0.24239999999999998,0.59999999999999998,0.1343,3.0,0.0,6.0,0.0,54.0
0.0,11.0,2.0,1.0,0.23999999999999999,0.2576,0.65000000000000002,0.089599999999999999,3.0,0.0,6.0,0.0,46.0
0.0,11.0,3.0,1.0,0.23999999999999999,0.24239999999999998,0.69999999999999996,0.1343,3.0,0.0,6.0,0.0,17.0
0.0,11.0,4.0,1.0,0.19999999999999998,0.21210000000000001,0.80000000000000004,0.1343,3.0,0.0,6.0,0.0,7.0
0.0,11.0,5.0,1.0,0.22,0.2576,0.75,0.089599999999999999,3.0,0.0,6.0,0.0,4.0
0.0,11.0,6.0,1.0,0.22,0.2273,0.75,0.16420000000000001,3.0,0.0,6.0,0.0,7.0
0.0,11.0,7.0,1.0,0.22,0.2273,0.75,0.19399999999999998,3.0,0.0,6.0,0.0,27.0
0.0,11.0,8.0,1.0,0.26000000000000001,0.2576,0.69999999999999996,0.19399999999999998,3.0,0.0,6.0,0.0,101.0
0.0,11.0,9.0,1.0,0.30000000000000004,0.30299999999999999,0.60999999999999999,0.16420000000000001,3.0,0.0,6.0,0.0,160.0
0.0,11.0,10.0,1.0,0.33999999999999997,0.31819999999999998,0.60999999999999999,0.28360000000000002,3.0,0.0,6.0,0.0,232.0
0.0,11.0,11.0,1.0,0.38,0.39390000000000003,0.54000000000000004,0.28360000000000002,3.0,0.0,6.0,0.0,315.0
0.0,11.0,12.0,1.0,0.44,0.43939999999999996,0.44,0.28360000000000002,3.0,0.0,6.0,0.0,366.0
0.0,11.0,13.0,1.0,0.47999999999999998,0.46970000000000001,0.35999999999999999,0.28360000000000002,3.0,0.0,6.0,0.0,353.0
0.0,11.0,14.0,1.0,0.5,0.48479999999999995,0.35999999999999999,0.29850000000000004,3.0,0.0,6.0,0.0,435.0
0.0,11.0,15.0,1.0,0.52000000000000002,0.5,0.28999999999999998,0.28360000000000002,3.0,0.0,6.0,0.0,386.0
0.0,11.0,16.0,1.0,0.52000000000000002,0.5,0.32000000000000001,0.25370000000000004,3.0,0.0,6.0,0.0,361.0
0.0,11.0,17.0,1.0,0.5,0.48479999999999995,0.34000000000000002,0.25370000000000004,3.0,0.0,6.0,0.0,285.0
0.0,11.0,18.0,1.0,0.41999999999999998,0.42420000000000002,0.57999999999999996,0.19399999999999998,3.0,0.0,6.0,0.0,203.0
0.0,11.0,19.0,1.0,0.41999999999999998,0.42420000000000002,0.5,0.25370000000000004,3.0,0.0,6.0,0.0,171.0
0.0,11.0,20.0,1.0,0.41999999999999998,0.42420000000000002,0.5,0.28360000000000002,3.0,0.0,6.0,0.0,132.0
0.0,11.0,21.0,1.0,0.41999999999999998,0.42420000000000002,0.46999999999999997,0.28360000000000002,3.0,0.0,6.0,0.0,122.0
0.0,11.0,22.0,1.0,0.41999999999999998,0.42420000000000002,0.46999999999999997,0.25370000000000004,3.0,0.0,6.0,0.0,118.0
0.0,11.0,23.0,1.0,0.39999999999999997,0.40909999999999996,0.57999999999999996,0.16420000000000001,3.0,0.0,6.0,0.0,101.0
0.0,11.0,0.0,2.0,0.39999999999999997,0.40909999999999996,0.57999999999999996,0.19399999999999998,3.0,0.0,7.0,0.0,73.0
0.0,11.0,1.0,2.0,0.35999999999999999,0.34850000000000003,0.66000000000000003,0.19399999999999998,3.0,0.0,7.0,0.0,71.0
0.0,11.0,2.0,1.0,0.35999999999999999,0.36359999999999998,0.56999999999999995,0.1045,3.0,0.0,7.0,0.0,57.0
0.0,11.0,3.0,2.0,0.35999999999999999,0.34850000000000003,0.62,0.1343,3.0,0.0,7.0,0.0,28.0
0.0,11.0,4.0,2.0,0.35999999999999999,0.34850000000000003,0.62,0.1343,3.0,0.0,7.0,0.0,6.0
0.0,11.0,5.0,1.0,0.33999999999999997,0.33329999999999999,0.60999999999999999,0.16420000000000001,3.0,0.0,7.0,0.0,5.0
0.0,11.0,6.0,1.0,0.33999999999999997,0.33329999999999999,0.66000000000000003,0.1343,3.0,0.0,7.0,0.0,23.0
0.0,11.0,7.0,1.0,0.33999999999999997,0.31819999999999998,0.66000000000000003,0.22390000000000002,3.0,0.0,7.0,0.0,43.0
0.0,11.0,8.0,1.0,0.33999999999999997,0.34850000000000003,0.66000000000000003,0.089599999999999999,3.0,0.0,7.0,0.0,79.0
0.0,11.0,9.0,1.0,0.39999999999999997,0.40909999999999996,0.54000000000000004,0.28360000000000002,3.0,0.0,7.0,0.0,135.0
0.0,11.0,10.0,1.0,0.44,0.43939999999999996,0.44,0.32840000000000003,3.0,0.0,7.0,0.0,241.0
0.0,11.0,11.0,1.0,0.45999999999999996,0.45450000000000002,0.40000000000000002,0.41790000000000005,3.0,0.0,7.0,0.0,295.0
0.0,11.0,12.0,2.0,0.52000000000000002,0.5,0.28999999999999998,0.41790000000000005,3.0,0.0,7.0,0.0,354.0
0.0,11.0,13.0,2.0,0.52000000000000002,0.5,0.28999999999999998,0.41790000000000005,3.0,0.0,7.0,0.0,339.0
0.0,11.0,14.0,2.0,0.54000000000000004,0.51519999999999999,0.28000000000000003,0.49250000000000005,3.0,0.0,7.0,0.0,371.0
0.0,11.0,15.0,2.0,0.5,0.48479999999999995,0.41999999999999998,0.32840000000000003,3.0,0.0,7.0,0.0,310.0
0.0,11.0,16.0,2.0,0.54000000000000004,0.51519999999999999,0.28000000000000003,0.3881,3.0,0.0,7.0,0.0,319.0
0.0,11.0,17.0,1.0,0.52000000000000002,0.5,0.27000000000000002,0.32840000000000003,3.0,0.0,7.0,0.0,231.0
0.0,11.0,18.0,1.0,0.52000000000000002,0.5,0.27000000000000002,0.32840000000000003,3.0,0.0,7.0,0.0,190.0
0.0,11.0,19.0,1.0,0.5,0.48479999999999995,0.28999999999999998,0.35820000000000002,3.0,0.0,7.0,0.0,157.0
0.0,11.0,20.0,1.0,0.5,0.48479999999999995,0.31,0.35820000000000002,3.0,0.0,7.0,0.0,139.0
0.0,11.0,21.0,1.0,0.47999999999999998,0.46970000000000001,0.35999999999999999,0.25370000000000004,3.0,0.0,7.0,0.0,95.0
0.0,11.0,22.0,1.0,0.47999999999999998,0.46970000000000001,0.40999999999999998,0.3881,3.0,0.0,7.0,0.0,89.0
0.0,11.0,23.0,1.0,0.45999999999999996,0.45450000000000002,0.51000000000000001,0.29850000000000004,3.0,0.0,7.0,0.0,67.0
0.0,11.0,0.0,1.0,0.45999999999999996,0.45450000000000002,0.58999999999999997,0.28360000000000002,3.0,0.0,1.0,1.0,30.0
0.0,11.0,1.0,1.0,0.45999999999999996,0.45450000000000002,0.63,0.29850000000000004,3.0,0.0,1.0,1.0,11.0
0.0,11.0,2.0,1.0,0.45999999999999996,0.45450000000000002,0.63,0.35820000000000002,3.0,0.0,1.0,1.0,17.0
0.0,11.0,3.0,1.0,0.44,0.43939999999999996,0.67000000000000004,0.28360000000000002,3.0,0.0,1.0,1.0,7.0
0.0,11.0,4.0,1.0,0.44,0.43939999999999996,0.67000000000000004,0.22390000000000002,3.0,0.0,1.0,1.0,5.0
0.0,11.0,5.0,2.0,0.44,0.43939999999999996,0.67000000000000004,0.25370000000000004,3.0,0.0,1.0,1.0,19.0
0.0,11.0,6.0,2.0,0.44,0.43939999999999996,0.71999999999999997,0.22390000000000002,3.0,0.0,1.0,1.0,114.0
0.0,11.0,7.0,1.0,0.44,0.43939999999999996,0.71999999999999997,0.25370000000000004,3.0,0.0,1.0,1.0,322.0
0.0,11.0,8.0,2.0,0.45999999999999996,0.45450000000000002,0.67000000000000004,0.19399999999999998,3.0,0.0,1.0,1.0,452.0
0.0,11.0,9.0,2.0,0.47999999999999998,0.46970000000000001,0.67000000000000004,0.32840000000000003,3.0,0.0,1.0,1.0,233.0
0.0,11.0,10.0,2.0,0.5,0.48479999999999995,0.63,0.28360000000000002,3.0,0.0,1.0,1.0,111.0
0.0,11.0,11.0,2.0,0.54000000000000004,0.51519999999999999,0.59999999999999998,0.28360000000000002,3.0,0.0,1.0,1.0,128.0
0.0,11.0,12.0,1.0,0.56000000000000005,0.53029999999999999,0.56000000000000005,0.29850000000000004,3.0,0.0,1.0,1.0,202.0
0.0,11.0,13.0,1.0,0.60000000000000009,0.62119999999999997,0.48999999999999999,0.3881,3.0,0.0,1.0,1.0,203.0
0.0,11.0,14.0,1.0,0.62,0.62119999999999997,0.46000000000000002,0.44780000000000003,3.0,0.0,1.0,1.0,185.0
0.0,11.0,15.0,1.0,0.64000000000000001,0.62119999999999997,0.44,0.32840000000000003,3.0,0.0,1.0,1.0,195.0
0.0,11.0,16.0,1.0,0.62,0.62119999999999997,0.46000000000000002,0.41790000000000005,3.0,0.0,1.0,1.0,315.0
0.0,11.0,17.0,1.0,0.62,0.62119999999999997,0.46000000000000002,0.25370000000000004,3.0,0.0,1.0,1.0,519.0
0.0,11.0,18.0,1.0,0.56000000000000005,0.53029999999999999,0.56000000000000005,0.28360000000000002,3.0,0.0,1.0,1.0,489.0
0.0,11.0,19.0,1.0,0.60000000000000009,0.62119999999999997,0.53000000000000003,0.29850000000000004,3.0,0.0,1.0,1.0,302.0
0.0,11.0,20.0,1.0,0.60000000000000009,0.62119999999999997,0.53000000000000003,0.35820000000000002,3.0,0.0,1.0,1.0,240.0
0.0,11.0,21.0,1.0,0.60000000000000009,0.62119999999999997,0.53000000000000003,0.35820000000000002,3.0,0.0,1.0,1.0,213.0
0.0,11.0,22.0,1.0,0.58000000000000007,0.54549999999999998,0.56000000000000005,0.35820000000000002,3.0,0.0,1.0,1.0,113.0
0.0,11.0,23.0,1.0,0.56000000000000005,0.53029999999999999,0.64000000000000001,0.29850000000000004,3.0,0.0,1.0,1.0,61.0
0.0,11.0,0.0,1.0,0.56000000000000005,0.53029999999999999,0.64000000000000001,0.35820000000000002,3.0,0.0,2.0,1.0,22.0
0.0,11.0,1.0,1.0,0.56000000000000005,0.53029999999999999,0.59999999999999998,0.29850000000000004,3.0,0.0,2.0,1.0,10.0
0.0,11.0,2.0,1.0,0.56000000000000005,0.53029999999999999,0.64000000000000001,0.25370000000000004,3.0,0.0,2.0,1.0,15.0
0.0,11.0,3.0,2.0,0.54000000000000004,0.51519999999999999,0.68000000000000005,0.32840000000000003,3.0,0.0,2.0,1.0,4.0
0.0,11.0,4.0,1.0,0.56000000000000005,0.53029999999999999,0.64000000000000001,0.29850000000000004,3.0,0.0,2.0,1.0,7.0
0.0,11.0,5.0,1.0,0.54000000000000004,0.51519999999999999,0.68000000000000005,0.28360000000000002,3.0,0.0,2.0,1.0,28.0
0.0,11.0,6.0,2.0,0.56000000000000005,0.53029999999999999,0.64000000000000001,0.089599999999999999,3.0,0.0,2.0,1.0,108.0
0.0,11.0,7.0,2.0,0.54000000000000004,0.51519999999999999,0.68000000000000005,0.16420000000000001,3.0,0.0,2.0,1.0,319.0
0.0,11.0,8.0,2.0,0.54000000000000004,0.51519999999999999,0.68000000000000005,0.1045,3.0,0.0,2.0,1.0,480.0
0.0,11.0,9.0,2.0,0.56000000000000005,0.53029999999999999,0.64000000000000001,0.089599999999999999,3.0,0.0,2.0,1.0,200.0
0.0,11.0,10.0,2.0,0.56000000000000005,0.53029999999999999,0.64000000000000001,0.28360000000000002,3.0,0.0,2.0,1.0,138.0
0.0,11.0,11.0,2.0,0.56000000000000005,0.53029999999999999,0.64000000000000001,0.19399999999999998,3.0,0.0,2.0,1.0,134.0
0.0,11.0,12.0,2.0,0.54000000000000004,0.51519999999999999,0.68000000000000005,0.0,3.0,0.0,2.0,1.0,176.0
0.0,11.0,13.0,3.0,0.54000000000000004,0.51519999999999999,0.59999999999999998,0.22390000000000002,3.0,0.0,2.0,1.0,153.0
0.0,11.0,14.0,2.0,0.54000000000000004,0.51519999999999999,0.59999999999999998,0.28360000000000002,3.0,0.0,2.0,1.0,147.0
0.0,11.0,15.0,2.0,0.54000000000000004,0.51519999999999999,0.59999999999999998,0.1343,3.0,0.0,2.0,1.0,191.0
0.0,11.0,16.0,2.0,0.52000000000000002,0.5,0.68000000000000005,0.1343,3.0,0.0,2.0,1.0,271.0
0.0,11.0,17.0,2.0,0.5,0.48479999999999995,0.71999999999999997,0.19399999999999998,3.0,0.0,2.0,1.0,451.0
0.0,11.0,18.0,2.0,0.5,0.48479999999999995,0.71999999999999997,0.28360000000000002,3.0,0.0,2.0,1.0,441.0
0.0,11.0,19.0,2.0,0.5,0.48479999999999995,0.71999999999999997,0.35820000000000002,3.0,0.0,2.0,1.0,286.0
0.0,11.0,20.0,2.0,0.47999999999999998,0.46970000000000001,0.81999999999999995,0.1343,3.0,0.0,2.0,1.0,238.0
0.0,11.0,21.0,2.0,0.5,0.48479999999999995,0.77000000000000002,0.089599999999999999,3.0,0.0,2.0,1.0,168.0
0.0,11.0,22.0,2.0,0.45999999999999996,0.45450000000000002,0.88,0.1045,3.0,0.0,2.0,1.0,128.0
0.0,11.0,23.0,2.0,0.45999999999999996,0.45450000000000002,0.93999999999999995,0.1045,3.0,0.0,2.0,1.0,80.0
0.0,11.0,0.0,2.0,0.45999999999999996,0.45450000000000002,0.93999999999999995,0.0,3.0,0.0,3.0,1.0,31.0
0.0,11.0,1.0,3.0,0.45999999999999996,0.45450000000000002,0.93999999999999995,0.089599999999999999,3.0,0.0,3.0,1.0,5.0
0.0,11.0,2.0,2.0,0.45999999999999996,0.45450000000000002,0.93999999999999995,0.1045,3.0,0.0,3.0,1.0,10.0
0.0,11.0,3.0,2.0,0.45999999999999996,0.45450000000000002,0.93999999999999995,0.1045,3.0,0.0,3.0,1.0,5.0
0.0,11.0,4.0,2.0,0.44,0.43939999999999996,1.0,0.22390000000000002,3.0,0.0,3.0,1.0,4.0
0.0,11.0,5.0,3.0,0.45999999999999996,0.45450000000000002,0.93999999999999995,0.1045,3.0,0.0,3.0,1.0,13.0
0.0,11.0,6.0,2.0,0.45999999999999996,0.45450000000000002,0.93999999999999995,0.089599999999999999,3.0,0.0,3.0,1.0,56.0
0.0,11.0,7.0,3.0,0.45999999999999996,0.45450000000000002,0.93999999999999995,0.0,3.0,0.0,3.0,1.0,137.0
0.0,11.0,8.0,3.0,0.45999999999999996,0.45450000000000002,0.93999999999999995,0.0,3.0,0.0,3.0,1.0,232.0
0.0,11.0,9.0,3.0,0.45999999999999996,0.45450000000000002,0.93999999999999995,0.0,3.0,0.0,3.0,1.0,82.0
0.0,11.0,10.0,3.0,0.45999999999999996,0.45450000000000002,0.93999999999999995,0.0,3.0,0.0,3.0,1.0,36.0
0.0,11.0,11.0,3.0,0.45999999999999996,0.45450000000000002,0.93999999999999995,0.089599999999999999,3.0,0.0,3.0,1.0,60.0
0.0,11.0,12.0,3.0,0.45999999999999996,0.45450000000000002,1.0,0.0,3.0,0.0,3.0,1.0,54.0
0.0,11.0,13.0,3.0,0.45999999999999996,0.45450000000000002,0.93999999999999995,0.1343,3.0,0.0,3.0,1.0,58.0
0.0,11.0,14.0,2.0,0.45999999999999996,0.45450000000000002,1.0,0.1343,3.0,0.0,3.0,1.0,61.0
0.0,11.0,15.0,3.0,0.47999999999999998,0.46970000000000001,0.93999999999999995,0.1045,3.0,0.0,3.0,1.0,66.0
0.0,11.0,16.0,3.0,0.47999999999999998,0.46970000000000001,0.93999999999999995,0.1045,3.0,0.0,3.0,1.0,123.0
0.0,11.0,17.0,2.0,0.47999999999999998,0.46970000000000001,0.88,0.19399999999999998,3.0,0.0,3.0,1.0,233.0
0.0,11.0,18.0,3.0,0.45999999999999996,0.45450000000000002,0.88,0.3881,3.0,0.0,3.0,1.0,189.0
0.0,11.0,19.0,3.0,0.45999999999999996,0.45450000000000002,0.88,0.3881,3.0,0.0,3.0,1.0,111.0
0.0,11.0,20.0,3.0,0.44,0.43939999999999996,0.88,0.3881,3.0,0.0,3.0,1.0,99.0
0.0,11.0,21.0,3.0,0.44,0.43939999999999996,0.88,0.28360000000000002,3.0,0.0,3.0,1.0,75.0
0.0,11.0,22.0,3.0,0.41999999999999998,0.42420000000000002,0.88,0.22390000000000002,3.0,0.0,3.0,1.0,46.0
0.0,11.0,23.0,3.0,0.41999999999999998,0.42420000000000002,0.88,0.1343,3.0,0.0,3.0,1.0,31.0
0.0,11.0,0.0,2.0,0.41999999999999998,0.42420000000000002,0.88,0.25370000000000004,3.0,0.0,4.0,1.0,24.0
0.0,11.0,1.0,2.0,0.41999999999999998,0.42420000000000002,0.81999999999999995,0.16420000000000001,3.0,0.0,4.0,1.0,5.0
0.0,11.0,2.0,2.0,0.41999999999999998,0.42420000000000002,0.81999999999999995,0.22390000000000002,3.0,0.0,4.0,1.0,5.0
0.0,11.0,3.0,2.0,0.41999999999999998,0.42420000000000002,0.77000000000000002,0.32840000000000003,3.0,0.0,4.0,1.0,3.0
0.0,11.0,4.0,2.0,0.39999999999999997,0.40909999999999996,0.62,0.41790000000000005,3.0,0.0,4.0,1.0,4.0
0.0,11.0,5.0,3.0,0.33999999999999997,0.30299999999999999,0.70999999999999996,0.32840000000000003,3.0,0.0,4.0,1.0,22.0
0.0,11.0,6.0,3.0,0.35999999999999999,0.34850000000000003,0.56999999999999995,0.22390000000000002,3.0,0.0,4.0,1.0,75.0
0.0,11.0,7.0,3.0,0.33999999999999997,0.31819999999999998,0.60999999999999999,0.28360000000000002,3.0,0.0,4.0,1.0,168.0
0.0,11.0,8.0,3.0,0.33999999999999997,0.30299999999999999,0.60999999999999999,0.29850000000000004,3.0,0.0,4.0,1.0,355.0
0.0,11.0,9.0,2.0,0.33999999999999997,0.30299999999999999,0.60999999999999999,0.32840000000000003,3.0,0.0,4.0,1.0,198.0
0.0,11.0,10.0,2.0,0.33999999999999997,0.30299999999999999,0.60999999999999999,0.32840000000000003,3.0,0.0,4.0,1.0,81.0
0.0,11.0,11.0,3.0,0.32000000000000001,0.30299999999999999,0.66000000000000003,0.32840000000000003,3.0,0.0,4.0,1.0,97.0
0.0,11.0,12.0,2.0,0.33999999999999997,0.30299999999999999,0.53000000000000003,0.29850000000000004,3.0,0.0,4.0,1.0,121.0
0.0,11.0,13.0,2.0,0.33999999999999997,0.30299999999999999,0.48999999999999999,0.44780000000000003,3.0,0.0,4.0,1.0,124.0
0.0,11.0,14.0,2.0,0.33999999999999997,0.30299999999999999,0.48999999999999999,0.3881,3.0,0.0,4.0,1.0,110.0
0.0,11.0,15.0,2.0,0.33999999999999997,0.30299999999999999,0.48999999999999999,0.44780000000000003,3.0,0.0,4.0,1.0,116.0
0.0,11.0,16.0,1.0,0.32000000000000001,0.28789999999999999,0.39000000000000001,0.41790000000000005,3.0,0.0,4.0,1.0,195.0
0.0,11.0,17.0,1.0,0.32000000000000001,0.28789999999999999,0.41999999999999998,0.3881,3.0,0.0,4.0,1.0,399.0
0.0,11.0,18.0,1.0,0.32000000000000001,0.31819999999999998,0.39000000000000001,0.19399999999999998,3.0,0.0,4.0,1.0,307.0
0.0,11.0,19.0,1.0,0.30000000000000004,0.28789999999999999,0.45000000000000001,0.22390000000000002,3.0,0.0,4.0,1.0,217.0
0.0,11.0,20.0,1.0,0.30000000000000004,0.28789999999999999,0.41999999999999998,0.28360000000000002,3.0,0.0,4.0,1.0,169.0
0.0,11.0,21.0,1.0,0.30000000000000004,0.28789999999999999,0.41999999999999998,0.25370000000000004,3.0,0.0,4.0,1.0,116.0
0.0,11.0,22.0,1.0,0.26000000000000001,0.24239999999999998,0.52000000000000002,0.25370000000000004,3.0,0.0,4.0,1.0,84.0
0.0,11.0,23.0,1.0,0.26000000000000001,0.2576,0.52000000000000002,0.22390000000000002,3.0,0.0,4.0,1.0,58.0
0.0,11.0,0.0,1.0,0.26000000000000001,0.2576,0.47999999999999998,0.16420000000000001,3.0,0.0,5.0,1.0,30.0
0.0,11.0,1.0,1.0,0.26000000000000001,0.2273,0.44,0.32840000000000003,3.0,0.0,5.0,1.0,10.0
0.0,11.0,2.0,1.0,0.23999999999999999,0.2273,0.44,0.22390000000000002,3.0,0.0,5.0,1.0,10.0
0.0,11.0,3.0,1.0,0.23999999999999999,0.21210000000000001,0.40999999999999998,0.28360000000000002,3.0,0.0,5.0,1.0,2.0
0.0,11.0,4.0,1.0,0.22,0.2273,0.44,0.16420000000000001,3.0,0.0,5.0,1.0,5.0
0.0,11.0,5.0,1.0,0.22,0.2273,0.44,0.1343,3.0,0.0,5.0,1.0,22.0
0.0,11.0,6.0,1.0,0.22,0.2576,0.44,0.089599999999999999,3.0,0.0,5.0,1.0,71.0
0.0,11.0,7.0,1.0,0.22,0.2273,0.44,0.16420000000000001,3.0,0.0,5.0,1.0,216.0
0.0,11.0,8.0,1.0,0.22,0.2273,0.44,0.19399999999999998,3.0,0.0,5.0,1.0,375.0
0.0,11.0,9.0,1.0,0.26000000000000001,0.2576,0.40999999999999998,0.19399999999999998,3.0,0.0,5.0,1.0,213.0
0.0,11.0,10.0,1.0,0.26000000000000001,0.24239999999999998,0.40999999999999998,0.28360000000000002,3.0,0.0,5.0,1.0,115.0
0.0,11.0,11.0,1.0,0.30000000000000004,0.30299999999999999,0.35999999999999999,0.1343,3.0,0.0,5.0,1.0,140.0
0.0,11.0,12.0,1.0,0.32000000000000001,0.33329999999999999,0.33000000000000002,0.0,3.0,0.0,5.0,1.0,165.0
0.0,11.0,13.0,1.0,0.33999999999999997,0.31819999999999998,0.31,0.22390000000000002,3.0,0.0,5.0,1.0,177.0
0.0,11.0,14.0,1.0,0.33999999999999997,0.33329999999999999,0.31,0.1343,3.0,0.0,5.0,1.0,154.0
0.0,11.0,15.0,1.0,0.33999999999999997,0.33329999999999999,0.28999999999999998,0.1343,3.0,0.0,5.0,1.0,178.0
0.0,11.0,16.0,1.0,0.33999999999999997,0.33329999999999999,0.28999999999999998,0.1343,3.0,0.0,5.0,1.0,209.0
0.0,11.0,17.0,1.0,0.32000000000000001,0.33329999999999999,0.31,0.1343,3.0,0.0,5.0,1.0,378.0
0.0,11.0,18.0,1.0,0.30000000000000004,0.30299999999999999,0.35999999999999999,0.16420000000000001,3.0,0.0,5.0,1.0,328.0
0.0,11.0,19.0,1.0,0.28000000000000003,0.2727,0.40999999999999998,0.16420000000000001,3.0,0.0,5.0,1.0,190.0
0.0,11.0,20.0,1.0,0.28000000000000003,0.2727,0.47999999999999998,0.19399999999999998,3.0,0.0,5.0,1.0,137.0
0.0,11.0,21.0,1.0,0.28000000000000003,0.2727,0.47999999999999998,0.16420000000000001,3.0,0.0,5.0,1.0,111.0
0.0,11.0,22.0,1.0,0.26000000000000001,0.2727,0.52000000000000002,0.1045,3.0,0.0,5.0,1.0,97.0
0.0,11.0,23.0,1.0,0.26000000000000001,0.2727,0.59999999999999998,0.1343,3.0,0.0,5.0,1.0,59.0
0.0,11.0,0.0,1.0,0.26000000000000001,0.2576,0.56000000000000005,0.19399999999999998,3.0,0.0,6.0,0.0,53.0
0.0,11.0,1.0,1.0,0.26000000000000001,0.2273,0.52000000000000002,0.29850000000000004,3.0,0.0,6.0,0.0,35.0
0.0,11.0,2.0,1.0,0.23999999999999999,0.24239999999999998,0.56000000000000005,0.16420000000000001,3.0,0.0,6.0,0.0,46.0
0.0,11.0,3.0,1.0,0.26000000000000001,0.24239999999999998,0.47999999999999998,0.25370000000000004,3.0,0.0,6.0,0.0,15.0
0.0,11.0,4.0,1.0,0.26000000000000001,0.2273,0.47999999999999998,0.32840000000000003,3.0,0.0,6.0,0.0,8.0
0.0,11.0,5.0,1.0,0.23999999999999999,0.2273,0.56000000000000005,0.25370000000000004,3.0,0.0,6.0,0.0,2.0
0.0,11.0,6.0,1.0,0.23999999999999999,0.21210000000000001,0.59999999999999998,0.32840000000000003,3.0,0.0,6.0,0.0,12.0
0.0,11.0,7.0,1.0,0.23999999999999999,0.2273,0.59999999999999998,0.25370000000000004,3.0,0.0,6.0,0.0,41.0
0.0,11.0,8.0,1.0,0.26000000000000001,0.24239999999999998,0.56000000000000005,0.25370000000000004,3.0,0.0,6.0,0.0,92.0
0.0,11.0,9.0,1.0,0.28000000000000003,0.2576,0.52000000000000002,0.29850000000000004,3.0,0.0,6.0,0.0,142.0
0.0,11.0,10.0,1.0,0.32000000000000001,0.30299999999999999,0.45000000000000001,0.25370000000000004,3.0,0.0,6.0,0.0,200.0
0.0,11.0,11.0,1.0,0.35999999999999999,0.37880000000000003,0.40000000000000002,0.0,3.0,0.0,6.0,0.0,233.0
0.0,11.0,12.0,1.0,0.39999999999999997,0.40909999999999996,0.34999999999999998,0.28360000000000002,3.0,0.0,6.0,0.0,311.0
0.0,11.0,13.0,1.0,0.41999999999999998,0.42420000000000002,0.29999999999999999,0.28360000000000002,3.0,0.0,6.0,0.0,363.0
0.0,11.0,14.0,1.0,0.41999999999999998,0.42420000000000002,0.32000000000000001,0.29850000000000004,3.0,0.0,6.0,0.0,349.0
0.0,11.0,15.0,1.0,0.41999999999999998,0.42420000000000002,0.40999999999999998,0.19399999999999998,3.0,0.0,6.0,0.0,382.0
0.0,11.0,16.0,1.0,0.41999999999999998,0.42420000000000002,0.38,0.29850000000000004,3.0,0.0,6.0,0.0,287.0
0.0,11.0,17.0,1.0,0.39999999999999997,0.40909999999999996,0.40000000000000002,0.19399999999999998,3.0,0.0,6.0,0.0,232.0
0.0,11.0,18.0,1.0,0.38,0.39390000000000003,0.46000000000000002,0.1343,3.0,0.0,6.0,0.0,208.0
0.0,11.0,19.0,2.0,0.33999999999999997,0.33329999999999999,0.70999999999999996,0.1343,3.0,0.0,6.0,0.0,182.0
0.0,11.0,20.0,2.0,0.35999999999999999,0.36359999999999998,0.56999999999999995,0.1045,3.0,0.0,6.0,0.0,163.0
0.0,11.0,21.0,2.0,0.35999999999999999,0.34850000000000003,0.62,0.19399999999999998,3.0,0.0,6.0,0.0,108.0
0.0,11.0,22.0,2.0,0.38,0.39390000000000003,0.62,0.16420000000000001,3.0,0.0,6.0,0.0,106.0
0.0,11.0,23.0,1.0,0.38,0.39390000000000003,0.62,0.22390000000000002,3.0,0.0,6.0,0.0,93.0
0.0,11.0,0.0,1.0,0.38,0.39390000000000003,0.66000000000000003,0.16420000000000001,3.0,0.0,7.0,0.0,93.0
0.0,11.0,1.0,1.0,0.39999999999999997,0.40909999999999996,0.62,0.25370000000000004,3.0,0.0,7.0,0.0,84.0
0.0,11.0,2.0,1.0,0.39999999999999997,0.40909999999999996,0.62,0.28360000000000002,3.0,0.0,7.0,0.0,56.0
0.0,11.0,3.0,2.0,0.39999999999999997,0.40909999999999996,0.66000000000000003,0.28360000000000002,3.0,0.0,7.0,0.0,37.0
0.0,11.0,4.0,2.0,0.39999999999999997,0.40909999999999996,0.70999999999999996,0.28360000000000002,3.0,0.0,7.0,0.0,12.0
0.0,11.0,5.0,2.0,0.41999999999999998,0.42420000000000002,0.67000000000000004,0.28360000000000002,3.0,0.0,7.0,0.0,4.0
0.0,11.0,6.0,2.0,0.41999999999999998,0.42420000000000002,0.67000000000000004,0.25370000000000004,3.0,0.0,7.0,0.0,9.0
0.0,11.0,7.0,1.0,0.41999999999999998,0.42420000000000002,0.67000000000000004,0.22390000000000002,3.0,0.0,7.0,0.0,23.0
0.0,11.0,8.0,2.0,0.41999999999999998,0.42420000000000002,0.70999999999999996,0.28360000000000002,3.0,0.0,7.0,0.0,65.0
0.0,11.0,9.0,1.0,0.44,0.43939999999999996,0.71999999999999997,0.16420000000000001,3.0,0.0,7.0,0.0,138.0
0.0,11.0,10.0,2.0,0.44,0.43939999999999996,0.71999999999999997,0.1045,3.0,0.0,7.0,0.0,229.0
0.0,11.0,11.0,2.0,0.5,0.48479999999999995,0.63,0.1045,3.0,0.0,7.0,0.0,286.0
0.0,11.0,12.0,2.0,0.5,0.48479999999999995,0.63,0.1343,3.0,0.0,7.0,0.0,304.0
0.0,11.0,13.0,2.0,0.54000000000000004,0.51519999999999999,0.59999999999999998,0.19399999999999998,3.0,0.0,7.0,0.0,369.0
0.0,11.0,14.0,1.0,0.52000000000000002,0.5,0.63,0.25370000000000004,3.0,0.0,7.0,0.0,363.0
0.0,11.0,15.0,2.0,0.52000000000000002,0.5,0.68000000000000005,0.19399999999999998,3.0,0.0,7.0,0.0,351.0
0.0,11.0,16.0,2.0,0.52000000000000002,0.5,0.63,0.1343,3.0,0.0,7.0,0.0,306.0
0.0,11.0,17.0,2.0,0.52000000000000002,0.5,0.63,0.19399999999999998,3.0,0.0,7.0,0.0,203.0
0.0,11.0,18.0,2.0,0.54000000000000004,0.51519999999999999,0.64000000000000001,0.19399999999999998,3.0,0.0,7.0,0.0,145.0
0.0,11.0,19.0,2.0,0.5,0.48479999999999995,0.71999999999999997,0.1045,3.0,0.0,7.0,0.0,157.0
0.0,11.0,20.0,2.0,0.52000000000000002,0.5,0.68000000000000005,0.1045,3.0,0.0,7.0,0.0,113.0
0.0,11.0,21.0,2.0,0.47999999999999998,0.46970000000000001,0.77000000000000002,0.089599999999999999,3.0,0.0,7.0,0.0,105.0
0.0,11.0,22.0,3.0,0.45999999999999996,0.45450000000000002,0.88,0.089599999999999999,3.0,0.0,7.0,0.0,40.0
0.0,11.0,23.0,3.0,0.45999999999999996,0.45450000000000002,0.88,0.089599999999999999,3.0,0.0,7.0,0.0,28.0
0.0,11.0,0.0,2.0,0.45999999999999996,0.45450000000000002,0.93999999999999995,0.0,3.0,0.0,1.0,1.0,17.0
0.0,11.0,1.0,3.0,0.45999999999999996,0.45450000000000002,0.93999999999999995,0.19399999999999998,3.0,0.0,1.0,1.0,12.0
0.0,11.0,2.0,3.0,0.44,0.43939999999999996,1.0,0.19399999999999998,3.0,0.0,1.0,1.0,3.0
0.0,11.0,3.0,3.0,0.44,0.43939999999999996,1.0,0.1343,3.0,0.0,1.0,1.0,4.0
0.0,11.0,4.0,3.0,0.44,0.43939999999999996,1.0,0.1343,3.0,0.0,1.0,1.0,5.0
0.0,11.0,5.0,2.0,0.44,0.43939999999999996,1.0,0.0,3.0,0.0,1.0,1.0,20.0
0.0,11.0,6.0,2.0,0.41999999999999998,0.42420000000000002,1.0,0.0,3.0,0.0,1.0,1.0,76.0
0.0,11.0,7.0,2.0,0.45999999999999996,0.45450000000000002,0.93999999999999995,0.16420000000000001,3.0,0.0,1.0,1.0,246.0
0.0,11.0,8.0,2.0,0.45999999999999996,0.45450000000000002,0.93999999999999995,0.0,3.0,0.0,1.0,1.0,391.0
0.0,11.0,9.0,2.0,0.47999999999999998,0.46970000000000001,0.93999999999999995,0.1045,3.0,0.0,1.0,1.0,237.0
0.0,11.0,10.0,2.0,0.52000000000000002,0.5,0.82999999999999996,0.0,3.0,0.0,1.0,1.0,135.0
0.0,11.0,11.0,2.0,0.52000000000000002,0.5,0.82999999999999996,0.1045,3.0,0.0,1.0,1.0,128.0
0.0,11.0,12.0,2.0,0.5,0.48479999999999995,0.77000000000000002,0.1343,3.0,0.0,1.0,1.0,162.0
0.0,11.0,13.0,2.0,0.5,0.48479999999999995,0.77000000000000002,0.1343,3.0,0.0,1.0,1.0,134.0
0.0,11.0,14.0,2.0,0.47999999999999998,0.46970000000000001,0.81999999999999995,0.19399999999999998,3.0,0.0,1.0,1.0,135.0
0.0,11.0,15.0,3.0,0.44,0.43939999999999996,0.93999999999999995,0.22390000000000002,3.0,0.0,1.0,1.0,108.0
0.0,11.0,16.0,3.0,0.44,0.43939999999999996,0.93999999999999995,0.22390000000000002,3.0,0.0,1.0,1.0,108.0
0.0,11.0,17.0,3.0,0.41999999999999998,0.42420000000000002,0.93999999999999995,0.29850000000000004,3.0,0.0,1.0,1.0,210.0
0.0,11.0,18.0,3.0,0.41999999999999998,0.42420000000000002,0.88,0.19399999999999998,3.0,0.0,1.0,1.0,192.0
0.0,11.0,19.0,3.0,0.39999999999999997,0.40909999999999996,0.93999999999999995,0.19399999999999998,3.0,0.0,1.0,1.0,137.0
0.0,11.0,20.0,3.0,0.39999999999999997,0.40909999999999996,0.87,0.22390000000000002,3.0,0.0,1.0,1.0,80.0
0.0,11.0,21.0,3.0,0.39999999999999997,0.40909999999999996,0.87,0.16420000000000001,3.0,0.0,1.0,1.0,114.0
0.0,11.0,22.0,3.0,0.39999999999999997,0.40909999999999996,0.87,0.1343,3.0,0.0,1.0,1.0,78.0
0.0,11.0,23.0,3.0,0.39999999999999997,0.40909999999999996,0.87,0.16420000000000001,3.0,0.0,1.0,1.0,33.0
0.0,11.0,0.0,3.0,0.38,0.39390000000000003,0.93999999999999995,0.1045,3.0,0.0,2.0,1.0,14.0
0.0,11.0,1.0,3.0,0.39999999999999997,0.40909999999999996,0.93999999999999995,0.1343,3.0,0.0,2.0,1.0,6.0
0.0,11.0,2.0,3.0,0.38,0.39390000000000003,1.0,0.1045,3.0,0.0,2.0,1.0,6.0
0.0,11.0,3.0,3.0,0.38,0.39390000000000003,1.0,0.1045,3.0,0.0,2.0,1.0,3.0
0.0,11.0,4.0,3.0,0.38,0.39390000000000003,0.93999999999999995,0.16420000000000001,3.0,0.0,2.0,1.0,7.0
0.0,11.0,5.0,3.0,0.38,0.39390000000000003,0.93999999999999995,0.16420000000000001,3.0,0.0,2.0,1.0,18.0
0.0,11.0,6.0,2.0,0.38,0.39390000000000003,0.93999999999999995,0.1045,3.0,0.0,2.0,1.0,64.0
0.0,11.0,7.0,3.0,0.38,0.39390000000000003,0.93999999999999995,0.22390000000000002,3.0,0.0,2.0,1.0,121.0
0.0,11.0,8.0,3.0,0.38,0.39390000000000003,0.93999999999999995,0.22390000000000002,3.0,0.0,2.0,1.0,190.0
0.0,11.0,9.0,3.0,0.39999999999999997,0.40909999999999996,0.93999999999999995,0.0,3.0,0.0,2.0,1.0,149.0
0.0,11.0,10.0,3.0,0.39999999999999997,0.40909999999999996,0.93999999999999995,0.0,3.0,0.0,2.0,1.0,52.0
0.0,11.0,11.0,3.0,0.39999999999999997,0.40909999999999996,0.93999999999999995,0.1343,3.0,0.0,2.0,1.0,32.0
0.0,11.0,12.0,3.0,0.39999999999999997,0.40909999999999996,1.0,0.089599999999999999,3.0,0.0,2.0,1.0,21.0
0.0,11.0,13.0,3.0,0.41999999999999998,0.42420000000000002,1.0,0.089599999999999999,3.0,0.0,2.0,1.0,26.0
0.0,11.0,14.0,3.0,0.41999999999999998,0.42420000000000002,1.0,0.089599999999999999,3.0,0.0,2.0,1.0,35.0
0.0,11.0,15.0,3.0,0.44,0.43939999999999996,0.93999999999999995,0.0,3.0,0.0,2.0,1.0,34.0
0.0,11.0,16.0,3.0,0.44,0.43939999999999996,0.93999999999999995,0.0,3.0,0.0,2.0,1.0,62.0
0.0,11.0,17.0,3.0,0.44,0.43939999999999996,1.0,0.089599999999999999,3.0,0.0,2.0,1.0,165.0
0.0,11.0,18.0,3.0,0.44,0.43939999999999996,1.0,0.0,3.0,0.0,2.0,1.0,148.0
0.0,11.0,19.0,3.0,0.45999999999999996,0.45450000000000002,0.93999999999999995,0.1045,3.0,0.0,2.0,1.0,111.0
0.0,11.0,20.0,2.0,0.45999999999999996,0.45450000000000002,1.0,0.22390000000000002,3.0,0.0,2.0,1.0,127.0
0.0,11.0,21.0,2.0,0.45999999999999996,0.45450000000000002,1.0,0.25370000000000004,3.0,0.0,2.0,1.0,90.0
0.0,11.0,22.0,2.0,0.5,0.48479999999999995,0.93999999999999995,0.19399999999999998,3.0,0.0,2.0,1.0,87.0
0.0,11.0,23.0,2.0,0.47999999999999998,0.46970000000000001,0.93999999999999995,0.25370000000000004,3.0,0.0,2.0,1.0,39.0
0.0,11.0,0.0,2.0,0.47999999999999998,0.46970000000000001,0.93999999999999995,0.25370000000000004,3.0,0.0,3.0,1.0,16.0
0.0,11.0,1.0,2.0,0.47999999999999998,0.46970000000000001,0.93999999999999995,0.29850000000000004,3.0,0.0,3.0,1.0,8.0
0.0,11.0,2.0,3.0,0.5,0.48479999999999995,0.93999999999999995,0.35820000000000002,3.0,0.0,3.0,1.0,6.0
0.0,11.0,3.0,3.0,0.5,0.48479999999999995,0.93999999999999995,0.35820000000000002,3.0,0.0,3.0,1.0,3.0
0.0,11.0,4.0,3.0,0.52000000000000002,0.5,0.88,0.35820000000000002,3.0,0.0,3.0,1.0,5.0
0.0,11.0,5.0,2.0,0.45999999999999996,0.45450000000000002,0.93999999999999995,0.19399999999999998,3.0,0.0,3.0,1.0,17.0
0.0,11.0,6.0,2.0,0.44,0.43939999999999996,1.0,0.0,3.0,0.0,3.0,1.0,69.0
0.0,11.0,7.0,2.0,0.45999999999999996,0.45450000000000002,1.0,0.089599999999999999,3.0,0.0,3.0,1.0,156.0
0.0,11.0,8.0,2.0,0.47999999999999998,0.46970000000000001,0.93999999999999995,0.1045,3.0,0.0,3.0,1.0,323.0
0.0,11.0,9.0,2.0,0.52000000000000002,0.5,0.93999999999999995,0.19399999999999998,3.0,0.0,3.0,1.0,167.0
0.0,11.0,10.0,2.0,0.52000000000000002,0.5,0.93999999999999995,0.19399999999999998,3.0,0.0,3.0,1.0,76.0
0.0,11.0,11.0,2.0,0.5,0.48479999999999995,0.71999999999999997,0.41790000000000005,3.0,0.0,3.0,1.0,116.0
0.0,11.0,12.0,1.0,0.47999999999999998,0.46970000000000001,0.55000000000000004,0.41790000000000005,3.0,0.0,3.0,1.0,160.0
0.0,11.0,13.0,2.0,0.44,0.43939999999999996,0.54000000000000004,0.49250000000000005,3.0,0.0,3.0,1.0,174.0
0.0,11.0,14.0,1.0,0.41999999999999998,0.42420000000000002,0.54000000000000004,0.4627,3.0,0.0,3.0,1.0,213.0
0.0,11.0,15.0,2.0,0.41999999999999998,0.42420000000000002,0.54000000000000004,0.44780000000000003,3.0,0.0,3.0,1.0,207.0
0.0,11.0,16.0,2.0,0.39999999999999997,0.40909999999999996,0.62,0.4627,3.0,0.0,3.0,1.0,173.0
0.0,11.0,17.0,3.0,0.38,0.39390000000000003,0.70999999999999996,0.3881,3.0,0.0,3.0,1.0,163.0
0.0,11.0,18.0,2.0,0.39999999999999997,0.40909999999999996,0.57999999999999996,0.52239999999999998,3.0,0.0,3.0,1.0,145.0
0.0,11.0,19.0,1.0,0.38,0.39390000000000003,0.57999999999999996,0.3881,3.0,0.0,3.0,1.0,122.0
0.0,11.0,20.0,1.0,0.35999999999999999,0.33329999999999999,0.62,0.3881,3.0,0.0,3.0,1.0,68.0
0.0,11.0,21.0,1.0,0.35999999999999999,0.31819999999999998,0.56999999999999995,0.4627,3.0,0.0,3.0,1.0,66.0
0.0,11.0,22.0,1.0,0.33999999999999997,0.30299999999999999,0.60999999999999999,0.44780000000000003,3.0,0.0,3.0,1.0,62.0
0.0,11.0,23.0,1.0,0.33999999999999997,0.30299999999999999,0.60999999999999999,0.35820000000000002,3.0,0.0,3.0,1.0,51.0
0.0,11.0,0.0,1.0,0.32000000000000001,0.30299999999999999,0.56999999999999995,0.22390000000000002,3.0,1.0,4.0,1.0,23.0
0.0,11.0,1.0,1.0,0.32000000000000001,0.28789999999999999,0.56999999999999995,0.41790000000000005,3.0,1.0,4.0,1.0,24.0
0.0,11.0,2.0,1.0,0.30000000000000004,0.28789999999999999,0.60999999999999999,0.28360000000000002,3.0,1.0,4.0,1.0,22.0
0.0,11.0,3.0,1.0,0.28000000000000003,0.28789999999999999,0.65000000000000002,0.1343,3.0,1.0,4.0,1.0,5.0
0.0,11.0,4.0,1.0,0.30000000000000004,0.31819999999999998,0.60999999999999999,0.089599999999999999,3.0,1.0,4.0,1.0,2.0
0.0,11.0,5.0,1.0,0.30000000000000004,0.31819999999999998,0.60999999999999999,0.1045,3.0,1.0,4.0,1.0,11.0
0.0,11.0,6.0,1.0,0.30000000000000004,0.31819999999999998,0.60999999999999999,0.089599999999999999,3.0,1.0,4.0,1.0,6.0
0.0,11.0,7.0,1.0,0.26000000000000001,0.2727,0.75,0.1045,3.0,1.0,4.0,1.0,40.0
0.0,11.0,8.0,1.0,0.30000000000000004,0.31819999999999998,0.65000000000000002,0.089599999999999999,3.0,1.0,4.0,1.0,46.0
0.0,11.0,9.0,1.0,0.33999999999999997,0.34850000000000003,0.60999999999999999,0.0,3.0,1.0,4.0,1.0,81.0
0.0,11.0,10.0,1.0,0.35999999999999999,0.37880000000000003,0.56999999999999995,0.0,3.0,1.0,4.0,1.0,98.0
0.0,11.0,11.0,1.0,0.41999999999999998,0.42420000000000002,0.40999999999999998,0.29850000000000004,3.0,1.0,4.0,1.0,142.0
0.0,11.0,12.0,1.0,0.45999999999999996,0.45450000000000002,0.35999999999999999,0.22390000000000002,3.0,1.0,4.0,1.0,150.0
0.0,11.0,13.0,1.0,0.47999999999999998,0.46970000000000001,0.33000000000000002,0.22390000000000002,3.0,1.0,4.0,1.0,175.0
0.0,11.0,14.0,1.0,0.5,0.48479999999999995,0.31,0.29850000000000004,3.0,1.0,4.0,1.0,168.0
0.0,11.0,15.0,1.0,0.5,0.48479999999999995,0.31,0.25370000000000004,3.0,1.0,4.0,1.0,149.0
0.0,11.0,16.0,1.0,0.5,0.48479999999999995,0.34000000000000002,0.28360000000000002,3.0,1.0,4.0,1.0,114.0
0.0,11.0,17.0,1.0,0.47999999999999998,0.46970000000000001,0.33000000000000002,0.1045,3.0,1.0,4.0,1.0,74.0
0.0,11.0,18.0,1.0,0.41999999999999998,0.42420000000000002,0.5,0.089599999999999999,3.0,1.0,4.0,1.0,37.0
0.0,11.0,19.0,1.0,0.39999999999999997,0.40909999999999996,0.54000000000000004,0.1045,3.0,1.0,4.0,1.0,28.0
0.0,11.0,20.0,1.0,0.35999999999999999,0.34850000000000003,0.76000000000000001,0.16420000000000001,3.0,1.0,4.0,1.0,31.0
0.0,11.0,21.0,1.0,0.35999999999999999,0.34850000000000003,0.70999999999999996,0.16420000000000001,3.0,1.0,4.0,1.0,26.0
0.0,11.0,22.0,1.0,0.35999999999999999,0.34850000000000003,0.70999999999999996,0.16420000000000001,3.0,1.0,4.0,1.0,22.0
0.0,11.0,23.0,1.0,0.33999999999999997,0.34850000000000003,0.76000000000000001,0.1045,3.0,1.0,4.0,1.0,21.0
0.0,11.0,0.0,1.0,0.33999999999999997,0.33329999999999999,0.76000000000000001,0.16420000000000001,3.0,0.0,5.0,1.0,29.0
0.0,11.0,1.0,1.0,0.33999999999999997,0.36359999999999998,0.76000000000000001,0.0,3.0,0.0,5.0,1.0,14.0
0.0,11.0,2.0,1.0,0.28000000000000003,0.28789999999999999,0.81000000000000005,0.1045,3.0,0.0,5.0,1.0,10.0
0.0,11.0,3.0,1.0,0.28000000000000003,0.28789999999999999,0.75,0.1045,3.0,0.0,5.0,1.0,2.0
0.0,11.0,4.0,1.0,0.30000000000000004,0.31819999999999998,0.75,0.1045,3.0,0.0,5.0,1.0,7.0
0.0,11.0,5.0,1.0,0.28000000000000003,0.31819999999999998,0.75,0.0,3.0,0.0,5.0,1.0,5.0
0.0,11.0,6.0,1.0,0.26000000000000001,0.2727,0.81000000000000005,0.1045,3.0,0.0,5.0,1.0,13.0
0.0,11.0,7.0,1.0,0.26000000000000001,0.30299999999999999,0.81000000000000005,0.0,3.0,0.0,5.0,1.0,35.0
0.0,11.0,8.0,1.0,0.26000000000000001,0.2727,0.81000000000000005,0.1343,3.0,0.0,5.0,1.0,74.0
0.0,11.0,9.0,1.0,0.32000000000000001,0.34850000000000003,0.76000000000000001,0.0,3.0,0.0,5.0,1.0,95.0
0.0,11.0,10.0,1.0,0.35999999999999999,0.34850000000000003,0.70999999999999996,0.16420000000000001,3.0,0.0,5.0,1.0,142.0
0.0,11.0,11.0,1.0,0.39999999999999997,0.40909999999999996,0.66000000000000003,0.1045,3.0,0.0,5.0,1.0,226.0
0.0,11.0,12.0,1.0,0.45999999999999996,0.45450000000000002,0.51000000000000001,0.1045,3.0,0.0,5.0,1.0,272.0
0.0,11.0,13.0,1.0,0.5,0.48479999999999995,0.45000000000000001,0.22390000000000002,3.0,0.0,5.0,1.0,283.0
0.0,11.0,14.0,1.0,0.52000000000000002,0.5,0.39000000000000001,0.22390000000000002,3.0,0.0,5.0,1.0,272.0
0.0,11.0,15.0,1.0,0.52000000000000002,0.5,0.35999999999999999,0.19399999999999998,3.0,0.0,5.0,1.0,310.0
0.0,11.0,16.0,1.0,0.5,0.48479999999999995,0.39000000000000001,0.16420000000000001,3.0,0.0,5.0,1.0,261.0
0.0,11.0,17.0,1.0,0.5,0.48479999999999995,0.34000000000000002,0.1045,3.0,0.0,5.0,1.0,184.0
0.0,11.0,18.0,1.0,0.45999999999999996,0.45450000000000002,0.44,0.089599999999999999,3.0,0.0,5.0,1.0,153.0
0.0,11.0,19.0,1.0,0.41999999999999998,0.42420000000000002,0.67000000000000004,0.0,3.0,0.0,5.0,1.0,134.0
0.0,11.0,20.0,1.0,0.39999999999999997,0.40909999999999996,0.57999999999999996,0.089599999999999999,3.0,0.0,5.0,1.0,95.0
0.0,11.0,21.0,1.0,0.35999999999999999,0.37880000000000003,0.70999999999999996,0.0,3.0,0.0,5.0,1.0,85.0
0.0,11.0,22.0,1.0,0.33999999999999997,0.34850000000000003,0.70999999999999996,0.089599999999999999,3.0,0.0,5.0,1.0,58.0
0.0,11.0,23.0,1.0,0.33999999999999997,0.34850000000000003,0.76000000000000001,0.1045,3.0,0.0,5.0,1.0,33.0
0.0,11.0,0.0,1.0,0.33999999999999997,0.34850000000000003,0.76000000000000001,0.1045,3.0,0.0,6.0,0.0,47.0
0.0,11.0,1.0,1.0,0.32000000000000001,0.33329999999999999,0.76000000000000001,0.089599999999999999,3.0,0.0,6.0,0.0,29.0
0.0,11.0,2.0,1.0,0.30000000000000004,0.31819999999999998,0.81000000000000005,0.1045,3.0,0.0,6.0,0.0,23.0
0.0,11.0,3.0,1.0,0.30000000000000004,0.33329999999999999,0.81000000000000005,0.0,3.0,0.0,6.0,0.0,17.0
0.0,11.0,4.0,1.0,0.30000000000000004,0.33329999999999999,0.81000000000000005,0.0,3.0,0.0,6.0,0.0,4.0
0.0,11.0,5.0,1.0,0.30000000000000004,0.31819999999999998,0.75,0.1045,3.0,0.0,6.0,0.0,3.0
0.0,11.0,6.0,2.0,0.30000000000000004,0.31819999999999998,0.75,0.089599999999999999,3.0,0.0,6.0,0.0,10.0
0.0,11.0,7.0,1.0,0.26000000000000001,0.2727,0.87,0.1045,3.0,0.0,6.0,0.0,17.0
0.0,11.0,8.0,1.0,0.32000000000000001,0.33329999999999999,0.76000000000000001,0.089599999999999999,3.0,0.0,6.0,0.0,60.0
0.0,11.0,9.0,1.0,0.33999999999999997,0.34850000000000003,0.76000000000000001,0.089599999999999999,3.0,0.0,6.0,0.0,83.0
0.0,11.0,10.0,1.0,0.35999999999999999,0.37880000000000003,0.81000000000000005,0.0,3.0,0.0,6.0,0.0,141.0
0.0,11.0,11.0,1.0,0.39999999999999997,0.40909999999999996,0.62,0.1045,3.0,0.0,6.0,0.0,230.0
0.0,11.0,12.0,1.0,0.44,0.43939999999999996,0.51000000000000001,0.0,3.0,0.0,6.0,0.0,309.0
0.0,11.0,13.0,1.0,0.47999999999999998,0.46970000000000001,0.44,0.0,3.0,0.0,6.0,0.0,325.0
0.0,11.0,14.0,2.0,0.47999999999999998,0.46970000000000001,0.47999999999999998,0.1343,3.0,0.0,6.0,0.0,299.0
0.0,11.0,15.0,2.0,0.5,0.48479999999999995,0.41999999999999998,0.1045,3.0,0.0,6.0,0.0,314.0
0.0,11.0,16.0,2.0,0.45999999999999996,0.45450000000000002,0.46999999999999997,0.1343,3.0,0.0,6.0,0.0,275.0
0.0,11.0,17.0,2.0,0.45999999999999996,0.45450000000000002,0.46999999999999997,0.1343,3.0,0.0,6.0,0.0,184.0
0.0,11.0,18.0,2.0,0.41999999999999998,0.42420000000000002,0.62,0.16420000000000001,3.0,0.0,6.0,0.0,185.0
0.0,11.0,19.0,2.0,0.39999999999999997,0.40909999999999996,0.70999999999999996,0.089599999999999999,3.0,0.0,6.0,0.0,146.0
0.0,11.0,20.0,2.0,0.41999999999999998,0.42420000000000002,0.57999999999999996,0.0,3.0,0.0,6.0,0.0,141.0
0.0,11.0,21.0,2.0,0.38,0.39390000000000003,0.81999999999999995,0.0,3.0,0.0,6.0,0.0,92.0
0.0,11.0,22.0,2.0,0.38,0.39390000000000003,0.76000000000000001,0.0,3.0,0.0,6.0,0.0,65.0
0.0,11.0,23.0,1.0,0.35999999999999999,0.37880000000000003,0.81000000000000005,0.0,3.0,0.0,6.0,0.0,69.0
0.0,11.0,0.0,1.0,0.35999999999999999,0.37880000000000003,0.81000000000000005,0.0,3.0,0.0,7.0,0.0,46.0
0.0,11.0,1.0,1.0,0.35999999999999999,0.37880000000000003,0.81000000000000005,0.0,3.0,0.0,7.0,0.0,44.0
0.0,11.0,2.0,1.0,0.33999999999999997,0.36359999999999998,0.81000000000000005,0.0,3.0,0.0,7.0,0.0,31.0
0.0,11.0,3.0,1.0,0.33999999999999997,0.36359999999999998,0.87,0.0,3.0,0.0,7.0,0.0,17.0
0.0,11.0,4.0,1.0,0.33999999999999997,0.34850000000000003,0.87,0.1045,3.0,0.0,7.0,0.0,4.0
0.0,11.0,5.0,1.0,0.35999999999999999,0.34850000000000003,0.87,0.19399999999999998,3.0,0.0,7.0,0.0,5.0
0.0,11.0,6.0,1.0,0.38,0.39390000000000003,0.81999999999999995,0.16420000000000001,3.0,0.0,7.0,0.0,9.0
0.0,11.0,7.0,1.0,0.38,0.39390000000000003,0.87,0.22390000000000002,3.0,0.0,7.0,0.0,23.0
0.0,11.0,8.0,1.0,0.39999999999999997,0.40909999999999996,0.81999999999999995,0.29850000000000004,3.0,0.0,7.0,0.0,42.0
0.0,11.0,9.0,1.0,0.45999999999999996,0.45450000000000002,0.71999999999999997,0.28360000000000002,3.0,0.0,7.0,0.0,111.0
0.0,11.0,10.0,1.0,0.45999999999999996,0.45450000000000002,0.71999999999999997,0.28360000000000002,3.0,0.0,7.0,0.0,189.0
0.0,11.0,11.0,1.0,0.5,0.48479999999999995,0.63,0.35820000000000002,3.0,0.0,7.0,0.0,240.0
0.0,11.0,12.0,1.0,0.54000000000000004,0.51519999999999999,0.56000000000000005,0.28360000000000002,3.0,0.0,7.0,0.0,256.0
0.0,11.0,13.0,1.0,0.54000000000000004,0.51519999999999999,0.59999999999999998,0.19399999999999998,3.0,0.0,7.0,0.0,313.0
0.0,11.0,14.0,1.0,0.62,0.62119999999999997,0.42999999999999999,0.4627,3.0,0.0,7.0,0.0,313.0
0.0,11.0,15.0,1.0,0.62,0.62119999999999997,0.42999999999999999,0.28360000000000002,3.0,0.0,7.0,0.0,317.0
0.0,11.0,16.0,1.0,0.56000000000000005,0.53029999999999999,0.52000000000000002,0.25370000000000004,3.0,0.0,7.0,0.0,323.0
0.0,11.0,17.0,1.0,0.54000000000000004,0.51519999999999999,0.56000000000000005,0.19399999999999998,3.0,0.0,7.0,0.0,204.0
0.0,11.0,18.0,1.0,0.5,0.48479999999999995,0.63,0.16420000000000001,3.0,0.0,7.0,0.0,155.0
0.0,11.0,19.0,1.0,0.47999999999999998,0.46970000000000001,0.67000000000000004,0.22390000000000002,3.0,0.0,7.0,0.0,139.0
0.0,11.0,20.0,1.0,0.5,0.48479999999999995,0.63,0.25370000000000004,3.0,0.0,7.0,0.0,104.0
0.0,11.0,21.0,1.0,0.47999999999999998,0.46970000000000001,0.67000000000000004,0.28360000000000002,3.0,0.0,7.0,0.0,88.0
0.0,11.0,22.0,1.0,0.47999999999999998,0.46970000000000001,0.71999999999999997,0.25370000000000004,3.0,0.0,7.0,0.0,66.0
0.0,11.0,23.0,1.0,0.47999999999999998,0.46970000000000001,0.71999999999999997,0.25370000000000004,3.0,0.0,7.0,0.0,32.0
0.0,11.0,0.0,1.0,0.45999999999999996,0.45450000000000002,0.77000000000000002,0.28360000000000002,3.0,0.0,1.0,1.0,16.0
0.0,11.0,1.0,1.0,0.45999999999999996,0.45450000000000002,0.77000000000000002,0.29850000000000004,3.0,0.0,1.0,1.0,13.0
0.0,11.0,3.0,1.0,0.44,0.43939999999999996,0.88,0.22390000000000002,3.0,0.0,1.0,1.0,5.0
0.0,11.0,4.0,1.0,0.44,0.43939999999999996,0.81999999999999995,0.089599999999999999,3.0,0.0,1.0,1.0,4.0
0.0,11.0,5.0,1.0,0.39999999999999997,0.40909999999999996,0.87,0.0,3.0,0.0,1.0,1.0,34.0
0.0,11.0,6.0,1.0,0.41999999999999998,0.42420000000000002,0.81999999999999995,0.089599999999999999,3.0,0.0,1.0,1.0,104.0
0.0,11.0,7.0,1.0,0.41999999999999998,0.42420000000000002,0.88,0.0,3.0,0.0,1.0,1.0,277.0
0.0,11.0,8.0,2.0,0.41999999999999998,0.42420000000000002,0.93999999999999995,0.0,3.0,0.0,1.0,1.0,407.0
0.0,11.0,9.0,2.0,0.44,0.43939999999999996,0.88,0.22390000000000002,3.0,0.0,1.0,1.0,208.0
0.0,11.0,10.0,2.0,0.47999999999999998,0.46970000000000001,0.77000000000000002,0.1343,3.0,0.0,1.0,1.0,107.0
0.0,11.0,11.0,2.0,0.52000000000000002,0.5,0.68000000000000005,0.1045,3.0,0.0,1.0,1.0,118.0
0.0,11.0,12.0,1.0,0.56000000000000005,0.53029999999999999,0.59999999999999998,0.1045,3.0,0.0,1.0,1.0,178.0
0.0,11.0,13.0,2.0,0.58000000000000007,0.54549999999999998,0.56000000000000005,0.0,3.0,0.0,1.0,1.0,162.0
0.0,11.0,14.0,1.0,0.60000000000000009,0.62119999999999997,0.56000000000000005,0.0,3.0,0.0,1.0,1.0,143.0
0.0,11.0,15.0,1.0,0.58000000000000007,0.54549999999999998,0.59999999999999998,0.16420000000000001,3.0,0.0,1.0,1.0,150.0
0.0,11.0,16.0,1.0,0.56000000000000005,0.53029999999999999,0.59999999999999998,0.19399999999999998,3.0,0.0,1.0,1.0,264.0
0.0,11.0,17.0,1.0,0.58000000000000007,0.54549999999999998,0.56000000000000005,0.19399999999999998,3.0,0.0,1.0,1.0,468.0
0.0,11.0,18.0,1.0,0.56000000000000005,0.53029999999999999,0.64000000000000001,0.22390000000000002,3.0,0.0,1.0,1.0,416.0
0.0,11.0,19.0,1.0,0.54000000000000004,0.51519999999999999,0.72999999999999998,0.22390000000000002,3.0,0.0,1.0,1.0,264.0
0.0,11.0,20.0,2.0,0.54000000000000004,0.51519999999999999,0.72999999999999998,0.25370000000000004,3.0,0.0,1.0,1.0,218.0
0.0,11.0,21.0,2.0,0.54000000000000004,0.51519999999999999,0.77000000000000002,0.22390000000000002,3.0,0.0,1.0,1.0,156.0
0.0,11.0,22.0,2.0,0.52000000000000002,0.5,0.82999999999999996,0.1045,3.0,0.0,1.0,1.0,109.0
0.0,11.0,23.0,2.0,0.52000000000000002,0.5,0.82999999999999996,0.1343,3.0,0.0,1.0,1.0,46.0
0.0,11.0,0.0,1.0,0.52000000000000002,0.5,0.82999999999999996,0.0,3.0,0.0,2.0,1.0,22.0
0.0,11.0,1.0,1.0,0.52000000000000002,0.5,0.82999999999999996,0.089599999999999999,3.0,0.0,2.0,1.0,17.0
0.0,11.0,2.0,2.0,0.5,0.48479999999999995,0.88,0.0,3.0,0.0,2.0,1.0,5.0
0.0,11.0,3.0,2.0,0.5,0.48479999999999995,0.88,0.0,3.0,0.0,2.0,1.0,2.0
0.0,11.0,4.0,2.0,0.52000000000000002,0.5,0.82999999999999996,0.32840000000000003,3.0,0.0,2.0,1.0,6.0
0.0,11.0,5.0,1.0,0.5,0.48479999999999995,0.88,0.28360000000000002,3.0,0.0,2.0,1.0,22.0
0.0,11.0,6.0,1.0,0.52000000000000002,0.5,0.82999999999999996,0.28360000000000002,3.0,0.0,2.0,1.0,89.0
0.0,11.0,7.0,1.0,0.52000000000000002,0.5,0.77000000000000002,0.22390000000000002,3.0,0.0,2.0,1.0,342.0
0.0,11.0,8.0,1.0,0.54000000000000004,0.51519999999999999,0.77000000000000002,0.28360000000000002,3.0,0.0,2.0,1.0,449.0
0.0,11.0,9.0,3.0,0.56000000000000005,0.53029999999999999,0.72999999999999998,0.41790000000000005,3.0,0.0,2.0,1.0,202.0
0.0,11.0,10.0,3.0,0.56000000000000005,0.53029999999999999,0.72999999999999998,0.41790000000000005,3.0,0.0,2.0,1.0,36.0
0.0,11.0,11.0,3.0,0.5,0.48479999999999995,0.88,0.29850000000000004,3.0,0.0,2.0,1.0,11.0
0.0,11.0,12.0,3.0,0.41999999999999998,0.42420000000000002,0.81999999999999995,0.41790000000000005,3.0,0.0,2.0,1.0,18.0
0.0,11.0,13.0,3.0,0.41999999999999998,0.42420000000000002,0.77000000000000002,0.28360000000000002,3.0,0.0,2.0,1.0,22.0
0.0,11.0,14.0,3.0,0.39999999999999997,0.40909999999999996,0.93999999999999995,0.19399999999999998,3.0,0.0,2.0,1.0,36.0
0.0,11.0,15.0,3.0,0.39999999999999997,0.40909999999999996,0.87,0.32840000000000003,3.0,0.0,2.0,1.0,65.0
0.0,11.0,16.0,3.0,0.39999999999999997,0.40909999999999996,0.87,0.22390000000000002,3.0,0.0,2.0,1.0,151.0
0.0,11.0,17.0,2.0,0.39999999999999997,0.40909999999999996,0.87,0.29850000000000004,3.0,0.0,2.0,1.0,354.0
0.0,11.0,18.0,2.0,0.39999999999999997,0.40909999999999996,0.81999999999999995,0.29850000000000004,3.0,0.0,2.0,1.0,358.0
0.0,11.0,19.0,2.0,0.39999999999999997,0.40909999999999996,0.81999999999999995,0.32840000000000003,3.0,0.0,2.0,1.0,250.0
0.0,11.0,20.0,2.0,0.38,0.39390000000000003,0.87,0.25370000000000004,3.0,0.0,2.0,1.0,184.0
0.0,11.0,21.0,2.0,0.38,0.39390000000000003,0.87,0.25370000000000004,3.0,0.0,2.0,1.0,125.0
0.0,11.0,22.0,1.0,0.38,0.39390000000000003,0.81999999999999995,0.29850000000000004,3.0,0.0,2.0,1.0,95.0
0.0,11.0,23.0,1.0,0.35999999999999999,0.33329999999999999,0.76000000000000001,0.3881,3.0,0.0,2.0,1.0,53.0
0.0,11.0,0.0,1.0,0.35999999999999999,0.33329999999999999,0.62,0.41790000000000005,3.0,0.0,3.0,1.0,24.0
0.0,11.0,1.0,1.0,0.33999999999999997,0.30299999999999999,0.66000000000000003,0.32840000000000003,3.0,0.0,3.0,1.0,8.0
0.0,11.0,2.0,1.0,0.32000000000000001,0.31819999999999998,0.69999999999999996,0.16420000000000001,3.0,0.0,3.0,1.0,5.0
0.0,11.0,3.0,1.0,0.32000000000000001,0.31819999999999998,0.69999999999999996,0.16420000000000001,3.0,0.0,3.0,1.0,1.0
0.0,11.0,4.0,1.0,0.30000000000000004,0.28789999999999999,0.75,0.22390000000000002,3.0,0.0,3.0,1.0,5.0
0.0,11.0,5.0,1.0,0.28000000000000003,0.2727,0.81000000000000005,0.19399999999999998,3.0,0.0,3.0,1.0,22.0
0.0,11.0,6.0,1.0,0.26000000000000001,0.2727,0.87,0.1045,3.0,0.0,3.0,1.0,103.0
0.0,11.0,7.0,1.0,0.26000000000000001,0.2727,0.81000000000000005,0.1045,3.0,0.0,3.0,1.0,285.0
0.0,11.0,8.0,1.0,0.28000000000000003,0.2727,0.81000000000000005,0.19399999999999998,3.0,0.0,3.0,1.0,478.0
0.0,11.0,9.0,1.0,0.30000000000000004,0.28789999999999999,0.75,0.28360000000000002,3.0,0.0,3.0,1.0,193.0
0.0,11.0,10.0,1.0,0.33999999999999997,0.31819999999999998,0.66000000000000003,0.22390000000000002,3.0,0.0,3.0,1.0,110.0
0.0,11.0,11.0,1.0,0.38,0.39390000000000003,0.54000000000000004,0.29850000000000004,3.0,0.0,3.0,1.0,122.0
0.0,11.0,12.0,2.0,0.35999999999999999,0.33329999999999999,0.53000000000000003,0.28360000000000002,3.0,0.0,3.0,1.0,160.0
0.0,11.0,13.0,2.0,0.38,0.39390000000000003,0.42999999999999999,0.35820000000000002,3.0,0.0,3.0,1.0,147.0
0.0,11.0,14.0,2.0,0.38,0.39390000000000003,0.42999999999999999,0.35820000000000002,3.0,0.0,3.0,1.0,112.0
0.0,11.0,15.0,1.0,0.35999999999999999,0.33329999999999999,0.46000000000000002,0.32840000000000003,3.0,0.0,3.0,1.0,115.0
0.0,11.0,16.0,1.0,0.35999999999999999,0.33329999999999999,0.46000000000000002,0.28360000000000002,3.0,0.0,3.0,1.0,226.0
0.0,11.0,17.0,2.0,0.33999999999999997,0.30299999999999999,0.48999999999999999,0.32840000000000003,3.0,0.0,3.0,1.0,380.0
0.0,11.0,18.0,1.0,0.33999999999999997,0.30299999999999999,0.48999999999999999,0.32840000000000003,3.0,0.0,3.0,1.0,376.0
0.0,11.0,19.0,2.0,0.32000000000000001,0.30299999999999999,0.56999999999999995,0.28360000000000002,3.0,0.0,3.0,1.0,279.0
0.0,11.0,20.0,2.0,0.32000000000000001,0.30299999999999999,0.56999999999999995,0.28360000000000002,3.0,0.0,3.0,1.0,190.0
0.0,11.0,21.0,1.0,0.32000000000000001,0.28789999999999999,0.53000000000000003,0.3881,3.0,0.0,3.0,1.0,135.0
0.0,11.0,22.0,1.0,0.30000000000000004,0.2727,0.56000000000000005,0.29850000000000004,3.0,0.0,3.0,1.0,87.0
0.0,11.0,23.0,1.0,0.28000000000000003,0.2576,0.52000000000000002,0.28360000000000002,3.0,0.0,3.0,1.0,50.0
0.0,12.0,0.0,1.0,0.28000000000000003,0.2576,0.52000000000000002,0.32840000000000003,3.0,0.0,4.0,1.0,20.0
0.0,12.0,1.0,1.0,0.26000000000000001,0.24239999999999998,0.59999999999999998,0.28360000000000002,3.0,0.0,4.0,1.0,10.0
0.0,12.0,2.0,1.0,0.26000000000000001,0.2273,0.56000000000000005,0.29850000000000004,3.0,0.0,4.0,1.0,9.0
0.0,12.0,3.0,1.0,0.26000000000000001,0.24239999999999998,0.56000000000000005,0.25370000000000004,3.0,0.0,4.0,1.0,7.0
0.0,12.0,4.0,1.0,0.26000000000000001,0.24239999999999998,0.56000000000000005,0.28360000000000002,3.0,0.0,4.0,1.0,1.0
0.0,12.0,5.0,1.0,0.26000000000000001,0.24239999999999998,0.56000000000000005,0.25370000000000004,3.0,0.0,4.0,1.0,24.0
0.0,12.0,6.0,1.0,0.23999999999999999,0.21210000000000001,0.65000000000000002,0.28360000000000002,3.0,0.0,4.0,1.0,97.0
0.0,12.0,7.0,1.0,0.23999999999999999,0.21210000000000001,0.65000000000000002,0.35820000000000002,3.0,0.0,4.0,1.0,276.0
0.0,12.0,8.0,1.0,0.26000000000000001,0.2273,0.59999999999999998,0.32840000000000003,3.0,0.0,4.0,1.0,477.0
0.0,12.0,9.0,1.0,0.30000000000000004,0.2727,0.52000000000000002,0.32840000000000003,3.0,0.0,4.0,1.0,224.0
0.0,12.0,10.0,1.0,0.32000000000000001,0.30299999999999999,0.53000000000000003,0.29850000000000004,3.0,0.0,4.0,1.0,93.0
0.0,12.0,11.0,1.0,0.33999999999999997,0.31819999999999998,0.48999999999999999,0.25370000000000004,3.0,0.0,4.0,1.0,102.0
0.0,12.0,12.0,1.0,0.35999999999999999,0.34850000000000003,0.46000000000000002,0.22390000000000002,3.0,0.0,4.0,1.0,148.0
0.0,12.0,13.0,1.0,0.39999999999999997,0.40909999999999996,0.40000000000000002,0.22390000000000002,3.0,0.0,4.0,1.0,154.0
0.0,12.0,14.0,1.0,0.39999999999999997,0.40909999999999996,0.40000000000000002,0.22390000000000002,3.0,0.0,4.0,1.0,150.0
0.0,12.0,15.0,1.0,0.39999999999999997,0.40909999999999996,0.40000000000000002,0.22390000000000002,3.0,0.0,4.0,1.0,154.0
0.0,12.0,16.0,1.0,0.39999999999999997,0.40909999999999996,0.40000000000000002,0.19399999999999998,3.0,0.0,4.0,1.0,201.0
0.0,12.0,17.0,1.0,0.35999999999999999,0.34850000000000003,0.46000000000000002,0.1343,3.0,0.0,4.0,1.0,418.0
0.0,12.0,18.0,1.0,0.35999999999999999,0.36359999999999998,0.42999999999999999,0.1045,3.0,0.0,4.0,1.0,405.0
0.0,12.0,19.0,1.0,0.33999999999999997,0.34850000000000003,0.46000000000000002,0.1045,3.0,0.0,4.0,1.0,228.0
0.0,12.0,20.0,1.0,0.33999999999999997,0.34850000000000003,0.46000000000000002,0.1045,3.0,0.0,4.0,1.0,190.0
0.0,12.0,21.0,1.0,0.30000000000000004,0.31819999999999998,0.60999999999999999,0.1045,3.0,0.0,4.0,1.0,162.0
0.0,12.0,22.0,1.0,0.30000000000000004,0.33329999999999999,0.60999999999999999,0.0,3.0,0.0,4.0,1.0,104.0
0.0,12.0,23.0,1.0,0.26000000000000001,0.28789999999999999,0.69999999999999996,0.089599999999999999,3.0,0.0,4.0,1.0,73.0
0.0,12.0,0.0,1.0,0.26000000000000001,0.28789999999999999,0.69999999999999996,0.089599999999999999,3.0,0.0,5.0,1.0,38.0
0.0,12.0,1.0,1.0,0.23999999999999999,0.28789999999999999,0.75,0.0,3.0,0.0,5.0,1.0,15.0
0.0,12.0,2.0,1.0,0.23999999999999999,0.28789999999999999,0.75,0.0,3.0,0.0,5.0,1.0,10.0
0.0,12.0,3.0,1.0,0.22,0.2727,0.80000000000000004,0.0,3.0,0.0,5.0,1.0,1.0
0.0,12.0,4.0,1.0,0.22,0.2727,0.80000000000000004,0.0,3.0,0.0,5.0,1.0,3.0
0.0,12.0,5.0,1.0,0.22,0.2576,0.80000000000000004,0.089599999999999999,3.0,0.0,5.0,1.0,23.0
0.0,12.0,6.0,1.0,0.22,0.2727,0.80000000000000004,0.0,3.0,0.0,5.0,1.0,87.0
0.0,12.0,7.0,1.0,0.22,0.2576,0.87,0.089599999999999999,3.0,0.0,5.0,1.0,205.0
0.0,12.0,8.0,1.0,0.23999999999999999,0.28789999999999999,0.87,0.0,3.0,0.0,5.0,1.0,445.0
0.0,12.0,9.0,1.0,0.28000000000000003,0.31819999999999998,0.81000000000000005,0.0,3.0,0.0,5.0,1.0,246.0
0.0,12.0,10.0,1.0,0.30000000000000004,0.28789999999999999,0.75,0.22390000000000002,3.0,0.0,5.0,1.0,105.0
0.0,12.0,11.0,1.0,0.33999999999999997,0.33329999999999999,0.66000000000000003,0.16420000000000001,3.0,0.0,5.0,1.0,160.0
0.0,12.0,12.0,1.0,0.35999999999999999,0.34850000000000003,0.56999999999999995,0.1343,3.0,0.0,5.0,1.0,204.0
0.0,12.0,13.0,1.0,0.39999999999999997,0.40909999999999996,0.46999999999999997,0.1343,3.0,0.0,5.0,1.0,207.0
0.0,12.0,14.0,1.0,0.41999999999999998,0.42420000000000002,0.44,0.1045,3.0,0.0,5.0,1.0,170.0
0.0,12.0,15.0,1.0,0.41999999999999998,0.42420000000000002,0.40999999999999998,0.089599999999999999,3.0,0.0,5.0,1.0,199.0
0.0,12.0,16.0,1.0,0.41999999999999998,0.42420000000000002,0.40999999999999998,0.089599999999999999,3.0,0.0,5.0,1.0,276.0
0.0,12.0,17.0,1.0,0.41999999999999998,0.42420000000000002,0.38,0.0,3.0,0.0,5.0,1.0,411.0
0.0,12.0,18.0,1.0,0.39999999999999997,0.40909999999999996,0.5,0.0,3.0,0.0,5.0,1.0,372.0
0.0,12.0,19.0,1.0,0.33999999999999997,0.31819999999999998,0.53000000000000003,0.25370000000000004,3.0,0.0,5.0,1.0,265.0
0.0,12.0,20.0,1.0,0.38,0.39390000000000003,0.40000000000000002,0.28360000000000002,3.0,0.0,5.0,1.0,190.0
0.0,12.0,21.0,1.0,0.33999999999999997,0.33329999999999999,0.48999999999999999,0.19399999999999998,3.0,0.0,5.0,1.0,111.0
0.0,12.0,22.0,1.0,0.32000000000000001,0.31819999999999998,0.53000000000000003,0.19399999999999998,3.0,0.0,5.0,1.0,102.0
0.0,12.0,23.0,1.0,0.32000000000000001,0.30299999999999999,0.53000000000000003,0.28360000000000002,3.0,0.0,5.0,1.0,95.0
0.0,12.0,0.0,1.0,0.30000000000000004,0.28789999999999999,0.56000000000000005,0.25370000000000004,3.0,0.0,6.0,0.0,75.0
0.0,12.0,1.0,1.0,0.26000000000000001,0.2576,0.65000000000000002,0.19399999999999998,3.0,0.0,6.0,0.0,71.0
0.0,12.0,2.0,1.0,0.26000000000000001,0.2576,0.65000000000000002,0.16420000000000001,3.0,0.0,6.0,0.0,50.0
0.0,12.0,3.0,1.0,0.23999999999999999,0.24239999999999998,0.69999999999999996,0.1343,3.0,0.0,6.0,0.0,9.0
0.0,12.0,4.0,1.0,0.22,0.2273,0.75,0.1343,3.0,0.0,6.0,0.0,8.0
0.0,12.0,5.0,1.0,0.23999999999999999,0.2576,0.69999999999999996,0.089599999999999999,3.0,0.0,6.0,0.0,6.0
0.0,12.0,6.0,1.0,0.23999999999999999,0.2576,0.65000000000000002,0.1045,3.0,0.0,6.0,0.0,11.0
0.0,12.0,7.0,1.0,0.22,0.2576,0.75,0.089599999999999999,3.0,0.0,6.0,0.0,26.0
0.0,12.0,8.0,1.0,0.23999999999999999,0.2576,0.75,0.089599999999999999,3.0,0.0,6.0,0.0,63.0
0.0,12.0,9.0,1.0,0.26000000000000001,0.2727,0.69999999999999996,0.1045,3.0,0.0,6.0,0.0,124.0
0.0,12.0,10.0,1.0,0.32000000000000001,0.33329999999999999,0.60999999999999999,0.1343,3.0,0.0,6.0,0.0,195.0
0.0,12.0,11.0,1.0,0.32000000000000001,0.33329999999999999,0.56999999999999995,0.089599999999999999,3.0,0.0,6.0,0.0,275.0
0.0,12.0,12.0,1.0,0.35999999999999999,0.37880000000000003,0.5,0.0,3.0,0.0,6.0,0.0,358.0
0.0,12.0,13.0,1.0,0.35999999999999999,0.36359999999999998,0.5,0.089599999999999999,3.0,0.0,6.0,0.0,292.0
0.0,12.0,14.0,1.0,0.35999999999999999,0.37880000000000003,0.46000000000000002,0.0,3.0,0.0,6.0,0.0,343.0
0.0,12.0,15.0,1.0,0.38,0.39390000000000003,0.46000000000000002,0.0,3.0,0.0,6.0,0.0,337.0
0.0,12.0,16.0,1.0,0.38,0.39390000000000003,0.46000000000000002,0.0,3.0,0.0,6.0,0.0,305.0
0.0,12.0,17.0,1.0,0.35999999999999999,0.37880000000000003,0.62,0.0,3.0,0.0,6.0,0.0,232.0
0.0,12.0,18.0,1.0,0.33999999999999997,0.33329999999999999,0.53000000000000003,0.1343,3.0,0.0,6.0,0.0,224.0
0.0,12.0,19.0,1.0,0.30000000000000004,0.31819999999999998,0.60999999999999999,0.089599999999999999,3.0,0.0,6.0,0.0,175.0
0.0,12.0,20.0,1.0,0.30000000000000004,0.31819999999999998,0.60999999999999999,0.089599999999999999,3.0,0.0,6.0,0.0,127.0
0.0,12.0,21.0,2.0,0.30000000000000004,0.31819999999999998,0.60999999999999999,0.089599999999999999,3.0,0.0,6.0,0.0,109.0
0.0,12.0,22.0,2.0,0.32000000000000001,0.33329999999999999,0.60999999999999999,0.089599999999999999,3.0,0.0,6.0,0.0,114.0
0.0,12.0,23.0,1.0,0.30000000000000004,0.30299999999999999,0.69999999999999996,0.1343,3.0,0.0,6.0,0.0,85.0
0.0,12.0,0.0,1.0,0.30000000000000004,0.31819999999999998,0.69999999999999996,0.1045,3.0,0.0,7.0,0.0,83.0
0.0,12.0,1.0,1.0,0.30000000000000004,0.31819999999999998,0.75,0.089599999999999999,3.0,0.0,7.0,0.0,74.0
0.0,12.0,2.0,1.0,0.26000000000000001,0.30299999999999999,0.81000000000000005,0.0,3.0,0.0,7.0,0.0,62.0
0.0,12.0,3.0,1.0,0.28000000000000003,0.31819999999999998,0.75,0.0,3.0,0.0,7.0,0.0,41.0
0.0,12.0,4.0,1.0,0.26000000000000001,0.30299999999999999,0.87,0.0,3.0,0.0,7.0,0.0,11.0
0.0,12.0,5.0,1.0,0.26000000000000001,0.30299999999999999,0.81000000000000005,0.0,3.0,0.0,7.0,0.0,4.0
0.0,12.0,6.0,1.0,0.23999999999999999,0.28789999999999999,0.93000000000000005,0.0,3.0,0.0,7.0,0.0,4.0
0.0,12.0,7.0,1.0,0.26000000000000001,0.30299999999999999,0.87,0.0,3.0,0.0,7.0,0.0,26.0
0.0,12.0,8.0,1.0,0.26000000000000001,0.30299999999999999,0.87,0.0,3.0,0.0,7.0,0.0,55.0
0.0,12.0,9.0,1.0,0.30000000000000004,0.33329999999999999,0.81000000000000005,0.0,3.0,0.0,7.0,0.0,126.0
0.0,12.0,10.0,1.0,0.32000000000000001,0.33329999999999999,0.81000000000000005,0.1343,3.0,0.0,7.0,0.0,216.0
0.0,12.0,11.0,1.0,0.33999999999999997,0.33329999999999999,0.81000000000000005,0.16420000000000001,3.0,0.0,7.0,0.0,254.0
0.0,12.0,12.0,1.0,0.35999999999999999,0.34850000000000003,0.81000000000000005,0.16420000000000001,3.0,0.0,7.0,0.0,329.0
0.0,12.0,13.0,1.0,0.39999999999999997,0.40909999999999996,0.66000000000000003,0.22390000000000002,3.0,0.0,7.0,0.0,357.0
0.0,12.0,14.0,1.0,0.41999999999999998,0.42420000000000002,0.62,0.1343,3.0,0.0,7.0,0.0,323.0
0.0,12.0,15.0,1.0,0.41999999999999998,0.42420000000000002,0.62,0.19399999999999998,3.0,0.0,7.0,0.0,296.0
0.0,12.0,16.0,1.0,0.41999999999999998,0.42420000000000002,0.57999999999999996,0.22390000000000002,3.0,0.0,7.0,0.0,330.0
0.0,12.0,17.0,1.0,0.38,0.39390000000000003,0.76000000000000001,0.1343,3.0,0.0,7.0,0.0,245.0
0.0,12.0,18.0,1.0,0.38,0.39390000000000003,0.70999999999999996,0.0,3.0,0.0,7.0,0.0,171.0
0.0,12.0,19.0,1.0,0.38,0.39390000000000003,0.76000000000000001,0.0,3.0,0.0,7.0,0.0,173.0
0.0,12.0,20.0,1.0,0.35999999999999999,0.34850000000000003,0.76000000000000001,0.1343,3.0,0.0,7.0,0.0,124.0
0.0,12.0,21.0,1.0,0.35999999999999999,0.36359999999999998,0.81000000000000005,0.1045,3.0,0.0,7.0,0.0,72.0
0.0,12.0,22.0,1.0,0.33999999999999997,0.34850000000000003,0.87,0.1045,3.0,0.0,7.0,0.0,64.0
0.0,12.0,23.0,1.0,0.33999999999999997,0.34850000000000003,0.87,0.1045,3.0,0.0,7.0,0.0,45.0
0.0,12.0,0.0,1.0,0.32000000000000001,0.33329999999999999,0.87,0.089599999999999999,3.0,0.0,1.0,1.0,24.0
0.0,12.0,1.0,1.0,0.32000000000000001,0.34850000000000003,0.87,0.0,3.0,0.0,1.0,1.0,12.0
0.0,12.0,2.0,1.0,0.32000000000000001,0.34850000000000003,0.87,0.0,3.0,0.0,1.0,1.0,8.0
0.0,12.0,3.0,1.0,0.32000000000000001,0.34850000000000003,0.87,0.0,3.0,0.0,1.0,1.0,2.0
0.0,12.0,4.0,1.0,0.30000000000000004,0.31819999999999998,0.87,0.1045,3.0,0.0,1.0,1.0,7.0
0.0,12.0,5.0,1.0,0.30000000000000004,0.31819999999999998,0.87,0.1045,3.0,0.0,1.0,1.0,25.0
0.0,12.0,6.0,1.0,0.30000000000000004,0.31819999999999998,0.93000000000000005,0.089599999999999999,3.0,0.0,1.0,1.0,90.0
0.0,12.0,7.0,1.0,0.32000000000000001,0.34850000000000003,0.90000000000000002,0.0,3.0,0.0,1.0,1.0,283.0
0.0,12.0,8.0,1.0,0.32000000000000001,0.34850000000000003,0.93000000000000005,0.0,3.0,0.0,1.0,1.0,404.0
0.0,12.0,9.0,2.0,0.35999999999999999,0.36359999999999998,0.87,0.089599999999999999,3.0,0.0,1.0,1.0,190.0
0.0,12.0,10.0,2.0,0.35999999999999999,0.36359999999999998,0.87,0.089599999999999999,3.0,0.0,1.0,1.0,87.0
0.0,12.0,11.0,2.0,0.35999999999999999,0.36359999999999998,0.87,0.089599999999999999,3.0,0.0,1.0,1.0,123.0
0.0,12.0,12.0,2.0,0.39999999999999997,0.40909999999999996,0.76000000000000001,0.1045,3.0,0.0,1.0,1.0,154.0
0.0,12.0,13.0,2.0,0.41999999999999998,0.42420000000000002,0.70999999999999996,0.089599999999999999,3.0,0.0,1.0,1.0,171.0
0.0,12.0,14.0,2.0,0.45999999999999996,0.45450000000000002,0.67000000000000004,0.0,3.0,0.0,1.0,1.0,133.0
0.0,12.0,15.0,2.0,0.45999999999999996,0.45450000000000002,0.71999999999999997,0.089599999999999999,3.0,0.0,1.0,1.0,148.0
0.0,12.0,16.0,1.0,0.5,0.48479999999999995,0.63,0.089599999999999999,3.0,0.0,1.0,1.0,248.0
0.0,12.0,17.0,1.0,0.41999999999999998,0.42420000000000002,0.77000000000000002,0.0,3.0,0.0,1.0,1.0,446.0
0.0,12.0,18.0,1.0,0.44,0.43939999999999996,0.77000000000000002,0.0,3.0,0.0,1.0,1.0,399.0
0.0,12.0,19.0,2.0,0.45999999999999996,0.45450000000000002,0.77000000000000002,0.0,3.0,0.0,1.0,1.0,308.0
0.0,12.0,20.0,2.0,0.45999999999999996,0.45450000000000002,0.81999999999999995,0.1045,3.0,0.0,1.0,1.0,205.0
0.0,12.0,21.0,2.0,0.44,0.43939999999999996,0.88,0.089599999999999999,3.0,0.0,1.0,1.0,176.0
0.0,12.0,22.0,2.0,0.44,0.43939999999999996,0.88,0.1343,3.0,0.0,1.0,1.0,106.0
0.0,12.0,23.0,2.0,0.45999999999999996,0.45450000000000002,0.88,0.1343,3.0,0.0,1.0,1.0,62.0
0.0,12.0,0.0,2.0,0.5,0.48479999999999995,0.77000000000000002,0.29850000000000004,3.0,0.0,2.0,1.0,28.0
0.0,12.0,1.0,2.0,0.45999999999999996,0.45450000000000002,0.88,0.29850000000000004,3.0,0.0,2.0,1.0,16.0
0.0,12.0,2.0,2.0,0.45999999999999996,0.45450000000000002,0.87,0.19399999999999998,3.0,0.0,2.0,1.0,3.0
0.0,12.0,3.0,2.0,0.45999999999999996,0.45450000000000002,0.87,0.19399999999999998,3.0,0.0,2.0,1.0,3.0
0.0,12.0,4.0,3.0,0.45999999999999996,0.45450000000000002,0.88,0.22390000000000002,3.0,0.0,2.0,1.0,7.0
0.0,12.0,5.0,3.0,0.45999999999999996,0.45450000000000002,0.88,0.22390000000000002,3.0,0.0,2.0,1.0,20.0
0.0,12.0,6.0,2.0,0.44,0.43939999999999996,0.93999999999999995,0.28360000000000002,3.0,0.0,2.0,1.0,86.0
0.0,12.0,7.0,2.0,0.45999999999999996,0.45450000000000002,0.93999999999999995,0.19399999999999998,3.0,0.0,2.0,1.0,234.0
0.0,12.0,8.0,2.0,0.45999999999999996,0.45450000000000002,0.93999999999999995,0.19399999999999998,3.0,0.0,2.0,1.0,414.0
0.0,12.0,9.0,2.0,0.45999999999999996,0.45450000000000002,0.93999999999999995,0.22390000000000002,3.0,0.0,2.0,1.0,204.0
0.0,12.0,10.0,3.0,0.45999999999999996,0.45450000000000002,0.93999999999999995,0.28360000000000002,3.0,0.0,2.0,1.0,50.0
0.0,12.0,11.0,3.0,0.45999999999999996,0.45450000000000002,0.93999999999999995,0.25370000000000004,3.0,0.0,2.0,1.0,32.0
0.0,12.0,12.0,3.0,0.45999999999999996,0.45450000000000002,1.0,0.22390000000000002,3.0,0.0,2.0,1.0,55.0
0.0,12.0,13.0,3.0,0.45999999999999996,0.45450000000000002,1.0,0.19399999999999998,3.0,0.0,2.0,1.0,71.0
0.0,12.0,14.0,3.0,0.47999999999999998,0.46970000000000001,1.0,0.22390000000000002,3.0,0.0,2.0,1.0,75.0
0.0,12.0,15.0,3.0,0.5,0.48479999999999995,1.0,0.19399999999999998,3.0,0.0,2.0,1.0,45.0
0.0,12.0,16.0,3.0,0.45999999999999996,0.45450000000000002,1.0,0.25370000000000004,3.0,0.0,2.0,1.0,88.0
0.0,12.0,17.0,2.0,0.45999999999999996,0.45450000000000002,1.0,0.22390000000000002,3.0,0.0,2.0,1.0,262.0
0.0,12.0,18.0,2.0,0.45999999999999996,0.45450000000000002,1.0,0.28360000000000002,3.0,0.0,2.0,1.0,304.0
0.0,12.0,19.0,3.0,0.45999999999999996,0.45450000000000002,1.0,0.29850000000000004,3.0,0.0,2.0,1.0,233.0
0.0,12.0,20.0,3.0,0.45999999999999996,0.45450000000000002,1.0,0.29850000000000004,3.0,0.0,2.0,1.0,110.0
0.0,12.0,21.0,2.0,0.44,0.43939999999999996,1.0,0.19399999999999998,3.0,0.0,2.0,1.0,114.0
0.0,12.0,22.0,3.0,0.45999999999999996,0.45450000000000002,1.0,0.16420000000000001,3.0,0.0,2.0,1.0,87.0
0.0,12.0,23.0,3.0,0.45999999999999996,0.45450000000000002,1.0,0.16420000000000001,3.0,0.0,2.0,1.0,53.0
0.0,12.0,0.0,1.0,0.44,0.43939999999999996,1.0,0.19399999999999998,3.0,0.0,3.0,1.0,33.0
0.0,12.0,1.0,2.0,0.45999999999999996,0.45450000000000002,1.0,0.25370000000000004,3.0,0.0,3.0,1.0,13.0
0.0,12.0,2.0,3.0,0.45999999999999996,0.45450000000000002,1.0,0.22390000000000002,3.0,0.0,3.0,1.0,6.0
0.0,12.0,3.0,3.0,0.45999999999999996,0.45450000000000002,1.0,0.22390000000000002,3.0,0.0,3.0,1.0,3.0
0.0,12.0,4.0,3.0,0.45999999999999996,0.45450000000000002,1.0,0.16420000000000001,3.0,0.0,3.0,1.0,1.0
0.0,12.0,5.0,3.0,0.45999999999999996,0.45450000000000002,1.0,0.16420000000000001,3.0,0.0,3.0,1.0,3.0
0.0,12.0,6.0,3.0,0.47999999999999998,0.46970000000000001,1.0,0.41790000000000005,3.0,0.0,3.0,1.0,18.0
0.0,12.0,7.0,3.0,0.44,0.43939999999999996,1.0,0.1045,3.0,0.0,3.0,1.0,46.0
0.0,12.0,8.0,3.0,0.44,0.43939999999999996,1.0,0.0,3.0,0.0,3.0,1.0,86.0
0.0,12.0,9.0,3.0,0.44,0.43939999999999996,1.0,0.25370000000000004,3.0,0.0,3.0,1.0,64.0
0.0,12.0,10.0,3.0,0.44,0.43939999999999996,1.0,0.089599999999999999,3.0,0.0,3.0,1.0,33.0
0.0,12.0,11.0,3.0,0.44,0.43939999999999996,1.0,0.089599999999999999,3.0,0.0,3.0,1.0,50.0
0.0,12.0,12.0,3.0,0.44,0.43939999999999996,1.0,0.1343,3.0,0.0,3.0,1.0,33.0
0.0,12.0,13.0,3.0,0.44,0.43939999999999996,1.0,0.19399999999999998,3.0,0.0,3.0,1.0,33.0
0.0,12.0,14.0,3.0,0.44,0.43939999999999996,1.0,0.19399999999999998,3.0,0.0,3.0,1.0,25.0
0.0,12.0,15.0,3.0,0.41999999999999998,0.42420000000000002,0.93999999999999995,0.22390000000000002,3.0,0.0,3.0,1.0,30.0
0.0,12.0,16.0,3.0,0.41999999999999998,0.42420000000000002,0.93999999999999995,0.19399999999999998,3.0,0.0,3.0,1.0,31.0
0.0,12.0,17.0,3.0,0.39999999999999997,0.40909999999999996,1.0,0.32840000000000003,3.0,0.0,3.0,1.0,52.0
0.0,12.0,18.0,3.0,0.39999999999999997,0.40909999999999996,0.93999999999999995,0.29850000000000004,3.0,0.0,3.0,1.0,51.0
0.0,12.0,19.0,3.0,0.33999999999999997,0.28789999999999999,0.87,0.64179999999999993,3.0,0.0,3.0,1.0,33.0
0.0,12.0,20.0,3.0,0.33999999999999997,0.28789999999999999,0.87,0.64179999999999993,3.0,0.0,3.0,1.0,26.0
0.0,12.0,21.0,3.0,0.30000000000000004,0.2576,0.87,0.52239999999999998,3.0,0.0,3.0,1.0,6.0
0.0,12.0,22.0,3.0,0.23999999999999999,0.19699999999999998,0.93000000000000005,0.44780000000000003,3.0,0.0,3.0,1.0,13.0
0.0,12.0,23.0,1.0,0.23999999999999999,0.21210000000000001,0.93000000000000005,0.3881,3.0,0.0,3.0,1.0,16.0
0.0,12.0,0.0,2.0,0.26000000000000001,0.2273,0.87,0.29850000000000004,3.0,0.0,4.0,1.0,21.0
0.0,12.0,1.0,1.0,0.26000000000000001,0.2273,0.81000000000000005,0.35820000000000002,3.0,0.0,4.0,1.0,7.0
0.0,12.0,2.0,1.0,0.28000000000000003,0.2727,0.65000000000000002,0.22390000000000002,3.0,0.0,4.0,1.0,4.0
0.0,12.0,3.0,1.0,0.26000000000000001,0.2273,0.59999999999999998,0.29850000000000004,3.0,0.0,4.0,1.0,1.0
0.0,12.0,4.0,2.0,0.23999999999999999,0.19699999999999998,0.59999999999999998,0.4627,3.0,0.0,4.0,1.0,2.0
0.0,12.0,5.0,1.0,0.22,0.21210000000000001,0.64000000000000001,0.22390000000000002,3.0,0.0,4.0,1.0,12.0
0.0,12.0,6.0,1.0,0.22,0.21210000000000001,0.55000000000000004,0.28360000000000002,3.0,0.0,4.0,1.0,71.0
0.0,12.0,7.0,1.0,0.22,0.21210000000000001,0.59999999999999998,0.22390000000000002,3.0,0.0,4.0,1.0,244.0
0.0,12.0,8.0,1.0,0.22,0.21210000000000001,0.55000000000000004,0.28360000000000002,3.0,0.0,4.0,1.0,429.0
0.0,12.0,9.0,1.0,0.23999999999999999,0.21210000000000001,0.52000000000000002,0.3881,3.0,0.0,4.0,1.0,225.0
0.0,12.0,10.0,1.0,0.26000000000000001,0.2273,0.52000000000000002,0.32840000000000003,3.0,0.0,4.0,1.0,110.0
0.0,12.0,11.0,1.0,0.28000000000000003,0.2727,0.52000000000000002,0.25370000000000004,3.0,0.0,4.0,1.0,106.0
0.0,12.0,12.0,1.0,0.28000000000000003,0.2576,0.52000000000000002,0.32840000000000003,3.0,0.0,4.0,1.0,156.0
0.0,12.0,13.0,1.0,0.30000000000000004,0.2727,0.48999999999999999,0.35820000000000002,3.0,0.0,4.0,1.0,124.0
0.0,12.0,14.0,1.0,0.32000000000000001,0.30299999999999999,0.45000000000000001,0.25370000000000004,3.0,0.0,4.0,1.0,137.0
0.0,12.0,15.0,1.0,0.32000000000000001,0.33329999999999999,0.45000000000000001,0.1343,3.0,0.0,4.0,1.0,117.0
0.0,12.0,16.0,1.0,0.32000000000000001,0.31819999999999998,0.45000000000000001,0.19399999999999998,3.0,0.0,4.0,1.0,208.0
0.0,12.0,17.0,1.0,0.30000000000000004,0.31819999999999998,0.48999999999999999,0.1045,3.0,0.0,4.0,1.0,331.0
0.0,12.0,18.0,1.0,0.28000000000000003,0.2727,0.52000000000000002,0.22390000000000002,3.0,0.0,4.0,1.0,318.0
0.0,12.0,19.0,1.0,0.26000000000000001,0.2727,0.56000000000000005,0.1045,3.0,0.0,4.0,1.0,232.0
0.0,12.0,20.0,1.0,0.26000000000000001,0.2727,0.59999999999999998,0.1045,3.0,0.0,4.0,1.0,175.0
0.0,12.0,21.0,1.0,0.28000000000000003,0.30299999999999999,0.60999999999999999,0.089599999999999999,3.0,0.0,4.0,1.0,139.0
0.0,12.0,22.0,1.0,0.26000000000000001,0.2727,0.65000000000000002,0.1343,3.0,0.0,4.0,1.0,92.0
0.0,12.0,23.0,1.0,0.23999999999999999,0.2576,0.69999999999999996,0.1045,3.0,0.0,4.0,1.0,61.0
0.0,12.0,0.0,1.0,0.23999999999999999,0.28789999999999999,0.65000000000000002,0.0,3.0,0.0,5.0,1.0,34.0
0.0,12.0,1.0,1.0,0.23999999999999999,0.28789999999999999,0.65000000000000002,0.0,3.0,0.0,5.0,1.0,14.0
0.0,12.0,2.0,1.0,0.23999999999999999,0.28789999999999999,0.69999999999999996,0.0,3.0,0.0,5.0,1.0,12.0
0.0,12.0,3.0,1.0,0.22,0.2727,0.80000000000000004,0.0,3.0,0.0,5.0,1.0,6.0
0.0,12.0,4.0,1.0,0.22,0.2727,0.80000000000000004,0.0,3.0,0.0,5.0,1.0,2.0
0.0,12.0,5.0,1.0,0.22,0.2727,0.80000000000000004,0.0,3.0,0.0,5.0,1.0,20.0
0.0,12.0,6.0,1.0,0.22,0.2576,0.80000000000000004,0.089599999999999999,3.0,0.0,5.0,1.0,63.0
0.0,12.0,7.0,1.0,0.22,0.2576,0.75,0.089599999999999999,3.0,0.0,5.0,1.0,199.0
0.0,12.0,8.0,1.0,0.23999999999999999,0.28789999999999999,0.81000000000000005,0.0,3.0,0.0,5.0,1.0,385.0
0.0,12.0,9.0,1.0,0.26000000000000001,0.28789999999999999,0.81000000000000005,0.089599999999999999,3.0,0.0,5.0,1.0,264.0
0.0,12.0,10.0,2.0,0.30000000000000004,0.30299999999999999,0.69999999999999996,0.16420000000000001,3.0,0.0,5.0,1.0,126.0
0.0,12.0,11.0,1.0,0.32000000000000001,0.30299999999999999,0.69999999999999996,0.25370000000000004,3.0,0.0,5.0,1.0,136.0
0.0,12.0,12.0,1.0,0.35999999999999999,0.33329999999999999,0.56999999999999995,0.29850000000000004,3.0,0.0,5.0,1.0,173.0
0.0,12.0,13.0,1.0,0.38,0.39390000000000003,0.5,0.19399999999999998,3.0,0.0,5.0,1.0,168.0
0.0,12.0,14.0,1.0,0.38,0.39390000000000003,0.46000000000000002,0.28360000000000002,3.0,0.0,5.0,1.0,187.0
0.0,12.0,15.0,1.0,0.38,0.39390000000000003,0.46000000000000002,0.28360000000000002,3.0,0.0,5.0,1.0,189.0
0.0,12.0,16.0,1.0,0.35999999999999999,0.34850000000000003,0.62,0.1343,3.0,0.0,5.0,1.0,250.0
0.0,12.0,17.0,1.0,0.33999999999999997,0.34850000000000003,0.66000000000000003,0.1045,3.0,0.0,5.0,1.0,362.0
0.0,12.0,18.0,1.0,0.33999999999999997,0.36359999999999998,0.60999999999999999,0.0,3.0,0.0,5.0,1.0,318.0
0.0,12.0,19.0,1.0,0.33999999999999997,0.36359999999999998,0.60999999999999999,0.0,3.0,0.0,5.0,1.0,199.0
0.0,12.0,20.0,1.0,0.30000000000000004,0.33329999999999999,0.81000000000000005,0.0,3.0,0.0,5.0,1.0,150.0
0.0,12.0,21.0,1.0,0.30000000000000004,0.33329999999999999,0.75,0.0,3.0,0.0,5.0,1.0,140.0
0.0,12.0,22.0,1.0,0.28000000000000003,0.31819999999999998,0.87,0.0,3.0,0.0,5.0,1.0,129.0
0.0,12.0,23.0,1.0,0.28000000000000003,0.31819999999999998,0.81000000000000005,0.0,3.0,0.0,5.0,1.0,94.0
0.0,12.0,0.0,2.0,0.26000000000000001,0.2727,0.81000000000000005,0.1045,3.0,0.0,6.0,0.0,77.0
0.0,12.0,1.0,2.0,0.26000000000000001,0.2576,0.69999999999999996,0.16420000000000001,3.0,0.0,6.0,0.0,66.0
0.0,12.0,2.0,2.0,0.28000000000000003,0.30299999999999999,0.60999999999999999,0.089599999999999999,3.0,0.0,6.0,0.0,60.0
0.0,12.0,3.0,2.0,0.28000000000000003,0.30299999999999999,0.60999999999999999,0.089599999999999999,3.0,0.0,6.0,0.0,25.0
0.0,12.0,4.0,2.0,0.26000000000000001,0.2727,0.65000000000000002,0.1045,3.0,0.0,6.0,0.0,3.0
0.0,12.0,5.0,1.0,0.26000000000000001,0.2576,0.59999999999999998,0.16420000000000001,3.0,0.0,6.0,0.0,6.0
0.0,12.0,6.0,1.0,0.23999999999999999,0.2576,0.65000000000000002,0.1045,3.0,0.0,6.0,0.0,11.0
0.0,12.0,7.0,1.0,0.23999999999999999,0.2273,0.65000000000000002,0.19399999999999998,3.0,0.0,6.0,0.0,11.0
0.0,12.0,8.0,1.0,0.26000000000000001,0.2727,0.65000000000000002,0.1343,3.0,0.0,6.0,0.0,73.0
0.0,12.0,9.0,1.0,0.28000000000000003,0.2576,0.60999999999999999,0.28360000000000002,3.0,0.0,6.0,0.0,149.0
0.0,12.0,10.0,1.0,0.32000000000000001,0.30299999999999999,0.56999999999999995,0.25370000000000004,3.0,0.0,6.0,0.0,192.0
0.0,12.0,11.0,1.0,0.32000000000000001,0.28789999999999999,0.53000000000000003,0.41790000000000005,3.0,0.0,6.0,0.0,236.0
0.0,12.0,12.0,1.0,0.32000000000000001,0.28789999999999999,0.45000000000000001,0.41790000000000005,3.0,0.0,6.0,0.0,283.0
0.0,12.0,13.0,1.0,0.33999999999999997,0.30299999999999999,0.34000000000000002,0.41790000000000005,3.0,0.0,6.0,0.0,286.0
0.0,12.0,14.0,1.0,0.33999999999999997,0.30299999999999999,0.31,0.32840000000000003,3.0,0.0,6.0,0.0,293.0
0.0,12.0,15.0,1.0,0.33999999999999997,0.30299999999999999,0.34000000000000002,0.35820000000000002,3.0,0.0,6.0,0.0,299.0
0.0,12.0,16.0,1.0,0.32000000000000001,0.28789999999999999,0.31,0.3881,3.0,0.0,6.0,0.0,241.0
0.0,12.0,17.0,1.0,0.28000000000000003,0.2576,0.35999999999999999,0.32840000000000003,3.0,0.0,6.0,0.0,185.0
0.0,12.0,18.0,1.0,0.26000000000000001,0.2576,0.38,0.22390000000000002,3.0,0.0,6.0,0.0,172.0
0.0,12.0,19.0,1.0,0.26000000000000001,0.24239999999999998,0.38,0.28360000000000002,3.0,0.0,6.0,0.0,154.0
0.0,12.0,20.0,1.0,0.23999999999999999,0.2273,0.34999999999999998,0.22390000000000002,3.0,0.0,6.0,0.0,124.0
0.0,12.0,21.0,1.0,0.22,0.21210000000000001,0.44,0.22390000000000002,3.0,0.0,6.0,0.0,83.0
0.0,12.0,22.0,1.0,0.22,0.2273,0.40999999999999998,0.1343,3.0,0.0,6.0,0.0,95.0
0.0,12.0,23.0,1.0,0.19999999999999998,0.21210000000000001,0.46999999999999997,0.16420000000000001,3.0,0.0,6.0,0.0,66.0
0.0,12.0,0.0,1.0,0.19999999999999998,0.19699999999999998,0.51000000000000001,0.22390000000000002,3.0,0.0,7.0,0.0,74.0
0.0,12.0,1.0,1.0,0.16,0.1515,0.58999999999999997,0.22390000000000002,3.0,0.0,7.0,0.0,62.0
0.0,12.0,2.0,1.0,0.17999999999999999,0.16670000000000001,0.55000000000000004,0.25370000000000004,3.0,0.0,7.0,0.0,52.0
0.0,12.0,3.0,1.0,0.16,0.18179999999999999,0.58999999999999997,0.1343,3.0,0.0,7.0,0.0,19.0
0.0,12.0,4.0,1.0,0.16,0.16670000000000001,0.58999999999999997,0.16420000000000001,3.0,0.0,7.0,0.0,5.0
0.0,12.0,5.0,1.0,0.17999999999999999,0.21210000000000001,0.58999999999999997,0.1045,3.0,0.0,7.0,0.0,6.0
0.0,12.0,6.0,1.0,0.16,0.2273,0.58999999999999997,0.0,3.0,0.0,7.0,0.0,10.0
0.0,12.0,7.0,1.0,0.17999999999999999,0.24239999999999998,0.55000000000000004,0.0,3.0,0.0,7.0,0.0,31.0
0.0,12.0,8.0,1.0,0.16,0.2273,0.68999999999999995,0.0,3.0,0.0,7.0,0.0,72.0
0.0,12.0,9.0,1.0,0.19999999999999998,0.2576,0.58999999999999997,0.0,3.0,0.0,7.0,0.0,107.0
0.0,12.0,10.0,1.0,0.23999999999999999,0.28789999999999999,0.44,0.0,3.0,0.0,7.0,0.0,194.0
0.0,12.0,11.0,1.0,0.26000000000000001,0.30299999999999999,0.34999999999999998,0.0,3.0,0.0,7.0,0.0,197.0
0.0,12.0,12.0,1.0,0.26000000000000001,0.30299999999999999,0.34999999999999998,0.0,3.0,0.0,7.0,0.0,288.0
0.0,12.0,13.0,1.0,0.30000000000000004,0.33329999999999999,0.31,0.0,3.0,0.0,7.0,0.0,268.0
0.0,12.0,14.0,1.0,0.30000000000000004,0.33329999999999999,0.28000000000000003,0.0,3.0,0.0,7.0,0.0,242.0
0.0,12.0,15.0,1.0,0.30000000000000004,0.33329999999999999,0.26000000000000001,0.0,3.0,0.0,7.0,0.0,266.0
0.0,12.0,16.0,1.0,0.30000000000000004,0.33329999999999999,0.26000000000000001,0.0,3.0,0.0,7.0,0.0,206.0
0.0,12.0,17.0,1.0,0.28000000000000003,0.31819999999999998,0.29999999999999999,0.0,3.0,0.0,7.0,0.0,163.0
0.0,12.0,18.0,1.0,0.23999999999999999,0.2273,0.47999999999999998,0.19399999999999998,3.0,0.0,7.0,0.0,163.0
0.0,12.0,19.0,1.0,0.22,0.2273,0.55000000000000004,0.19399999999999998,3.0,0.0,7.0,0.0,105.0
0.0,12.0,20.0,1.0,0.22,0.24239999999999998,0.55000000000000004,0.1045,3.0,0.0,7.0,0.0,72.0
0.0,12.0,21.0,1.0,0.22,0.2727,0.55000000000000004,0.0,3.0,0.0,7.0,0.0,63.0
0.0,12.0,22.0,1.0,0.22,0.2727,0.55000000000000004,0.0,3.0,0.0,7.0,0.0,43.0
0.0,12.0,23.0,1.0,0.19999999999999998,0.2576,0.68999999999999995,0.0,3.0,0.0,7.0,0.0,35.0
0.0,12.0,0.0,1.0,0.19999999999999998,0.2273,0.68999999999999995,0.089599999999999999,3.0,0.0,1.0,1.0,20.0
0.0,12.0,1.0,1.0,0.19999999999999998,0.2576,0.68999999999999995,0.0,3.0,0.0,1.0,1.0,9.0
0.0,12.0,2.0,1.0,0.19999999999999998,0.2576,0.68999999999999995,0.0,3.0,0.0,1.0,1.0,4.0
0.0,12.0,3.0,1.0,0.17999999999999999,0.24239999999999998,0.73999999999999999,0.0,3.0,0.0,1.0,1.0,2.0
0.0,12.0,4.0,1.0,0.17999999999999999,0.24239999999999998,0.73999999999999999,0.0,3.0,0.0,1.0,1.0,3.0
0.0,12.0,5.0,1.0,0.16,0.2273,0.80000000000000004,0.0,3.0,0.0,1.0,1.0,21.0
0.0,12.0,6.0,1.0,0.16,0.18179999999999999,0.80000000000000004,0.1045,3.0,0.0,1.0,1.0,64.0
0.0,12.0,7.0,1.0,0.14000000000000001,0.1515,0.85999999999999999,0.1343,3.0,0.0,1.0,1.0,235.0
0.0,12.0,8.0,2.0,0.16,0.18179999999999999,0.80000000000000004,0.1045,3.0,0.0,1.0,1.0,385.0
0.0,12.0,9.0,2.0,0.17999999999999999,0.21210000000000001,0.73999999999999999,0.089599999999999999,3.0,0.0,1.0,1.0,220.0
0.0,12.0,10.0,2.0,0.22,0.24239999999999998,0.68999999999999995,0.1045,3.0,0.0,1.0,1.0,105.0
0.0,12.0,11.0,2.0,0.26000000000000001,0.28789999999999999,0.59999999999999998,0.089599999999999999,3.0,0.0,1.0,1.0,115.0
0.0,12.0,12.0,1.0,0.28000000000000003,0.28789999999999999,0.52000000000000002,0.1045,3.0,0.0,1.0,1.0,145.0
0.0,12.0,13.0,2.0,0.30000000000000004,0.31819999999999998,0.52000000000000002,0.1045,3.0,0.0,1.0,1.0,166.0
0.0,12.0,14.0,2.0,0.32000000000000001,0.33329999999999999,0.53000000000000003,0.1343,3.0,0.0,1.0,1.0,111.0
0.0,12.0,15.0,2.0,0.32000000000000001,0.33329999999999999,0.56999999999999995,0.1045,3.0,0.0,1.0,1.0,132.0
0.0,12.0,16.0,2.0,0.32000000000000001,0.33329999999999999,0.56999999999999995,0.089599999999999999,3.0,0.0,1.0,1.0,214.0
0.0,12.0,17.0,2.0,0.30000000000000004,0.33329999999999999,0.56000000000000005,0.0,3.0,0.0,1.0,1.0,359.0
0.0,12.0,18.0,1.0,0.30000000000000004,0.31819999999999998,0.56000000000000005,0.089599999999999999,3.0,0.0,1.0,1.0,357.0
0.0,12.0,19.0,1.0,0.28000000000000003,0.30299999999999999,0.60999999999999999,0.089599999999999999,3.0,0.0,1.0,1.0,241.0
0.0,12.0,20.0,1.0,0.30000000000000004,0.31819999999999998,0.56000000000000005,0.089599999999999999,3.0,0.0,1.0,1.0,165.0
0.0,12.0,21.0,1.0,0.26000000000000001,0.30299999999999999,0.81000000000000005,0.0,3.0,0.0,1.0,1.0,121.0
0.0,12.0,22.0,1.0,0.26000000000000001,0.30299999999999999,0.69999999999999996,0.0,3.0,0.0,1.0,1.0,71.0
0.0,12.0,23.0,1.0,0.23999999999999999,0.28789999999999999,0.75,0.0,3.0,0.0,1.0,1.0,45.0
0.0,12.0,0.0,1.0,0.22,0.2727,0.80000000000000004,0.0,3.0,0.0,2.0,1.0,17.0
0.0,12.0,1.0,1.0,0.19999999999999998,0.2576,0.80000000000000004,0.0,3.0,0.0,2.0,1.0,4.0
0.0,12.0,2.0,1.0,0.19999999999999998,0.2576,0.80000000000000004,0.0,3.0,0.0,2.0,1.0,2.0
0.0,12.0,3.0,1.0,0.17999999999999999,0.24239999999999998,0.80000000000000004,0.0,3.0,0.0,2.0,1.0,3.0
0.0,12.0,4.0,1.0,0.19999999999999998,0.2576,0.80000000000000004,0.0,3.0,0.0,2.0,1.0,4.0
0.0,12.0,5.0,1.0,0.17999999999999999,0.24239999999999998,0.85999999999999999,0.0,3.0,0.0,2.0,1.0,20.0
0.0,12.0,6.0,1.0,0.19999999999999998,0.2576,0.80000000000000004,0.0,3.0,0.0,2.0,1.0,92.0
0.0,12.0,7.0,1.0,0.16,0.16670000000000001,0.80000000000000004,0.16420000000000001,3.0,0.0,2.0,1.0,223.0
0.0,12.0,8.0,1.0,0.19999999999999998,0.2273,0.68999999999999995,0.1045,3.0,0.0,2.0,1.0,400.0
0.0,12.0,9.0,1.0,0.26000000000000001,0.2576,0.59999999999999998,0.16420000000000001,3.0,0.0,2.0,1.0,233.0
0.0,12.0,10.0,1.0,0.30000000000000004,0.30299999999999999,0.52000000000000002,0.16420000000000001,3.0,0.0,2.0,1.0,102.0
0.0,12.0,11.0,1.0,0.33999999999999997,0.31819999999999998,0.46000000000000002,0.25370000000000004,3.0,0.0,2.0,1.0,124.0
0.0,12.0,12.0,1.0,0.35999999999999999,0.33329999999999999,0.42999999999999999,0.35820000000000002,3.0,0.0,2.0,1.0,167.0
0.0,12.0,13.0,1.0,0.39999999999999997,0.40909999999999996,0.37,0.32840000000000003,3.0,0.0,2.0,1.0,127.0
0.0,12.0,14.0,1.0,0.39999999999999997,0.40909999999999996,0.37,0.25370000000000004,3.0,0.0,2.0,1.0,134.0
0.0,12.0,15.0,1.0,0.39999999999999997,0.40909999999999996,0.34999999999999998,0.25370000000000004,3.0,0.0,2.0,1.0,151.0
0.0,12.0,16.0,1.0,0.38,0.39390000000000003,0.37,0.25370000000000004,3.0,0.0,2.0,1.0,207.0
0.0,12.0,17.0,1.0,0.35999999999999999,0.34850000000000003,0.40000000000000002,0.19399999999999998,3.0,0.0,2.0,1.0,398.0
0.0,12.0,18.0,1.0,0.33999999999999997,0.31819999999999998,0.41999999999999998,0.22390000000000002,3.0,0.0,2.0,1.0,382.0
0.0,12.0,19.0,1.0,0.32000000000000001,0.31819999999999998,0.48999999999999999,0.16420000000000001,3.0,0.0,2.0,1.0,267.0
0.0,12.0,20.0,1.0,0.32000000000000001,0.31819999999999998,0.48999999999999999,0.16420000000000001,3.0,0.0,2.0,1.0,161.0
0.0,12.0,21.0,1.0,0.30000000000000004,0.30299999999999999,0.52000000000000002,0.16420000000000001,3.0,0.0,2.0,1.0,139.0
0.0,12.0,22.0,1.0,0.30000000000000004,0.30299999999999999,0.52000000000000002,0.16420000000000001,3.0,0.0,2.0,1.0,107.0
0.0,12.0,23.0,1.0,0.26000000000000001,0.30299999999999999,0.69999999999999996,0.0,3.0,0.0,2.0,1.0,59.0
0.0,12.0,0.0,1.0,0.26000000000000001,0.30299999999999999,0.75,0.0,3.0,0.0,3.0,1.0,22.0
0.0,12.0,1.0,1.0,0.26000000000000001,0.30299999999999999,0.75,0.0,3.0,0.0,3.0,1.0,8.0
0.0,12.0,2.0,1.0,0.26000000000000001,0.30299999999999999,0.75,0.0,3.0,0.0,3.0,1.0,2.0
0.0,12.0,3.0,1.0,0.28000000000000003,0.31819999999999998,0.65000000000000002,0.0,3.0,0.0,3.0,1.0,3.0
0.0,12.0,4.0,1.0,0.26000000000000001,0.30299999999999999,0.75,0.0,3.0,0.0,3.0,1.0,4.0
0.0,12.0,5.0,2.0,0.26000000000000001,0.30299999999999999,0.81000000000000005,0.0,3.0,0.0,3.0,1.0,26.0
0.0,12.0,6.0,2.0,0.26000000000000001,0.30299999999999999,0.87,0.0,3.0,0.0,3.0,1.0,87.0
0.0,12.0,7.0,1.0,0.28000000000000003,0.31819999999999998,0.75,0.0,3.0,0.0,3.0,1.0,247.0
0.0,12.0,8.0,2.0,0.26000000000000001,0.30299999999999999,0.87,0.0,3.0,0.0,3.0,1.0,467.0
0.0,12.0,9.0,2.0,0.30000000000000004,0.33329999999999999,0.60999999999999999,0.0,3.0,0.0,3.0,1.0,239.0
0.0,12.0,10.0,2.0,0.32000000000000001,0.34850000000000003,0.56999999999999995,0.0,3.0,0.0,3.0,1.0,142.0
0.0,12.0,11.0,2.0,0.33999999999999997,0.36359999999999998,0.55000000000000004,0.0,3.0,0.0,3.0,1.0,115.0
0.0,12.0,12.0,2.0,0.35999999999999999,0.36359999999999998,0.56999999999999995,0.089599999999999999,3.0,0.0,3.0,1.0,144.0
0.0,12.0,13.0,2.0,0.35999999999999999,0.36359999999999998,0.56999999999999995,0.1045,3.0,0.0,3.0,1.0,133.0
0.0,12.0,14.0,2.0,0.38,0.39390000000000003,0.54000000000000004,0.089599999999999999,3.0,0.0,3.0,1.0,151.0
0.0,12.0,15.0,2.0,0.38,0.39390000000000003,0.54000000000000004,0.1045,3.0,0.0,3.0,1.0,167.0
0.0,12.0,16.0,2.0,0.38,0.39390000000000003,0.54000000000000004,0.1045,3.0,0.0,3.0,1.0,245.0
0.0,12.0,17.0,2.0,0.35999999999999999,0.36359999999999998,0.56999999999999995,0.1045,3.0,0.0,3.0,1.0,396.0
0.0,12.0,18.0,2.0,0.35999999999999999,0.34850000000000003,0.62,0.16420000000000001,3.0,0.0,3.0,1.0,390.0
0.0,12.0,19.0,2.0,0.35999999999999999,0.36359999999999998,0.62,0.1045,3.0,0.0,3.0,1.0,268.0
0.0,12.0,20.0,2.0,0.33999999999999997,0.34850000000000003,0.66000000000000003,0.1045,3.0,0.0,3.0,1.0,175.0
0.0,12.0,21.0,2.0,0.33999999999999997,0.33329999999999999,0.66000000000000003,0.16420000000000001,3.0,0.0,3.0,1.0,154.0
0.0,12.0,22.0,1.0,0.33999999999999997,0.33329999999999999,0.66000000000000003,0.16420000000000001,3.0,0.0,3.0,1.0,104.0
0.0,12.0,23.0,1.0,0.32000000000000001,0.31819999999999998,0.69999999999999996,0.16420000000000001,3.0,0.0,3.0,1.0,51.0
0.0,12.0,0.0,1.0,0.32000000000000001,0.31819999999999998,0.69999999999999996,0.16420000000000001,3.0,0.0,4.0,1.0,50.0
0.0,12.0,1.0,2.0,0.32000000000000001,0.31819999999999998,0.69999999999999996,0.16420000000000001,3.0,0.0,4.0,1.0,20.0
0.0,12.0,2.0,2.0,0.32000000000000001,0.33329999999999999,0.69999999999999996,0.1343,3.0,0.0,4.0,1.0,7.0
0.0,12.0,3.0,2.0,0.32000000000000001,0.33329999999999999,0.69999999999999996,0.1343,3.0,0.0,4.0,1.0,3.0
0.0,12.0,4.0,2.0,0.32000000000000001,0.30299999999999999,0.69999999999999996,0.22390000000000002,3.0,0.0,4.0,1.0,6.0
0.0,12.0,5.0,2.0,0.32000000000000001,0.30299999999999999,0.69999999999999996,0.28360000000000002,3.0,0.0,4.0,1.0,24.0
0.0,12.0,6.0,1.0,0.32000000000000001,0.31819999999999998,0.66000000000000003,0.19399999999999998,3.0,0.0,4.0,1.0,92.0
0.0,12.0,7.0,1.0,0.32000000000000001,0.31819999999999998,0.69999999999999996,0.19399999999999998,3.0,0.0,4.0,1.0,258.0
0.0,12.0,8.0,2.0,0.33999999999999997,0.31819999999999998,0.66000000000000003,0.22390000000000002,3.0,0.0,4.0,1.0,457.0
0.0,12.0,9.0,2.0,0.35999999999999999,0.33329999999999999,0.62,0.28360000000000002,3.0,0.0,4.0,1.0,280.0
0.0,12.0,10.0,2.0,0.39999999999999997,0.40909999999999996,0.57999999999999996,0.29850000000000004,3.0,0.0,4.0,1.0,109.0
0.0,12.0,11.0,2.0,0.39999999999999997,0.40909999999999996,0.62,0.41790000000000005,3.0,0.0,4.0,1.0,135.0
0.0,12.0,12.0,2.0,0.45999999999999996,0.45450000000000002,0.58999999999999997,0.49250000000000005,3.0,0.0,4.0,1.0,157.0
0.0,12.0,13.0,2.0,0.5,0.48479999999999995,0.55000000000000004,0.35820000000000002,3.0,0.0,4.0,1.0,164.0
0.0,12.0,14.0,2.0,0.52000000000000002,0.5,0.52000000000000002,0.32840000000000003,3.0,0.0,4.0,1.0,132.0
0.0,12.0,15.0,3.0,0.52000000000000002,0.5,0.55000000000000004,0.22390000000000002,3.0,0.0,4.0,1.0,82.0
0.0,12.0,16.0,3.0,0.45999999999999996,0.45450000000000002,0.71999999999999997,0.16420000000000001,3.0,0.0,4.0,1.0,131.0
0.0,12.0,17.0,2.0,0.52000000000000002,0.5,0.58999999999999997,0.28360000000000002,3.0,0.0,4.0,1.0,324.0
0.0,12.0,18.0,2.0,0.52000000000000002,0.5,0.58999999999999997,0.29850000000000004,3.0,0.0,4.0,1.0,377.0
0.0,12.0,19.0,2.0,0.52000000000000002,0.5,0.58999999999999997,0.28360000000000002,3.0,0.0,4.0,1.0,287.0
0.0,12.0,20.0,1.0,0.52000000000000002,0.5,0.58999999999999997,0.32840000000000003,3.0,0.0,4.0,1.0,221.0
0.0,12.0,21.0,1.0,0.5,0.48479999999999995,0.63,0.29850000000000004,3.0,0.0,4.0,1.0,155.0
0.0,12.0,22.0,1.0,0.52000000000000002,0.5,0.63,0.32840000000000003,3.0,0.0,4.0,1.0,124.0
0.0,12.0,23.0,1.0,0.52000000000000002,0.5,0.63,0.32840000000000003,3.0,0.0,4.0,1.0,114.0
0.0,12.0,0.0,1.0,0.5,0.48479999999999995,0.71999999999999997,0.32840000000000003,3.0,0.0,5.0,1.0,72.0
0.0,12.0,1.0,1.0,0.5,0.48479999999999995,0.71999999999999997,0.22390000000000002,3.0,0.0,5.0,1.0,31.0
0.0,12.0,2.0,1.0,0.47999999999999998,0.46970000000000001,0.77000000000000002,0.1045,3.0,0.0,5.0,1.0,23.0
0.0,12.0,3.0,1.0,0.45999999999999996,0.45450000000000002,0.81999999999999995,0.1343,3.0,0.0,5.0,1.0,5.0
0.0,12.0,4.0,2.0,0.5,0.48479999999999995,0.58999999999999997,0.19399999999999998,3.0,0.0,5.0,1.0,5.0
0.0,12.0,5.0,1.0,0.47999999999999998,0.46970000000000001,0.44,0.3881,3.0,0.0,5.0,1.0,26.0
0.0,12.0,6.0,2.0,0.44,0.43939999999999996,0.33000000000000002,0.29850000000000004,3.0,0.0,5.0,1.0,82.0
0.0,12.0,7.0,2.0,0.38,0.39390000000000003,0.46000000000000002,0.29850000000000004,3.0,0.0,5.0,1.0,231.0
0.0,12.0,8.0,1.0,0.35999999999999999,0.33329999999999999,0.46000000000000002,0.41790000000000005,3.0,0.0,5.0,1.0,459.0
0.0,12.0,9.0,1.0,0.35999999999999999,0.33329999999999999,0.46000000000000002,0.3881,3.0,0.0,5.0,1.0,243.0
0.0,12.0,10.0,1.0,0.33999999999999997,0.30299999999999999,0.46000000000000002,0.29850000000000004,3.0,0.0,5.0,1.0,132.0
0.0,12.0,11.0,2.0,0.33999999999999997,0.30299999999999999,0.41999999999999998,0.29850000000000004,3.0,0.0,5.0,1.0,144.0
0.0,12.0,12.0,2.0,0.33999999999999997,0.30299999999999999,0.41999999999999998,0.35820000000000002,3.0,0.0,5.0,1.0,173.0
0.0,12.0,13.0,2.0,0.33999999999999997,0.30299999999999999,0.39000000000000001,0.35820000000000002,3.0,0.0,5.0,1.0,137.0
0.0,12.0,14.0,2.0,0.33999999999999997,0.31819999999999998,0.41999999999999998,0.22390000000000002,3.0,0.0,5.0,1.0,128.0
0.0,12.0,15.0,2.0,0.32000000000000001,0.30299999999999999,0.45000000000000001,0.29850000000000004,3.0,0.0,5.0,1.0,153.0
0.0,12.0,16.0,2.0,0.32000000000000001,0.30299999999999999,0.45000000000000001,0.22390000000000002,3.0,0.0,5.0,1.0,224.0
0.0,12.0,17.0,2.0,0.32000000000000001,0.30299999999999999,0.45000000000000001,0.28360000000000002,3.0,0.0,5.0,1.0,365.0
0.0,12.0,18.0,2.0,0.32000000000000001,0.30299999999999999,0.45000000000000001,0.25370000000000004,3.0,0.0,5.0,1.0,295.0
0.0,12.0,19.0,2.0,0.32000000000000001,0.30299999999999999,0.45000000000000001,0.22390000000000002,3.0,0.0,5.0,1.0,214.0
0.0,12.0,20.0,2.0,0.32000000000000001,0.31819999999999998,0.45000000000000001,0.19399999999999998,3.0,0.0,5.0,1.0,152.0
0.0,12.0,21.0,2.0,0.32000000000000001,0.31819999999999998,0.45000000000000001,0.16420000000000001,3.0,0.0,5.0,1.0,102.0
0.0,12.0,22.0,2.0,0.30000000000000004,0.30299999999999999,0.48999999999999999,0.16420000000000001,3.0,0.0,5.0,1.0,106.0
0.0,12.0,23.0,2.0,0.30000000000000004,0.30299999999999999,0.48999999999999999,0.1343,3.0,0.0,5.0,1.0,75.0
0.0,12.0,0.0,1.0,0.30000000000000004,0.28789999999999999,0.48999999999999999,0.28360000000000002,3.0,0.0,6.0,0.0,62.0
0.0,12.0,1.0,2.0,0.30000000000000004,0.28789999999999999,0.52000000000000002,0.25370000000000004,3.0,0.0,6.0,0.0,43.0
0.0,12.0,2.0,2.0,0.28000000000000003,0.2727,0.56000000000000005,0.22390000000000002,3.0,0.0,6.0,0.0,58.0
0.0,12.0,3.0,1.0,0.26000000000000001,0.2576,0.59999999999999998,0.19399999999999998,3.0,0.0,6.0,0.0,26.0
0.0,12.0,4.0,1.0,0.23999999999999999,0.24239999999999998,0.65000000000000002,0.16420000000000001,3.0,0.0,6.0,0.0,9.0
0.0,12.0,5.0,2.0,0.26000000000000001,0.2576,0.59999999999999998,0.19399999999999998,3.0,0.0,6.0,0.0,9.0
0.0,12.0,6.0,2.0,0.26000000000000001,0.24239999999999998,0.56000000000000005,0.28360000000000002,3.0,0.0,6.0,0.0,17.0
0.0,12.0,7.0,2.0,0.26000000000000001,0.2576,0.56000000000000005,0.22390000000000002,3.0,0.0,6.0,0.0,20.0
0.0,12.0,8.0,2.0,0.26000000000000001,0.2576,0.56000000000000005,0.22390000000000002,3.0,0.0,6.0,0.0,59.0
0.0,12.0,9.0,2.0,0.26000000000000001,0.24239999999999998,0.56000000000000005,0.25370000000000004,3.0,0.0,6.0,0.0,100.0
0.0,12.0,10.0,2.0,0.26000000000000001,0.24239999999999998,0.52000000000000002,0.28360000000000002,3.0,0.0,6.0,0.0,181.0
0.0,12.0,11.0,2.0,0.28000000000000003,0.2576,0.45000000000000001,0.32840000000000003,3.0,0.0,6.0,0.0,209.0
0.0,12.0,12.0,2.0,0.28000000000000003,0.2576,0.45000000000000001,0.28360000000000002,3.0,0.0,6.0,0.0,244.0
0.0,12.0,13.0,2.0,0.28000000000000003,0.2727,0.47999999999999998,0.25370000000000004,3.0,0.0,6.0,0.0,236.0
0.0,12.0,14.0,1.0,0.28000000000000003,0.2576,0.45000000000000001,0.35820000000000002,3.0,0.0,6.0,0.0,237.0
0.0,12.0,15.0,1.0,0.28000000000000003,0.2576,0.45000000000000001,0.28360000000000002,3.0,0.0,6.0,0.0,228.0
0.0,12.0,16.0,1.0,0.28000000000000003,0.2727,0.45000000000000001,0.22390000000000002,3.0,0.0,6.0,0.0,222.0
0.0,12.0,17.0,1.0,0.26000000000000001,0.2576,0.47999999999999998,0.22390000000000002,3.0,0.0,6.0,0.0,165.0
0.0,12.0,18.0,1.0,0.26000000000000001,0.2273,0.47999999999999998,0.3881,3.0,0.0,6.0,0.0,157.0
0.0,12.0,19.0,3.0,0.23999999999999999,0.21210000000000001,0.65000000000000002,0.32840000000000003,3.0,0.0,6.0,0.0,106.0
0.0,12.0,20.0,1.0,0.22,0.21210000000000001,0.68999999999999995,0.25370000000000004,3.0,0.0,6.0,0.0,106.0
0.0,12.0,21.0,1.0,0.19999999999999998,0.21210000000000001,0.75,0.16420000000000001,3.0,0.0,6.0,0.0,96.0
0.0,12.0,22.0,1.0,0.19999999999999998,0.21210000000000001,0.75,0.16420000000000001,3.0,0.0,6.0,0.0,80.0
0.0,12.0,23.0,1.0,0.19999999999999998,0.2273,0.75,0.0,3.0,0.0,6.0,0.0,69.0
0.0,12.0,0.0,1.0,0.19999999999999998,0.21210000000000001,0.75,0.1343,3.0,0.0,7.0,0.0,71.0
0.0,12.0,1.0,1.0,0.19999999999999998,0.2273,0.68999999999999995,0.1045,3.0,0.0,7.0,0.0,46.0
0.0,12.0,2.0,1.0,0.22,0.24239999999999998,0.55000000000000004,0.1045,3.0,0.0,7.0,0.0,41.0
0.0,12.0,3.0,1.0,0.22,0.21210000000000001,0.55000000000000004,0.22390000000000002,3.0,0.0,7.0,0.0,18.0
0.0,12.0,4.0,1.0,0.22,0.21210000000000001,0.55000000000000004,0.22390000000000002,3.0,0.0,7.0,0.0,1.0
0.0,12.0,5.0,1.0,0.19999999999999998,0.2273,0.58999999999999997,0.1045,3.0,0.0,7.0,0.0,5.0
0.0,12.0,6.0,1.0,0.19999999999999998,0.21210000000000001,0.58999999999999997,0.1343,3.0,0.0,7.0,0.0,3.0
0.0,12.0,7.0,1.0,0.19999999999999998,0.21210000000000001,0.58999999999999997,0.16420000000000001,3.0,0.0,7.0,0.0,12.0
0.0,12.0,8.0,1.0,0.19999999999999998,0.2576,0.68999999999999995,0.0,3.0,0.0,7.0,0.0,32.0
0.0,12.0,9.0,1.0,0.22,0.2273,0.64000000000000001,0.16420000000000001,3.0,0.0,7.0,0.0,81.0
0.0,12.0,10.0,1.0,0.23999999999999999,0.2273,0.59999999999999998,0.25370000000000004,3.0,0.0,7.0,0.0,129.0
0.0,12.0,11.0,2.0,0.23999999999999999,0.2273,0.59999999999999998,0.22390000000000002,3.0,0.0,7.0,0.0,188.0
0.0,12.0,12.0,1.0,0.26000000000000001,0.2576,0.59999999999999998,0.22390000000000002,3.0,0.0,7.0,0.0,228.0
0.0,12.0,13.0,1.0,0.30000000000000004,0.2727,0.48999999999999999,0.29850000000000004,3.0,0.0,7.0,0.0,228.0
0.0,12.0,14.0,1.0,0.30000000000000004,0.28789999999999999,0.48999999999999999,0.28360000000000002,3.0,0.0,7.0,0.0,219.0
0.0,12.0,15.0,1.0,0.32000000000000001,0.30299999999999999,0.45000000000000001,0.28360000000000002,3.0,0.0,7.0,0.0,207.0
0.0,12.0,16.0,1.0,0.28000000000000003,0.2727,0.47999999999999998,0.25370000000000004,3.0,0.0,7.0,0.0,234.0
0.0,12.0,17.0,1.0,0.28000000000000003,0.2727,0.46000000000000002,0.16420000000000001,3.0,0.0,7.0,0.0,136.0
0.0,12.0,18.0,1.0,0.28000000000000003,0.2727,0.45000000000000001,0.19399999999999998,3.0,0.0,7.0,0.0,138.0
0.0,12.0,19.0,1.0,0.26000000000000001,0.2727,0.52000000000000002,0.1343,3.0,0.0,7.0,0.0,135.0
0.0,12.0,20.0,1.0,0.23999999999999999,0.2576,0.59999999999999998,0.1045,3.0,0.0,7.0,0.0,104.0
0.0,12.0,21.0,1.0,0.22,0.2727,0.64000000000000001,0.0,3.0,0.0,7.0,0.0,89.0
0.0,12.0,22.0,1.0,0.22,0.2273,0.75,0.19399999999999998,3.0,0.0,7.0,0.0,49.0
0.0,12.0,23.0,1.0,0.19999999999999998,0.2273,0.75,0.1045,3.0,0.0,7.0,0.0,37.0
0.0,12.0,0.0,1.0,0.19999999999999998,0.2273,0.75,0.089599999999999999,3.0,0.0,1.0,1.0,17.0
0.0,12.0,1.0,1.0,0.17999999999999999,0.21210000000000001,0.80000000000000004,0.089599999999999999,3.0,0.0,1.0,1.0,11.0
0.0,12.0,2.0,1.0,0.17999999999999999,0.21210000000000001,0.80000000000000004,0.089599999999999999,3.0,0.0,1.0,1.0,3.0
0.0,12.0,3.0,1.0,0.16,0.19699999999999998,0.85999999999999999,0.089599999999999999,3.0,0.0,1.0,1.0,3.0
0.0,12.0,4.0,1.0,0.16,0.18179999999999999,0.85999999999999999,0.1343,3.0,0.0,1.0,1.0,4.0
0.0,12.0,5.0,1.0,0.14000000000000001,0.16670000000000001,0.93000000000000005,0.1045,3.0,0.0,1.0,1.0,21.0
0.0,12.0,6.0,1.0,0.16,0.18179999999999999,0.85999999999999999,0.1045,3.0,0.0,1.0,1.0,68.0
0.0,12.0,7.0,1.0,0.17999999999999999,0.21210000000000001,0.73999999999999999,0.1045,3.0,0.0,1.0,1.0,191.0
0.0,12.0,8.0,1.0,0.19999999999999998,0.19699999999999998,0.75,0.19399999999999998,3.0,0.0,1.0,1.0,397.0
0.0,12.0,9.0,1.0,0.22,0.21210000000000001,0.68999999999999995,0.22390000000000002,3.0,0.0,1.0,1.0,183.0
0.0,12.0,10.0,1.0,0.23999999999999999,0.2273,0.67000000000000004,0.19399999999999998,3.0,0.0,1.0,1.0,108.0
0.0,12.0,11.0,1.0,0.26000000000000001,0.24239999999999998,0.65000000000000002,0.25370000000000004,3.0,0.0,1.0,1.0,127.0
0.0,12.0,12.0,1.0,0.30000000000000004,0.2727,0.60999999999999999,0.32840000000000003,3.0,0.0,1.0,1.0,141.0
0.0,12.0,13.0,1.0,0.33999999999999997,0.30299999999999999,0.48999999999999999,0.32840000000000003,3.0,0.0,1.0,1.0,142.0
0.0,12.0,14.0,1.0,0.35999999999999999,0.34850000000000003,0.46000000000000002,0.22390000000000002,3.0,0.0,1.0,1.0,137.0
0.0,12.0,15.0,1.0,0.38,0.39390000000000003,0.46000000000000002,0.16420000000000001,3.0,0.0,1.0,1.0,159.0
0.0,12.0,16.0,1.0,0.39999999999999997,0.40909999999999996,0.40000000000000002,0.25370000000000004,3.0,0.0,1.0,1.0,208.0
0.0,12.0,17.0,1.0,0.38,0.39390000000000003,0.46000000000000002,0.19399999999999998,3.0,0.0,1.0,1.0,378.0
0.0,12.0,18.0,1.0,0.35999999999999999,0.34850000000000003,0.5,0.19399999999999998,3.0,0.0,1.0,1.0,354.0
0.0,12.0,19.0,2.0,0.35999999999999999,0.34850000000000003,0.53000000000000003,0.16420000000000001,3.0,0.0,1.0,1.0,251.0
0.0,12.0,20.0,1.0,0.39999999999999997,0.40909999999999996,0.40000000000000002,0.16420000000000001,3.0,0.0,1.0,1.0,206.0
0.0,12.0,21.0,2.0,0.35999999999999999,0.34850000000000003,0.53000000000000003,0.1343,3.0,0.0,1.0,1.0,127.0
0.0,12.0,22.0,2.0,0.35999999999999999,0.34850000000000003,0.56999999999999995,0.16420000000000001,3.0,0.0,1.0,1.0,107.0
0.0,12.0,23.0,1.0,0.35999999999999999,0.34850000000000003,0.53000000000000003,0.16420000000000001,3.0,0.0,1.0,1.0,60.0
0.0,12.0,0.0,1.0,0.35999999999999999,0.36359999999999998,0.56999999999999995,0.1045,3.0,0.0,2.0,1.0,21.0
0.0,12.0,1.0,1.0,0.35999999999999999,0.37880000000000003,0.53000000000000003,0.0,3.0,0.0,2.0,1.0,6.0
0.0,12.0,2.0,2.0,0.33999999999999997,0.36359999999999998,0.60999999999999999,0.0,3.0,0.0,2.0,1.0,11.0
0.0,12.0,3.0,2.0,0.33999999999999997,0.36359999999999998,0.60999999999999999,0.0,3.0,0.0,2.0,1.0,2.0
0.0,12.0,4.0,2.0,0.35999999999999999,0.36359999999999998,0.53000000000000003,0.1045,3.0,0.0,2.0,1.0,4.0
0.0,12.0,5.0,2.0,0.35999999999999999,0.37880000000000003,0.56999999999999995,0.0,3.0,0.0,2.0,1.0,15.0
0.0,12.0,6.0,2.0,0.35999999999999999,0.37880000000000003,0.56999999999999995,0.0,3.0,0.0,2.0,1.0,72.0
0.0,12.0,7.0,2.0,0.35999999999999999,0.37880000000000003,0.62,0.0,3.0,0.0,2.0,1.0,268.0
0.0,12.0,8.0,2.0,0.41999999999999998,0.42420000000000002,0.54000000000000004,0.089599999999999999,3.0,0.0,2.0,1.0,432.0
0.0,12.0,9.0,2.0,0.35999999999999999,0.37880000000000003,0.66000000000000003,0.0,3.0,0.0,2.0,1.0,259.0
0.0,12.0,10.0,2.0,0.41999999999999998,0.42420000000000002,0.57999999999999996,0.19399999999999998,3.0,0.0,2.0,1.0,129.0
0.0,12.0,11.0,2.0,0.39999999999999997,0.40909999999999996,0.62,0.16420000000000001,3.0,0.0,2.0,1.0,129.0
0.0,12.0,12.0,2.0,0.44,0.43939999999999996,0.54000000000000004,0.1343,3.0,0.0,2.0,1.0,175.0
0.0,12.0,13.0,2.0,0.44,0.43939999999999996,0.54000000000000004,0.1343,3.0,0.0,2.0,1.0,181.0
0.0,12.0,14.0,2.0,0.44,0.43939999999999996,0.57999999999999996,0.1045,3.0,0.0,2.0,1.0,138.0
0.0,12.0,15.0,2.0,0.44,0.43939999999999996,0.54000000000000004,0.0,3.0,0.0,2.0,1.0,154.0
0.0,12.0,16.0,1.0,0.44,0.43939999999999996,0.54000000000000004,0.0,3.0,0.0,2.0,1.0,238.0
0.0,12.0,17.0,1.0,0.39999999999999997,0.40909999999999996,0.62,0.16420000000000001,3.0,0.0,2.0,1.0,431.0
0.0,12.0,18.0,1.0,0.38,0.39390000000000003,0.66000000000000003,0.19399999999999998,3.0,0.0,2.0,1.0,411.0
0.0,12.0,19.0,1.0,0.38,0.39390000000000003,0.66000000000000003,0.0,3.0,0.0,2.0,1.0,224.0
0.0,12.0,20.0,1.0,0.35999999999999999,0.37880000000000003,0.66000000000000003,0.0,3.0,0.0,2.0,1.0,147.0
0.0,12.0,21.0,1.0,0.35999999999999999,0.36359999999999998,0.66000000000000003,0.089599999999999999,3.0,0.0,2.0,1.0,143.0
0.0,12.0,22.0,2.0,0.35999999999999999,0.37880000000000003,0.66000000000000003,0.0,3.0,0.0,2.0,1.0,107.0
0.0,12.0,23.0,2.0,0.38,0.39390000000000003,0.62,0.0,3.0,0.0,2.0,1.0,53.0
0.0,12.0,0.0,2.0,0.33999999999999997,0.33329999999999999,0.70999999999999996,0.1343,3.0,0.0,3.0,1.0,25.0
0.0,12.0,1.0,2.0,0.35999999999999999,0.36359999999999998,0.66000000000000003,0.1045,3.0,0.0,3.0,1.0,11.0
0.0,12.0,2.0,2.0,0.35999999999999999,0.37880000000000003,0.70999999999999996,0.0,3.0,0.0,3.0,1.0,4.0
0.0,12.0,3.0,2.0,0.35999999999999999,0.37880000000000003,0.70999999999999996,0.0,3.0,0.0,3.0,1.0,2.0
0.0,12.0,4.0,2.0,0.35999999999999999,0.37880000000000003,0.70999999999999996,0.0,3.0,0.0,3.0,1.0,2.0
0.0,12.0,5.0,2.0,0.38,0.39390000000000003,0.81999999999999995,0.1045,3.0,0.0,3.0,1.0,28.0
0.0,12.0,6.0,2.0,0.35999999999999999,0.37880000000000003,0.87,0.0,3.0,0.0,3.0,1.0,76.0
0.0,12.0,7.0,2.0,0.35999999999999999,0.36359999999999998,0.87,0.1045,3.0,0.0,3.0,1.0,229.0
0.0,12.0,8.0,3.0,0.35999999999999999,0.37880000000000003,0.93000000000000005,0.0,3.0,0.0,3.0,1.0,405.0
0.0,12.0,9.0,2.0,0.39999999999999997,0.40909999999999996,0.87,0.22390000000000002,3.0,0.0,3.0,1.0,234.0
0.0,12.0,10.0,2.0,0.47999999999999998,0.46970000000000001,0.81999999999999995,0.41790000000000005,3.0,0.0,3.0,1.0,89.0
0.0,12.0,11.0,2.0,0.47999999999999998,0.46970000000000001,0.81999999999999995,0.41790000000000005,3.0,0.0,3.0,1.0,56.0
0.0,12.0,12.0,3.0,0.45999999999999996,0.45450000000000002,0.88,0.3881,3.0,0.0,3.0,1.0,61.0
0.0,12.0,13.0,3.0,0.44,0.43939999999999996,0.93999999999999995,0.29850000000000004,3.0,0.0,3.0,1.0,58.0
0.0,12.0,14.0,2.0,0.47999999999999998,0.46970000000000001,0.88,0.35820000000000002,3.0,0.0,3.0,1.0,51.0
0.0,12.0,15.0,2.0,0.47999999999999998,0.46970000000000001,0.88,0.3881,3.0,0.0,3.0,1.0,61.0
0.0,12.0,16.0,3.0,0.44,0.43939999999999996,1.0,0.32840000000000003,3.0,0.0,3.0,1.0,101.0
0.0,12.0,17.0,3.0,0.44,0.43939999999999996,1.0,0.32840000000000003,3.0,0.0,3.0,1.0,229.0
0.0,12.0,18.0,2.0,0.44,0.43939999999999996,1.0,0.29850000000000004,3.0,0.0,3.0,1.0,280.0
0.0,12.0,19.0,2.0,0.5,0.48479999999999995,0.93999999999999995,0.32840000000000003,3.0,0.0,3.0,1.0,209.0
0.0,12.0,20.0,2.0,0.5,0.48479999999999995,0.93999999999999995,0.35820000000000002,3.0,0.0,3.0,1.0,167.0
0.0,12.0,21.0,1.0,0.5,0.48479999999999995,0.88,0.28360000000000002,3.0,0.0,3.0,1.0,123.0
0.0,12.0,22.0,1.0,0.5,0.48479999999999995,0.88,0.25370000000000004,3.0,0.0,3.0,1.0,105.0
0.0,12.0,23.0,1.0,0.5,0.48479999999999995,0.88,0.19399999999999998,3.0,0.0,3.0,1.0,54.0
0.0,12.0,0.0,2.0,0.5,0.48479999999999995,0.81999999999999995,0.1045,3.0,0.0,4.0,1.0,27.0
0.0,12.0,1.0,1.0,0.44,0.43939999999999996,0.93999999999999995,0.089599999999999999,3.0,0.0,4.0,1.0,15.0
0.0,12.0,2.0,1.0,0.47999999999999998,0.46970000000000001,0.81999999999999995,0.1045,3.0,0.0,4.0,1.0,11.0
0.0,12.0,3.0,1.0,0.44,0.43939999999999996,0.67000000000000004,0.16420000000000001,3.0,0.0,4.0,1.0,6.0
0.0,12.0,4.0,1.0,0.38,0.39390000000000003,0.81999999999999995,0.1343,3.0,0.0,4.0,1.0,3.0
0.0,12.0,5.0,1.0,0.38,0.39390000000000003,0.81999999999999995,0.0,3.0,0.0,4.0,1.0,16.0
0.0,12.0,6.0,1.0,0.35999999999999999,0.37880000000000003,0.87,0.0,3.0,0.0,4.0,1.0,64.0
0.0,12.0,7.0,1.0,0.33999999999999997,0.36359999999999998,0.93000000000000005,0.0,3.0,0.0,4.0,1.0,186.0
0.0,12.0,8.0,2.0,0.35999999999999999,0.37880000000000003,0.87,0.0,3.0,0.0,4.0,1.0,343.0
0.0,12.0,9.0,2.0,0.38,0.39390000000000003,0.87,0.089599999999999999,3.0,0.0,4.0,1.0,228.0
0.0,12.0,10.0,2.0,0.39999999999999997,0.40909999999999996,0.81999999999999995,0.089599999999999999,3.0,0.0,4.0,1.0,141.0
0.0,12.0,11.0,2.0,0.44,0.43939999999999996,0.77000000000000002,0.0,3.0,0.0,4.0,1.0,145.0
0.0,12.0,12.0,2.0,0.47999999999999998,0.46970000000000001,0.55000000000000004,0.0,3.0,0.0,4.0,1.0,202.0
0.0,12.0,13.0,2.0,0.45999999999999996,0.45450000000000002,0.63,0.0,3.0,0.0,4.0,1.0,188.0
0.0,12.0,14.0,2.0,0.45999999999999996,0.45450000000000002,0.63,0.0,3.0,0.0,4.0,1.0,159.0
0.0,12.0,15.0,2.0,0.47999999999999998,0.46970000000000001,0.58999999999999997,0.0,3.0,0.0,4.0,1.0,214.0
0.0,12.0,16.0,2.0,0.45999999999999996,0.45450000000000002,0.63,0.0,3.0,0.0,4.0,1.0,256.0
0.0,12.0,17.0,2.0,0.44,0.43939999999999996,0.67000000000000004,0.16420000000000001,3.0,0.0,4.0,1.0,356.0
0.0,12.0,18.0,2.0,0.44,0.43939999999999996,0.62,0.089599999999999999,3.0,0.0,4.0,1.0,288.0
0.0,12.0,19.0,2.0,0.44,0.43939999999999996,0.62,0.0,3.0,0.0,4.0,1.0,142.0
0.0,12.0,20.0,3.0,0.41999999999999998,0.42420000000000002,0.70999999999999996,0.0,3.0,0.0,4.0,1.0,33.0
0.0,12.0,21.0,3.0,0.41999999999999998,0.42420000000000002,0.70999999999999996,0.0,3.0,0.0,4.0,1.0,17.0
0.0,12.0,22.0,3.0,0.35999999999999999,0.36359999999999998,0.93000000000000005,0.1045,3.0,0.0,4.0,1.0,17.0
0.0,12.0,23.0,3.0,0.39999999999999997,0.40909999999999996,0.87,0.0,3.0,0.0,4.0,1.0,11.0
0.0,12.0,0.0,3.0,0.39999999999999997,0.40909999999999996,0.87,0.19399999999999998,4.0,0.0,5.0,1.0,9.0
0.0,12.0,1.0,3.0,0.39999999999999997,0.40909999999999996,0.87,0.19399999999999998,4.0,0.0,5.0,1.0,12.0
0.0,12.0,2.0,3.0,0.38,0.39390000000000003,0.93999999999999995,0.1343,4.0,0.0,5.0,1.0,13.0
0.0,12.0,3.0,3.0,0.38,0.39390000000000003,0.93999999999999995,0.1343,4.0,0.0,5.0,1.0,4.0
0.0,12.0,4.0,3.0,0.38,0.39390000000000003,0.93999999999999995,0.28360000000000002,4.0,0.0,5.0,1.0,2.0
0.0,12.0,5.0,1.0,0.35999999999999999,0.34850000000000003,0.93000000000000005,0.19399999999999998,4.0,0.0,5.0,1.0,8.0
0.0,12.0,6.0,1.0,0.38,0.39390000000000003,0.81999999999999995,0.25370000000000004,4.0,0.0,5.0,1.0,40.0
0.0,12.0,7.0,1.0,0.38,0.39390000000000003,0.81999999999999995,0.22390000000000002,4.0,0.0,5.0,1.0,92.0
0.0,12.0,8.0,1.0,0.39999999999999997,0.40909999999999996,0.76000000000000001,0.25370000000000004,4.0,0.0,5.0,1.0,182.0
0.0,12.0,9.0,1.0,0.39999999999999997,0.40909999999999996,0.66000000000000003,0.29850000000000004,4.0,0.0,5.0,1.0,156.0
0.0,12.0,10.0,1.0,0.39999999999999997,0.40909999999999996,0.62,0.35820000000000002,4.0,0.0,5.0,1.0,104.0
0.0,12.0,11.0,1.0,0.39999999999999997,0.40909999999999996,0.57999999999999996,0.44780000000000003,4.0,0.0,5.0,1.0,174.0
0.0,12.0,12.0,1.0,0.39999999999999997,0.40909999999999996,0.54000000000000004,0.52239999999999998,4.0,0.0,5.0,1.0,170.0
0.0,12.0,13.0,1.0,0.39999999999999997,0.40909999999999996,0.5,0.4627,4.0,0.0,5.0,1.0,194.0
0.0,12.0,14.0,1.0,0.39999999999999997,0.40909999999999996,0.54000000000000004,0.41790000000000005,4.0,0.0,5.0,1.0,200.0
0.0,12.0,15.0,1.0,0.38,0.39390000000000003,0.54000000000000004,0.35820000000000002,4.0,0.0,5.0,1.0,203.0
0.0,12.0,16.0,1.0,0.38,0.39390000000000003,0.5,0.29850000000000004,4.0,0.0,5.0,1.0,181.0
0.0,12.0,17.0,1.0,0.35999999999999999,0.34850000000000003,0.53000000000000003,0.22390000000000002,4.0,0.0,5.0,1.0,140.0
0.0,12.0,18.0,1.0,0.35999999999999999,0.33329999999999999,0.5,0.25370000000000004,4.0,0.0,5.0,1.0,95.0
0.0,12.0,19.0,1.0,0.33999999999999997,0.33329999999999999,0.53000000000000003,0.19399999999999998,4.0,0.0,5.0,1.0,76.0
0.0,12.0,20.0,1.0,0.32000000000000001,0.30299999999999999,0.60999999999999999,0.32840000000000003,4.0,0.0,5.0,1.0,50.0
0.0,12.0,21.0,1.0,0.32000000000000001,0.30299999999999999,0.60999999999999999,0.22390000000000002,4.0,0.0,5.0,1.0,32.0
0.0,12.0,22.0,1.0,0.32000000000000001,0.31819999999999998,0.66000000000000003,0.19399999999999998,4.0,0.0,5.0,1.0,47.0
0.0,12.0,23.0,1.0,0.32000000000000001,0.33329999999999999,0.66000000000000003,0.1343,4.0,0.0,5.0,1.0,25.0
0.0,12.0,0.0,2.0,0.32000000000000001,0.31819999999999998,0.69999999999999996,0.16420000000000001,4.0,0.0,6.0,0.0,23.0
0.0,12.0,1.0,2.0,0.32000000000000001,0.34850000000000003,0.66000000000000003,0.0,4.0,0.0,6.0,0.0,16.0
0.0,12.0,2.0,2.0,0.32000000000000001,0.33329999999999999,0.66000000000000003,0.089599999999999999,4.0,0.0,6.0,0.0,26.0
0.0,12.0,3.0,2.0,0.32000000000000001,0.33329999999999999,0.69999999999999996,0.089599999999999999,4.0,0.0,6.0,0.0,5.0
0.0,12.0,4.0,2.0,0.32000000000000001,0.31819999999999998,0.66000000000000003,0.16420000000000001,4.0,0.0,6.0,0.0,3.0
0.0,12.0,5.0,2.0,0.32000000000000001,0.31819999999999998,0.66000000000000003,0.16420000000000001,4.0,0.0,6.0,0.0,4.0
0.0,12.0,6.0,2.0,0.30000000000000004,0.30299999999999999,0.75,0.16420000000000001,4.0,0.0,6.0,0.0,10.0
0.0,12.0,7.0,1.0,0.30000000000000004,0.2727,0.69999999999999996,0.35820000000000002,4.0,0.0,6.0,0.0,10.0
0.0,12.0,8.0,1.0,0.28000000000000003,0.2727,0.69999999999999996,0.19399999999999998,4.0,0.0,6.0,0.0,27.0
0.0,12.0,9.0,1.0,0.30000000000000004,0.2727,0.45000000000000001,0.41790000000000005,4.0,0.0,6.0,0.0,56.0
0.0,12.0,10.0,1.0,0.30000000000000004,0.2576,0.41999999999999998,0.49250000000000005,4.0,0.0,6.0,0.0,56.0
0.0,12.0,11.0,1.0,0.32000000000000001,0.28789999999999999,0.39000000000000001,0.35820000000000002,4.0,0.0,6.0,0.0,71.0
0.0,12.0,12.0,1.0,0.33999999999999997,0.31819999999999998,0.39000000000000001,0.28360000000000002,4.0,0.0,6.0,0.0,94.0
0.0,12.0,13.0,1.0,0.33999999999999997,0.30299999999999999,0.39000000000000001,0.29850000000000004,4.0,0.0,6.0,0.0,121.0
0.0,12.0,14.0,1.0,0.33999999999999997,0.30299999999999999,0.39000000000000001,0.29850000000000004,4.0,0.0,6.0,0.0,85.0
0.0,12.0,15.0,1.0,0.32000000000000001,0.30299999999999999,0.39000000000000001,0.22390000000000002,4.0,0.0,6.0,0.0,97.0
0.0,12.0,16.0,1.0,0.32000000000000001,0.31819999999999998,0.41999999999999998,0.19399999999999998,4.0,0.0,6.0,0.0,99.0
0.0,12.0,17.0,1.0,0.28000000000000003,0.28789999999999999,0.45000000000000001,0.1343,4.0,0.0,6.0,0.0,68.0
0.0,12.0,18.0,1.0,0.30000000000000004,0.31819999999999998,0.41999999999999998,0.089599999999999999,4.0,0.0,6.0,0.0,35.0
0.0,12.0,19.0,1.0,0.30000000000000004,0.31819999999999998,0.52000000000000002,0.089599999999999999,4.0,0.0,6.0,0.0,25.0
0.0,12.0,20.0,1.0,0.26000000000000001,0.2727,0.56000000000000005,0.1343,4.0,0.0,6.0,0.0,24.0
0.0,12.0,21.0,1.0,0.26000000000000001,0.2576,0.56000000000000005,0.16420000000000001,4.0,0.0,6.0,0.0,19.0
0.0,12.0,22.0,1.0,0.23999999999999999,0.28789999999999999,0.52000000000000002,0.0,4.0,0.0,6.0,0.0,20.0
0.0,12.0,23.0,1.0,0.23999999999999999,0.2576,0.56000000000000005,0.0,4.0,0.0,6.0,0.0,17.0
0.0,12.0,0.0,1.0,0.23999999999999999,0.2273,0.59999999999999998,0.19399999999999998,4.0,0.0,7.0,0.0,6.0
0.0,12.0,1.0,1.0,0.22,0.2273,0.68999999999999995,0.1343,4.0,0.0,7.0,0.0,4.0
0.0,12.0,2.0,1.0,0.22,0.2576,0.75,0.089599999999999999,4.0,0.0,7.0,0.0,2.0
0.0,12.0,3.0,1.0,0.22,0.2727,0.71999999999999997,0.0,4.0,0.0,7.0,0.0,4.0
0.0,12.0,5.0,1.0,0.19999999999999998,0.2273,0.75,0.1045,4.0,0.0,7.0,0.0,1.0
0.0,12.0,6.0,1.0,0.19999999999999998,0.2273,0.75,0.1045,4.0,0.0,7.0,0.0,1.0
0.0,12.0,7.0,1.0,0.22,0.24239999999999998,0.80000000000000004,0.1045,4.0,0.0,7.0,0.0,4.0
0.0,12.0,8.0,1.0,0.19999999999999998,0.21210000000000001,0.80000000000000004,0.16420000000000001,4.0,0.0,7.0,0.0,5.0
0.0,12.0,9.0,1.0,0.23999999999999999,0.24239999999999998,0.87,0.16420000000000001,4.0,0.0,7.0,0.0,23.0
0.0,12.0,10.0,1.0,0.26000000000000001,0.24239999999999998,0.81000000000000005,0.25370000000000004,4.0,0.0,7.0,0.0,43.0
0.0,12.0,11.0,1.0,0.30000000000000004,0.30299999999999999,0.69999999999999996,0.16420000000000001,4.0,0.0,7.0,0.0,85.0
0.0,12.0,12.0,1.0,0.30000000000000004,0.2727,0.75,0.29850000000000004,4.0,0.0,7.0,0.0,66.0
0.0,12.0,13.0,1.0,0.32000000000000001,0.30299999999999999,0.69999999999999996,0.25370000000000004,4.0,0.0,7.0,0.0,79.0
0.0,12.0,14.0,1.0,0.33999999999999997,0.31819999999999998,0.60999999999999999,0.25370000000000004,4.0,0.0,7.0,0.0,86.0
0.0,12.0,15.0,1.0,0.33999999999999997,0.33329999999999999,0.60999999999999999,0.19399999999999998,4.0,0.0,7.0,0.0,91.0
0.0,12.0,16.0,1.0,0.35999999999999999,0.36359999999999998,0.56999999999999995,0.1045,4.0,0.0,7.0,0.0,86.0
0.0,12.0,17.0,1.0,0.33999999999999997,0.33329999999999999,0.60999999999999999,0.1343,4.0,0.0,7.0,0.0,44.0
0.0,12.0,18.0,1.0,0.32000000000000001,0.31819999999999998,0.69999999999999996,0.19399999999999998,4.0,0.0,7.0,0.0,30.0
0.0,12.0,19.0,1.0,0.32000000000000001,0.33329999999999999,0.56999999999999995,0.1343,4.0,0.0,7.0,0.0,16.0
0.0,12.0,20.0,1.0,0.32000000000000001,0.33329999999999999,0.48999999999999999,0.089599999999999999,4.0,0.0,7.0,0.0,26.0
0.0,12.0,21.0,1.0,0.30000000000000004,0.30299999999999999,0.56000000000000005,0.1343,4.0,0.0,7.0,0.0,19.0
0.0,12.0,22.0,1.0,0.28000000000000003,0.2727,0.60999999999999999,0.16420000000000001,4.0,0.0,7.0,0.0,17.0
0.0,12.0,23.0,1.0,0.26000000000000001,0.2727,0.65000000000000002,0.1343,4.0,0.0,7.0,0.0,16.0
0.0,12.0,0.0,1.0,0.22,0.2273,0.75,0.16420000000000001,4.0,1.0,1.0,1.0,11.0
0.0,12.0,1.0,1.0,0.28000000000000003,0.2727,0.56000000000000005,0.19399999999999998,4.0,1.0,1.0,1.0,10.0
0.0,12.0,2.0,1.0,0.33999999999999997,0.31819999999999998,0.46000000000000002,0.22390000000000002,4.0,1.0,1.0,1.0,7.0
0.0,12.0,4.0,1.0,0.33999999999999997,0.30299999999999999,0.46000000000000002,0.29850000000000004,4.0,1.0,1.0,1.0,2.0
0.0,12.0,5.0,1.0,0.33999999999999997,0.30299999999999999,0.41999999999999998,0.3881,4.0,1.0,1.0,1.0,4.0
0.0,12.0,6.0,1.0,0.32000000000000001,0.30299999999999999,0.45000000000000001,0.28360000000000002,4.0,1.0,1.0,1.0,4.0
0.0,12.0,7.0,1.0,0.32000000000000001,0.31819999999999998,0.45000000000000001,0.19399999999999998,4.0,1.0,1.0,1.0,19.0
0.0,12.0,8.0,1.0,0.32000000000000001,0.33329999999999999,0.45000000000000001,0.1343,4.0,1.0,1.0,1.0,18.0
0.0,12.0,9.0,1.0,0.33999999999999997,0.30299999999999999,0.46000000000000002,0.29850000000000004,4.0,1.0,1.0,1.0,62.0
0.0,12.0,10.0,1.0,0.33999999999999997,0.28789999999999999,0.41999999999999998,0.52239999999999998,4.0,1.0,1.0,1.0,70.0
0.0,12.0,11.0,1.0,0.33999999999999997,0.28789999999999999,0.46000000000000002,0.58210000000000006,4.0,1.0,1.0,1.0,91.0
0.0,12.0,12.0,1.0,0.35999999999999999,0.31819999999999998,0.42999999999999999,0.4627,4.0,1.0,1.0,1.0,100.0
0.0,12.0,13.0,1.0,0.38,0.39390000000000003,0.40000000000000002,0.29850000000000004,4.0,1.0,1.0,1.0,140.0
0.0,12.0,14.0,1.0,0.38,0.39390000000000003,0.40000000000000002,0.32840000000000003,4.0,1.0,1.0,1.0,153.0
0.0,12.0,15.0,1.0,0.38,0.39390000000000003,0.40000000000000002,0.25370000000000004,4.0,1.0,1.0,1.0,131.0
0.0,12.0,16.0,1.0,0.35999999999999999,0.33329999999999999,0.42999999999999999,0.28360000000000002,4.0,1.0,1.0,1.0,97.0
0.0,12.0,17.0,1.0,0.33999999999999997,0.31819999999999998,0.46000000000000002,0.22390000000000002,4.0,1.0,1.0,1.0,97.0
0.0,12.0,18.0,1.0,0.32000000000000001,0.33329999999999999,0.48999999999999999,0.089599999999999999,4.0,1.0,1.0,1.0,75.0
0.0,12.0,19.0,1.0,0.30000000000000004,0.31819999999999998,0.65000000000000002,0.089599999999999999,4.0,1.0,1.0,1.0,65.0
0.0,12.0,20.0,1.0,0.30000000000000004,0.31819999999999998,0.56000000000000005,0.089599999999999999,4.0,1.0,1.0,1.0,56.0
0.0,12.0,21.0,1.0,0.26000000000000001,0.30299999999999999,0.69999999999999996,0.0,4.0,1.0,1.0,1.0,49.0
0.0,12.0,22.0,1.0,0.26000000000000001,0.30299999999999999,0.69999999999999996,0.0,4.0,1.0,1.0,1.0,27.0
0.0,12.0,23.0,1.0,0.26000000000000001,0.2727,0.69999999999999996,0.1045,4.0,1.0,1.0,1.0,29.0
0.0,12.0,0.0,1.0,0.26000000000000001,0.2576,0.69999999999999996,0.16420000000000001,4.0,0.0,2.0,1.0,12.0
0.0,12.0,1.0,1.0,0.26000000000000001,0.2727,0.69999999999999996,0.1343,4.0,0.0,2.0,1.0,6.0
0.0,12.0,2.0,1.0,0.26000000000000001,0.2727,0.69999999999999996,0.1343,4.0,0.0,2.0,1.0,4.0
0.0,12.0,3.0,2.0,0.30000000000000004,0.28789999999999999,0.60999999999999999,0.22390000000000002,4.0,0.0,2.0,1.0,3.0
0.0,12.0,4.0,2.0,0.30000000000000004,0.28789999999999999,0.65000000000000002,0.22390000000000002,4.0,0.0,2.0,1.0,3.0
0.0,12.0,5.0,2.0,0.30000000000000004,0.2727,0.64000000000000001,0.28360000000000002,4.0,0.0,2.0,1.0,8.0
0.0,12.0,6.0,2.0,0.30000000000000004,0.2727,0.60999999999999999,0.29850000000000004,4.0,0.0,2.0,1.0,35.0
0.0,12.0,7.0,2.0,0.30000000000000004,0.28789999999999999,0.65000000000000002,0.28360000000000002,4.0,0.0,2.0,1.0,80.0
0.0,12.0,8.0,2.0,0.30000000000000004,0.30299999999999999,0.65000000000000002,0.16420000000000001,4.0,0.0,2.0,1.0,164.0
0.0,12.0,9.0,3.0,0.32000000000000001,0.33329999999999999,0.66000000000000003,0.1045,4.0,0.0,2.0,1.0,104.0
0.0,12.0,10.0,2.0,0.32000000000000001,0.33329999999999999,0.66000000000000003,0.089599999999999999,4.0,0.0,2.0,1.0,60.0
0.0,12.0,11.0,3.0,0.32000000000000001,0.33329999999999999,0.66000000000000003,0.1045,4.0,0.0,2.0,1.0,30.0
0.0,12.0,12.0,3.0,0.30000000000000004,0.31819999999999998,0.81000000000000005,0.089599999999999999,4.0,0.0,2.0,1.0,24.0
0.0,12.0,13.0,3.0,0.30000000000000004,0.30299999999999999,0.87,0.1343,4.0,0.0,2.0,1.0,20.0
0.0,12.0,14.0,3.0,0.41999999999999998,0.42420000000000002,0.81999999999999995,0.3881,4.0,0.0,2.0,1.0,14.0
0.0,12.0,15.0,3.0,0.41999999999999998,0.42420000000000002,0.81999999999999995,0.3881,4.0,0.0,2.0,1.0,19.0
0.0,12.0,16.0,3.0,0.44,0.43939999999999996,0.88,0.32840000000000003,4.0,0.0,2.0,1.0,46.0
0.0,12.0,17.0,3.0,0.39999999999999997,0.40909999999999996,0.87,0.1343,4.0,0.0,2.0,1.0,115.0
0.0,12.0,18.0,1.0,0.38,0.39390000000000003,0.87,0.28360000000000002,4.0,0.0,2.0,1.0,135.0
0.0,12.0,19.0,1.0,0.33999999999999997,0.33329999999999999,0.87,0.16420000000000001,4.0,0.0,2.0,1.0,90.0
0.0,12.0,20.0,1.0,0.32000000000000001,0.33329999999999999,0.93000000000000005,0.089599999999999999,4.0,0.0,2.0,1.0,69.0
0.0,12.0,21.0,1.0,0.32000000000000001,0.33329999999999999,0.87,0.089599999999999999,4.0,0.0,2.0,1.0,63.0
0.0,12.0,22.0,1.0,0.32000000000000001,0.33329999999999999,0.87,0.089599999999999999,4.0,0.0,2.0,1.0,32.0
0.0,12.0,23.0,1.0,0.30000000000000004,0.30299999999999999,0.93000000000000005,0.1343,4.0,0.0,2.0,1.0,26.0
0.0,12.0,0.0,1.0,0.32000000000000001,0.31819999999999998,0.87,0.16420000000000001,4.0,0.0,3.0,1.0,10.0
0.0,12.0,1.0,1.0,0.32000000000000001,0.31819999999999998,0.76000000000000001,0.16420000000000001,4.0,0.0,3.0,1.0,12.0
0.0,12.0,2.0,1.0,0.32000000000000001,0.30299999999999999,0.60999999999999999,0.25370000000000004,4.0,0.0,3.0,1.0,7.0
0.0,12.0,3.0,1.0,0.32000000000000001,0.30299999999999999,0.60999999999999999,0.25370000000000004,4.0,0.0,3.0,1.0,4.0
0.0,12.0,5.0,1.0,0.32000000000000001,0.28789999999999999,0.56999999999999995,0.35820000000000002,4.0,0.0,3.0,1.0,9.0
0.0,12.0,6.0,1.0,0.32000000000000001,0.30299999999999999,0.56999999999999995,0.25370000000000004,4.0,0.0,3.0,1.0,43.0
0.0,12.0,7.0,1.0,0.32000000000000001,0.30299999999999999,0.56999999999999995,0.25370000000000004,4.0,0.0,3.0,1.0,110.0
0.0,12.0,8.0,1.0,0.32000000000000001,0.28789999999999999,0.56999999999999995,0.35820000000000002,4.0,0.0,3.0,1.0,217.0
0.0,12.0,9.0,1.0,0.32000000000000001,0.30299999999999999,0.56999999999999995,0.32840000000000003,4.0,0.0,3.0,1.0,189.0
0.0,12.0,10.0,1.0,0.33999999999999997,0.31819999999999998,0.56999999999999995,0.22390000000000002,4.0,0.0,3.0,1.0,96.0
0.0,12.0,11.0,1.0,0.35999999999999999,0.33329999999999999,0.46000000000000002,0.35820000000000002,4.0,0.0,3.0,1.0,111.0
0.0,12.0,12.0,1.0,0.33999999999999997,0.28789999999999999,0.46000000000000002,0.55220000000000002,4.0,0.0,3.0,1.0,140.0
0.0,12.0,13.0,1.0,0.33999999999999997,0.28789999999999999,0.39000000000000001,0.4627,4.0,0.0,3.0,1.0,159.0
0.0,12.0,14.0,1.0,0.32000000000000001,0.28789999999999999,0.39000000000000001,0.3881,4.0,0.0,3.0,1.0,120.0
0.0,12.0,15.0,1.0,0.32000000000000001,0.28789999999999999,0.35999999999999999,0.41790000000000005,4.0,0.0,3.0,1.0,117.0
0.0,12.0,16.0,1.0,0.30000000000000004,0.2727,0.35999999999999999,0.41790000000000005,4.0,0.0,3.0,1.0,167.0
0.0,12.0,17.0,1.0,0.28000000000000003,0.2727,0.38,0.25370000000000004,4.0,0.0,3.0,1.0,250.0
0.0,12.0,18.0,1.0,0.26000000000000001,0.2273,0.38,0.32840000000000003,4.0,0.0,3.0,1.0,169.0
0.0,12.0,19.0,1.0,0.23999999999999999,0.2273,0.40999999999999998,0.25370000000000004,4.0,0.0,3.0,1.0,151.0
0.0,12.0,20.0,1.0,0.23999999999999999,0.2273,0.40999999999999998,0.22390000000000002,4.0,0.0,3.0,1.0,79.0
0.0,12.0,21.0,1.0,0.22,0.2273,0.44,0.1343,4.0,0.0,3.0,1.0,70.0
0.0,12.0,22.0,1.0,0.22,0.24239999999999998,0.44,0.1045,4.0,0.0,3.0,1.0,33.0
0.0,12.0,23.0,1.0,0.22,0.21210000000000001,0.44,0.25370000000000004,4.0,0.0,3.0,1.0,39.0
0.0,12.0,0.0,2.0,0.22,0.2273,0.46999999999999997,0.19399999999999998,4.0,0.0,4.0,1.0,28.0
0.0,12.0,1.0,1.0,0.22,0.21210000000000001,0.46999999999999997,0.22390000000000002,4.0,0.0,4.0,1.0,15.0
0.0,12.0,2.0,1.0,0.19999999999999998,0.2273,0.51000000000000001,0.1045,4.0,0.0,4.0,1.0,3.0
0.0,12.0,3.0,1.0,0.19999999999999998,0.19699999999999998,0.55000000000000004,0.19399999999999998,4.0,0.0,4.0,1.0,2.0
0.0,12.0,4.0,1.0,0.19999999999999998,0.21210000000000001,0.55000000000000004,0.16420000000000001,4.0,0.0,4.0,1.0,3.0
0.0,12.0,5.0,1.0,0.19999999999999998,0.2273,0.55000000000000004,0.1045,4.0,0.0,4.0,1.0,10.0
0.0,12.0,6.0,1.0,0.19999999999999998,0.2576,0.58999999999999997,0.0,4.0,0.0,4.0,1.0,41.0
0.0,12.0,7.0,1.0,0.17999999999999999,0.21210000000000001,0.64000000000000001,0.089599999999999999,4.0,0.0,4.0,1.0,106.0
0.0,12.0,8.0,2.0,0.19999999999999998,0.2576,0.64000000000000001,0.0,4.0,0.0,4.0,1.0,210.0
0.0,12.0,9.0,2.0,0.19999999999999998,0.21210000000000001,0.64000000000000001,0.1343,4.0,0.0,4.0,1.0,170.0
0.0,12.0,10.0,2.0,0.22,0.2273,0.64000000000000001,0.16420000000000001,4.0,0.0,4.0,1.0,110.0
0.0,12.0,11.0,2.0,0.23999999999999999,0.2576,0.59999999999999998,0.089599999999999999,4.0,0.0,4.0,1.0,122.0
0.0,12.0,12.0,2.0,0.26000000000000001,0.2727,0.56000000000000005,0.1045,4.0,0.0,4.0,1.0,130.0
0.0,12.0,13.0,2.0,0.28000000000000003,0.28789999999999999,0.52000000000000002,0.1045,4.0,0.0,4.0,1.0,131.0
0.0,12.0,14.0,2.0,0.30000000000000004,0.33329999999999999,0.52000000000000002,0.0,4.0,0.0,4.0,1.0,142.0
0.0,12.0,15.0,2.0,0.30000000000000004,0.31819999999999998,0.52000000000000002,0.089599999999999999,4.0,0.0,4.0,1.0,177.0
0.0,12.0,16.0,1.0,0.30000000000000004,0.30299999999999999,0.52000000000000002,0.16420000000000001,4.0,0.0,4.0,1.0,177.0
0.0,12.0,17.0,1.0,0.30000000000000004,0.30299999999999999,0.60999999999999999,0.16420000000000001,4.0,0.0,4.0,1.0,240.0
0.0,12.0,18.0,1.0,0.30000000000000004,0.30299999999999999,0.56000000000000005,0.1343,4.0,0.0,4.0,1.0,207.0
0.0,12.0,19.0,1.0,0.30000000000000004,0.31819999999999998,0.56000000000000005,0.1045,4.0,0.0,4.0,1.0,135.0
0.0,12.0,20.0,1.0,0.28000000000000003,0.28789999999999999,0.65000000000000002,0.1045,4.0,0.0,4.0,1.0,96.0
0.0,12.0,21.0,2.0,0.28000000000000003,0.28789999999999999,0.60999999999999999,0.1343,4.0,0.0,4.0,1.0,68.0
0.0,12.0,22.0,1.0,0.28000000000000003,0.28789999999999999,0.65000000000000002,0.1343,4.0,0.0,4.0,1.0,55.0
0.0,12.0,23.0,1.0,0.30000000000000004,0.30299999999999999,0.65000000000000002,0.16420000000000001,4.0,0.0,4.0,1.0,45.0
0.0,12.0,0.0,1.0,0.28000000000000003,0.28789999999999999,0.69999999999999996,0.1343,4.0,0.0,5.0,1.0,30.0
0.0,12.0,1.0,1.0,0.26000000000000001,0.28789999999999999,0.65000000000000002,0.089599999999999999,4.0,0.0,5.0,1.0,20.0
0.0,12.0,2.0,1.0,0.23999999999999999,0.2576,0.69999999999999996,0.1045,4.0,0.0,5.0,1.0,12.0
0.0,12.0,3.0,1.0,0.23999999999999999,0.2576,0.69999999999999996,0.1045,4.0,0.0,5.0,1.0,6.0
0.0,12.0,4.0,1.0,0.23999999999999999,0.2576,0.69999999999999996,0.089599999999999999,4.0,0.0,5.0,1.0,2.0
0.0,12.0,5.0,1.0,0.22,0.2576,0.75,0.089599999999999999,4.0,0.0,5.0,1.0,10.0
0.0,12.0,6.0,1.0,0.23999999999999999,0.2576,0.69999999999999996,0.089599999999999999,4.0,0.0,5.0,1.0,32.0
0.0,12.0,7.0,1.0,0.23999999999999999,0.2576,0.75,0.089599999999999999,4.0,0.0,5.0,1.0,95.0
0.0,12.0,8.0,2.0,0.23999999999999999,0.2576,0.75,0.089599999999999999,4.0,0.0,5.0,1.0,205.0
0.0,12.0,9.0,1.0,0.26000000000000001,0.30299999999999999,0.75,0.0,4.0,0.0,5.0,1.0,194.0
0.0,12.0,10.0,1.0,0.30000000000000004,0.28789999999999999,0.65000000000000002,0.25370000000000004,4.0,0.0,5.0,1.0,118.0
0.0,12.0,11.0,1.0,0.32000000000000001,0.31819999999999998,0.66000000000000003,0.19399999999999998,4.0,0.0,5.0,1.0,171.0
0.0,12.0,12.0,1.0,0.32000000000000001,0.33329999999999999,0.56999999999999995,0.1343,4.0,0.0,5.0,1.0,197.0
0.0,12.0,13.0,2.0,0.35999999999999999,0.34850000000000003,0.53000000000000003,0.1343,4.0,0.0,5.0,1.0,207.0
0.0,12.0,14.0,2.0,0.39999999999999997,0.40909999999999996,0.46999999999999997,0.089599999999999999,4.0,0.0,5.0,1.0,245.0
0.0,12.0,15.0,1.0,0.41999999999999998,0.42420000000000002,0.44,0.0,4.0,0.0,5.0,1.0,292.0
0.0,12.0,16.0,1.0,0.41999999999999998,0.42420000000000002,0.46999999999999997,0.19399999999999998,4.0,0.0,5.0,1.0,283.0
0.0,12.0,17.0,1.0,0.38,0.39390000000000003,0.54000000000000004,0.16420000000000001,4.0,0.0,5.0,1.0,242.0
0.0,12.0,18.0,1.0,0.35999999999999999,0.34850000000000003,0.62,0.1343,4.0,0.0,5.0,1.0,182.0
0.0,12.0,19.0,2.0,0.33999999999999997,0.30299999999999999,0.48999999999999999,0.41790000000000005,4.0,0.0,5.0,1.0,112.0
0.0,12.0,20.0,2.0,0.33999999999999997,0.34850000000000003,0.66000000000000003,0.1045,4.0,0.0,5.0,1.0,91.0
0.0,12.0,21.0,2.0,0.35999999999999999,0.36359999999999998,0.66000000000000003,0.1045,4.0,0.0,5.0,1.0,95.0
0.0,12.0,22.0,2.0,0.33999999999999997,0.33329999999999999,0.70999999999999996,0.16420000000000001,4.0,0.0,5.0,1.0,85.0
0.0,12.0,23.0,2.0,0.35999999999999999,0.33329999999999999,0.66000000000000003,0.25370000000000004,4.0,0.0,5.0,1.0,73.0
0.0,12.0,0.0,2.0,0.38,0.39390000000000003,0.62,0.32840000000000003,4.0,0.0,6.0,0.0,44.0
0.0,12.0,1.0,2.0,0.39999999999999997,0.40909999999999996,0.62,0.28360000000000002,4.0,0.0,6.0,0.0,35.0
0.0,12.0,2.0,2.0,0.39999999999999997,0.40909999999999996,0.62,0.28360000000000002,4.0,0.0,6.0,0.0,28.0
0.0,12.0,3.0,2.0,0.39999999999999997,0.40909999999999996,0.62,0.28360000000000002,4.0,0.0,6.0,0.0,18.0
0.0,12.0,4.0,1.0,0.38,0.39390000000000003,0.70999999999999996,0.22390000000000002,4.0,0.0,6.0,0.0,10.0
0.0,12.0,5.0,2.0,0.35999999999999999,0.34850000000000003,0.76000000000000001,0.22390000000000002,4.0,0.0,6.0,0.0,1.0
0.0,12.0,6.0,2.0,0.39999999999999997,0.40909999999999996,0.70999999999999996,0.089599999999999999,4.0,0.0,6.0,0.0,6.0
0.0,12.0,7.0,3.0,0.38,0.39390000000000003,0.76000000000000001,0.0,4.0,0.0,6.0,0.0,19.0
0.0,12.0,8.0,1.0,0.33999999999999997,0.33329999999999999,0.81000000000000005,0.1343,4.0,0.0,6.0,0.0,49.0
0.0,12.0,9.0,1.0,0.38,0.39390000000000003,0.76000000000000001,0.0,4.0,0.0,6.0,0.0,90.0
0.0,12.0,10.0,1.0,0.39999999999999997,0.40909999999999996,0.76000000000000001,0.16420000000000001,4.0,0.0,6.0,0.0,128.0
0.0,12.0,11.0,1.0,0.41999999999999998,0.42420000000000002,0.70999999999999996,0.16420000000000001,4.0,0.0,6.0,0.0,217.0
0.0,12.0,12.0,1.0,0.52000000000000002,0.5,0.39000000000000001,0.29850000000000004,4.0,0.0,6.0,0.0,273.0
0.0,12.0,13.0,1.0,0.5,0.48479999999999995,0.41999999999999998,0.49250000000000005,4.0,0.0,6.0,0.0,313.0
0.0,12.0,14.0,1.0,0.45999999999999996,0.45450000000000002,0.51000000000000001,0.32840000000000003,4.0,0.0,6.0,0.0,300.0
0.0,12.0,15.0,1.0,0.45999999999999996,0.45450000000000002,0.46999999999999997,0.49250000000000005,4.0,0.0,6.0,0.0,253.0
0.0,12.0,16.0,1.0,0.44,0.43939999999999996,0.51000000000000001,0.3881,4.0,0.0,6.0,0.0,195.0
0.0,12.0,17.0,1.0,0.41999999999999998,0.42420000000000002,0.54000000000000004,0.19399999999999998,4.0,0.0,6.0,0.0,129.0
0.0,12.0,18.0,1.0,0.41999999999999998,0.42420000000000002,0.54000000000000004,0.1343,4.0,0.0,6.0,0.0,93.0
0.0,12.0,19.0,1.0,0.41999999999999998,0.42420000000000002,0.54000000000000004,0.22390000000000002,4.0,0.0,6.0,0.0,92.0
0.0,12.0,20.0,1.0,0.41999999999999998,0.42420000000000002,0.54000000000000004,0.22390000000000002,4.0,0.0,6.0,0.0,71.0
0.0,12.0,21.0,1.0,0.39999999999999997,0.40909999999999996,0.57999999999999996,0.19399999999999998,4.0,0.0,6.0,0.0,52.0
0.0,12.0,22.0,1.0,0.38,0.39390000000000003,0.62,0.1343,4.0,0.0,6.0,0.0,38.0
0.0,12.0,23.0,1.0,0.35999999999999999,0.37880000000000003,0.66000000000000003,0.0,4.0,0.0,6.0,0.0,31.0
1.0,1.0,0.0,1.0,0.35999999999999999,0.37880000000000003,0.66000000000000003,0.0,4.0,0.0,6.0,0.0,48.0
1.0,1.0,1.0,1.0,0.35999999999999999,0.34850000000000003,0.66000000000000003,0.1343,4.0,0.0,6.0,0.0,93.0
1.0,1.0,2.0,1.0,0.32000000000000001,0.34850000000000003,0.76000000000000001,0.0,4.0,0.0,6.0,0.0,75.0
1.0,1.0,3.0,1.0,0.30000000000000004,0.33329999999999999,0.81000000000000005,0.0,4.0,0.0,6.0,0.0,52.0
1.0,1.0,4.0,1.0,0.28000000000000003,0.30299999999999999,0.81000000000000005,0.089599999999999999,4.0,0.0,6.0,0.0,8.0
1.0,1.0,5.0,1.0,0.28000000000000003,0.28789999999999999,0.81000000000000005,0.1045,4.0,0.0,6.0,0.0,5.0
1.0,1.0,6.0,1.0,0.26000000000000001,0.2727,0.93000000000000005,0.1343,4.0,0.0,6.0,0.0,2.0
1.0,1.0,7.0,1.0,0.26000000000000001,0.2576,0.93000000000000005,0.16420000000000001,4.0,0.0,6.0,0.0,7.0
1.0,1.0,8.0,1.0,0.26000000000000001,0.2727,0.87,0.1045,4.0,0.0,6.0,0.0,14.0
1.0,1.0,9.0,1.0,0.26000000000000001,0.2727,0.93000000000000005,0.1045,4.0,0.0,6.0,0.0,40.0
1.0,1.0,10.0,1.0,0.30000000000000004,0.31819999999999998,0.81000000000000005,0.1045,4.0,0.0,6.0,0.0,70.0
1.0,1.0,11.0,1.0,0.33999999999999997,0.33329999999999999,0.76000000000000001,0.1343,4.0,0.0,6.0,0.0,138.0
1.0,1.0,12.0,1.0,0.39999999999999997,0.40909999999999996,0.62,0.28360000000000002,4.0,0.0,6.0,0.0,201.0
1.0,1.0,13.0,1.0,0.41999999999999998,0.42420000000000002,0.57999999999999996,0.28360000000000002,4.0,0.0,6.0,0.0,223.0
1.0,1.0,14.0,1.0,0.44,0.43939999999999996,0.54000000000000004,0.29850000000000004,4.0,0.0,6.0,0.0,267.0
1.0,1.0,15.0,1.0,0.45999999999999996,0.45450000000000002,0.51000000000000001,0.29850000000000004,4.0,0.0,6.0,0.0,265.0
1.0,1.0,16.0,2.0,0.44,0.43939999999999996,0.54000000000000004,0.29850000000000004,4.0,0.0,6.0,0.0,215.0
1.0,1.0,17.0,2.0,0.47999999999999998,0.46970000000000001,0.47999999999999998,0.16420000000000001,4.0,0.0,6.0,0.0,111.0
1.0,1.0,18.0,3.0,0.45999999999999996,0.45450000000000002,0.58999999999999997,0.25370000000000004,4.0,0.0,6.0,0.0,106.0
1.0,1.0,19.0,3.0,0.41999999999999998,0.42420000000000002,0.67000000000000004,0.3881,4.0,0.0,6.0,0.0,105.0
1.0,1.0,20.0,2.0,0.44,0.43939999999999996,0.62,0.29850000000000004,4.0,0.0,6.0,0.0,83.0
1.0,1.0,21.0,2.0,0.44,0.43939999999999996,0.67000000000000004,0.25370000000000004,4.0,0.0,6.0,0.0,71.0
1.0,1.0,22.0,1.0,0.45999999999999996,0.45450000000000002,0.55000000000000004,0.41790000000000005,4.0,0.0,6.0,0.0,66.0
1.0,1.0,23.0,1.0,0.44,0.43939999999999996,0.51000000000000001,0.29850000000000004,4.0,0.0,6.0,0.0,29.0
1.0,1.0,0.0,1.0,0.39999999999999997,0.40909999999999996,0.40000000000000002,0.4627,4.0,0.0,7.0,0.0,39.0
1.0,1.0,1.0,1.0,0.35999999999999999,0.33329999999999999,0.42999999999999999,0.41790000000000005,4.0,0.0,7.0,0.0,12.0
1.0,1.0,2.0,1.0,0.35999999999999999,0.31819999999999998,0.34000000000000002,0.44780000000000003,4.0,0.0,7.0,0.0,7.0
1.0,1.0,4.0,1.0,0.28000000000000003,0.2576,0.45000000000000001,0.32840000000000003,4.0,0.0,7.0,0.0,4.0
1.0,1.0,5.0,1.0,0.28000000000000003,0.2576,0.45000000000000001,0.32840000000000003,4.0,0.0,7.0,0.0,4.0
1.0,1.0,6.0,1.0,0.26000000000000001,0.2273,0.40999999999999998,0.3881,4.0,0.0,7.0,0.0,14.0
1.0,1.0,7.0,1.0,0.23999999999999999,0.21210000000000001,0.32000000000000001,0.3881,4.0,0.0,7.0,0.0,16.0
1.0,1.0,8.0,1.0,0.23999999999999999,0.2273,0.34999999999999998,0.25370000000000004,4.0,0.0,7.0,0.0,53.0
1.0,1.0,9.0,1.0,0.23999999999999999,0.2576,0.34999999999999998,0.0,4.0,0.0,7.0,0.0,68.0
1.0,1.0,10.0,1.0,0.26000000000000001,0.24239999999999998,0.34999999999999998,0.28360000000000002,4.0,0.0,7.0,0.0,109.0
1.0,1.0,11.0,1.0,0.26000000000000001,0.21210000000000001,0.34999999999999998,0.49250000000000005,4.0,0.0,7.0,0.0,175.0
1.0,1.0,12.0,1.0,0.28000000000000003,0.2727,0.35999999999999999,0.25370000000000004,4.0,0.0,7.0,0.0,202.0
1.0,1.0,13.0,1.0,0.30000000000000004,0.2727,0.35999999999999999,0.29850000000000004,4.0,0.0,7.0,0.0,176.0
1.0,1.0,14.0,1.0,0.30000000000000004,0.2727,0.35999999999999999,0.41790000000000005,4.0,0.0,7.0,0.0,151.0
1.0,1.0,15.0,1.0,0.28000000000000003,0.24239999999999998,0.38,0.44780000000000003,4.0,0.0,7.0,0.0,168.0
1.0,1.0,16.0,1.0,0.26000000000000001,0.2273,0.34999999999999998,0.41790000000000005,4.0,0.0,7.0,0.0,154.0
1.0,1.0,17.0,1.0,0.26000000000000001,0.2273,0.34999999999999998,0.3881,4.0,0.0,7.0,0.0,153.0
1.0,1.0,18.0,1.0,0.26000000000000001,0.24239999999999998,0.33000000000000002,0.25370000000000004,4.0,0.0,7.0,0.0,126.0
1.0,1.0,19.0,1.0,0.23999999999999999,0.2273,0.38,0.22390000000000002,4.0,0.0,7.0,0.0,93.0
1.0,1.0,20.0,1.0,0.23999999999999999,0.2273,0.40999999999999998,0.22390000000000002,4.0,0.0,7.0,0.0,88.0
1.0,1.0,21.0,2.0,0.23999999999999999,0.21210000000000001,0.40999999999999998,0.32840000000000003,4.0,0.0,7.0,0.0,66.0
1.0,1.0,22.0,2.0,0.22,0.21210000000000001,0.44,0.28360000000000002,4.0,0.0,7.0,0.0,39.0
1.0,1.0,23.0,1.0,0.22,0.21210000000000001,0.44,0.25370000000000004,4.0,0.0,7.0,0.0,34.0
1.0,1.0,0.0,1.0,0.19999999999999998,0.19699999999999998,0.51000000000000001,0.25370000000000004,4.0,0.0,1.0,1.0,13.0
1.0,1.0,1.0,1.0,0.17999999999999999,0.18179999999999999,0.55000000000000004,0.22390000000000002,4.0,0.0,1.0,1.0,6.0
1.0,1.0,2.0,1.0,0.17999999999999999,0.16670000000000001,0.51000000000000001,0.25370000000000004,4.0,0.0,1.0,1.0,3.0
1.0,1.0,3.0,1.0,0.16,0.13639999999999999,0.55000000000000004,0.28360000000000002,4.0,0.0,1.0,1.0,2.0
1.0,1.0,4.0,1.0,0.16,0.1515,0.55000000000000004,0.25370000000000004,4.0,0.0,1.0,1.0,5.0
1.0,1.0,5.0,1.0,0.14000000000000001,0.13639999999999999,0.54000000000000004,0.19399999999999998,4.0,0.0,1.0,1.0,12.0
1.0,1.0,6.0,1.0,0.14000000000000001,0.12119999999999999,0.58999999999999997,0.28360000000000002,4.0,0.0,1.0,1.0,85.0
1.0,1.0,7.0,1.0,0.14000000000000001,0.12119999999999999,0.58999999999999997,0.25370000000000004,4.0,0.0,1.0,1.0,170.0
1.0,1.0,8.0,1.0,0.16,0.13639999999999999,0.55000000000000004,0.28360000000000002,4.0,0.0,1.0,1.0,354.0
1.0,1.0,9.0,1.0,0.16,0.13639999999999999,0.5,0.28360000000000002,4.0,0.0,1.0,1.0,153.0
1.0,1.0,10.0,1.0,0.16,0.12119999999999999,0.46999999999999997,0.4627,4.0,0.0,1.0,1.0,60.0
1.0,1.0,11.0,1.0,0.17999999999999999,0.13639999999999999,0.37,0.52239999999999998,4.0,0.0,1.0,1.0,75.0
1.0,1.0,12.0,1.0,0.17999999999999999,0.13639999999999999,0.37,0.52239999999999998,4.0,0.0,1.0,1.0,74.0
1.0,1.0,13.0,1.0,0.17999999999999999,0.12119999999999999,0.34000000000000002,0.65669999999999995,4.0,0.0,1.0,1.0,73.0
1.0,1.0,14.0,1.0,0.16,0.12119999999999999,0.42999999999999999,0.52239999999999998,4.0,0.0,1.0,1.0,79.0
1.0,1.0,15.0,1.0,0.16,0.12119999999999999,0.37,0.41790000000000005,4.0,0.0,1.0,1.0,77.0
1.0,1.0,16.0,1.0,0.14000000000000001,0.090899999999999995,0.39000000000000001,0.58210000000000006,4.0,0.0,1.0,1.0,136.0
1.0,1.0,17.0,1.0,0.14000000000000001,0.1061,0.26000000000000001,0.4627,4.0,0.0,1.0,1.0,245.0
1.0,1.0,18.0,1.0,0.14000000000000001,0.090899999999999995,0.26000000000000001,0.52239999999999998,4.0,0.0,1.0,1.0,224.0
1.0,1.0,19.0,1.0,0.12,0.090899999999999995,0.28000000000000003,0.41790000000000005,4.0,0.0,1.0,1.0,156.0
1.0,1.0,20.0,1.0,0.12,0.12119999999999999,0.33000000000000002,0.25370000000000004,4.0,0.0,1.0,1.0,115.0
1.0,1.0,21.0,1.0,0.099999999999999992,0.1061,0.35999999999999999,0.22390000000000002,4.0,0.0,1.0,1.0,68.0
1.0,1.0,22.0,1.0,0.099999999999999992,0.1061,0.46000000000000002,0.25370000000000004,4.0,0.0,1.0,1.0,33.0
1.0,1.0,23.0,1.0,0.099999999999999992,0.075800000000000006,0.46000000000000002,0.3881,4.0,0.0,1.0,1.0,18.0
1.0,1.0,0.0,1.0,0.080000000000000002,0.060599999999999994,0.41999999999999998,0.32840000000000003,4.0,0.0,2.0,1.0,9.0
1.0,1.0,1.0,1.0,0.040000000000000001,0.030299999999999997,0.38,0.29850000000000004,4.0,0.0,2.0,1.0,3.0
1.0,1.0,2.0,1.0,0.02,0.0152,0.34000000000000002,0.28360000000000002,4.0,0.0,2.0,1.0,1.0
1.0,1.0,3.0,1.0,0.02,0.0152,0.34000000000000002,0.28360000000000002,4.0,0.0,2.0,1.0,1.0
1.0,1.0,4.0,1.0,0.02,0.045499999999999999,0.40999999999999998,0.19399999999999998,4.0,0.0,2.0,1.0,2.0
1.0,1.0,5.0,1.0,0.02,0.045499999999999999,0.40999999999999998,0.19399999999999998,4.0,0.0,2.0,1.0,14.0
1.0,1.0,6.0,1.0,0.02,0.045499999999999999,0.40999999999999998,0.16420000000000001,4.0,0.0,2.0,1.0,59.0
1.0,1.0,7.0,1.0,0.02,0.045499999999999999,0.44,0.19399999999999998,4.0,0.0,2.0,1.0,152.0
1.0,1.0,8.0,1.0,0.02,0.060599999999999994,0.44,0.1343,4.0,0.0,2.0,1.0,315.0
1.0,1.0,9.0,1.0,0.040000000000000001,0.060599999999999994,0.45000000000000001,0.1343,4.0,0.0,2.0,1.0,180.0
1.0,1.0,10.0,1.0,0.059999999999999998,0.1061,0.45000000000000001,0.0,4.0,0.0,2.0,1.0,64.0
1.0,1.0,11.0,2.0,0.080000000000000002,0.12119999999999999,0.41999999999999998,0.089599999999999999,4.0,0.0,2.0,1.0,46.0
1.0,1.0,12.0,2.0,0.099999999999999992,0.1061,0.46000000000000002,0.19399999999999998,4.0,0.0,2.0,1.0,84.0
1.0,1.0,13.0,2.0,0.14000000000000001,0.12119999999999999,0.42999999999999999,0.25370000000000004,4.0,0.0,2.0,1.0,91.0
1.0,1.0,14.0,2.0,0.14000000000000001,0.12119999999999999,0.46000000000000002,0.25370000000000004,4.0,0.0,2.0,1.0,75.0
1.0,1.0,15.0,2.0,0.17999999999999999,0.1515,0.37,0.32840000000000003,4.0,0.0,2.0,1.0,90.0
1.0,1.0,16.0,2.0,0.17999999999999999,0.16670000000000001,0.40000000000000002,0.28360000000000002,4.0,0.0,2.0,1.0,131.0
1.0,1.0,17.0,2.0,0.19999999999999998,0.19699999999999998,0.40000000000000002,0.19399999999999998,4.0,0.0,2.0,1.0,281.0
1.0,1.0,18.0,2.0,0.19999999999999998,0.21210000000000001,0.37,0.1343,4.0,0.0,2.0,1.0,289.0
1.0,1.0,19.0,2.0,0.19999999999999998,0.2273,0.40000000000000002,0.1045,4.0,0.0,2.0,1.0,184.0
1.0,1.0,20.0,2.0,0.19999999999999998,0.19699999999999998,0.40000000000000002,0.19399999999999998,4.0,0.0,2.0,1.0,123.0
1.0,1.0,21.0,2.0,0.19999999999999998,0.2576,0.44,0.0,4.0,0.0,2.0,1.0,90.0
1.0,1.0,22.0,2.0,0.19999999999999998,0.2273,0.46999999999999997,0.089599999999999999,4.0,0.0,2.0,1.0,52.0
1.0,1.0,23.0,2.0,0.19999999999999998,0.2273,0.44,0.1045,4.0,0.0,2.0,1.0,32.0
1.0,1.0,0.0,2.0,0.22,0.2273,0.46999999999999997,0.19399999999999998,4.0,0.0,3.0,1.0,14.0
1.0,1.0,1.0,1.0,0.19999999999999998,0.2273,0.51000000000000001,0.089599999999999999,4.0,0.0,3.0,1.0,5.0
1.0,1.0,2.0,1.0,0.19999999999999998,0.2273,0.51000000000000001,0.089599999999999999,4.0,0.0,3.0,1.0,4.0
1.0,1.0,3.0,1.0,0.19999999999999998,0.2576,0.60999999999999999,0.0,4.0,0.0,3.0,1.0,4.0
1.0,1.0,4.0,2.0,0.19999999999999998,0.2273,0.58999999999999997,0.089599999999999999,4.0,0.0,3.0,1.0,5.0
1.0,1.0,5.0,2.0,0.19999999999999998,0.2273,0.58999999999999997,0.089599999999999999,4.0,0.0,3.0,1.0,26.0
1.0,1.0,6.0,2.0,0.19999999999999998,0.21210000000000001,0.75,0.1343,4.0,0.0,3.0,1.0,78.0
1.0,1.0,7.0,2.0,0.19999999999999998,0.2273,0.68999999999999995,0.089599999999999999,4.0,0.0,3.0,1.0,215.0
1.0,1.0,8.0,2.0,0.19999999999999998,0.2576,0.75,0.0,4.0,0.0,3.0,1.0,388.0
1.0,1.0,9.0,2.0,0.22,0.2727,0.68999999999999995,0.0,4.0,0.0,3.0,1.0,227.0
1.0,1.0,10.0,2.0,0.23999999999999999,0.2576,0.52000000000000002,0.089599999999999999,4.0,0.0,3.0,1.0,86.0
1.0,1.0,11.0,1.0,0.30000000000000004,0.33329999999999999,0.48999999999999999,0.0,4.0,0.0,3.0,1.0,84.0
1.0,1.0,12.0,1.0,0.30000000000000004,0.28789999999999999,0.48999999999999999,0.25370000000000004,4.0,0.0,3.0,1.0,120.0
1.0,1.0,13.0,1.0,0.33999999999999997,0.30299999999999999,0.41999999999999998,0.29850000000000004,4.0,0.0,3.0,1.0,118.0
1.0,1.0,14.0,1.0,0.33999999999999997,0.31819999999999998,0.39000000000000001,0.28360000000000002,4.0,0.0,3.0,1.0,117.0
1.0,1.0,15.0,1.0,0.35999999999999999,0.33329999999999999,0.34000000000000002,0.28360000000000002,4.0,0.0,3.0,1.0,119.0
1.0,1.0,16.0,1.0,0.35999999999999999,0.33329999999999999,0.34000000000000002,0.28360000000000002,4.0,0.0,3.0,1.0,197.0
1.0,1.0,17.0,2.0,0.35999999999999999,0.34850000000000003,0.34000000000000002,0.19399999999999998,4.0,0.0,3.0,1.0,412.0
1.0,1.0,18.0,1.0,0.33999999999999997,0.33329999999999999,0.35999999999999999,0.16420000000000001,4.0,0.0,3.0,1.0,383.0
1.0,1.0,19.0,1.0,0.33999999999999997,0.34850000000000003,0.34000000000000002,0.089599999999999999,4.0,0.0,3.0,1.0,265.0
1.0,1.0,20.0,1.0,0.30000000000000004,0.33329999999999999,0.48999999999999999,0.0,4.0,0.0,3.0,1.0,177.0
1.0,1.0,21.0,1.0,0.26000000000000001,0.2727,0.59999999999999998,0.1343,4.0,0.0,3.0,1.0,97.0
1.0,1.0,22.0,1.0,0.26000000000000001,0.2576,0.59999999999999998,0.16420000000000001,4.0,0.0,3.0,1.0,71.0
1.0,1.0,23.0,1.0,0.23999999999999999,0.2576,0.69999999999999996,0.1045,4.0,0.0,3.0,1.0,60.0
1.0,1.0,0.0,1.0,0.22,0.2576,0.75,0.089599999999999999,4.0,0.0,4.0,1.0,25.0
1.0,1.0,1.0,1.0,0.22,0.2727,0.75,0.0,4.0,0.0,4.0,1.0,8.0
1.0,1.0,2.0,1.0,0.22,0.2273,0.68999999999999995,0.16420000000000001,4.0,0.0,4.0,1.0,5.0
1.0,1.0,3.0,1.0,0.22,0.24239999999999998,0.68999999999999995,0.1045,4.0,0.0,4.0,1.0,4.0
1.0,1.0,4.0,1.0,0.22,0.2273,0.68999999999999995,0.1343,4.0,0.0,4.0,1.0,3.0
1.0,1.0,5.0,2.0,0.19999999999999998,0.21210000000000001,0.80000000000000004,0.1343,4.0,0.0,4.0,1.0,13.0
1.0,1.0,6.0,2.0,0.22,0.24239999999999998,0.72999999999999998,0.1045,4.0,0.0,4.0,1.0,70.0
1.0,1.0,7.0,2.0,0.23999999999999999,0.28789999999999999,0.65000000000000002,0.0,4.0,0.0,4.0,1.0,205.0
1.0,1.0,8.0,1.0,0.23999999999999999,0.24239999999999998,0.69999999999999996,0.1343,4.0,0.0,4.0,1.0,447.0
1.0,1.0,9.0,1.0,0.23999999999999999,0.24239999999999998,0.69999999999999996,0.16420000000000001,4.0,0.0,4.0,1.0,241.0
1.0,1.0,10.0,1.0,0.26000000000000001,0.2576,0.65000000000000002,0.19399999999999998,4.0,0.0,4.0,1.0,116.0
1.0,1.0,11.0,1.0,0.30000000000000004,0.30299999999999999,0.56000000000000005,0.16420000000000001,4.0,0.0,4.0,1.0,138.0
1.0,1.0,12.0,1.0,0.35999999999999999,0.33329999999999999,0.5,0.25370000000000004,4.0,0.0,4.0,1.0,191.0
1.0,1.0,13.0,1.0,0.39999999999999997,0.40909999999999996,0.42999999999999999,0.28360000000000002,4.0,0.0,4.0,1.0,204.0
1.0,1.0,14.0,1.0,0.45999999999999996,0.45450000000000002,0.35999999999999999,0.19399999999999998,4.0,0.0,4.0,1.0,178.0
1.0,1.0,15.0,1.0,0.52000000000000002,0.5,0.27000000000000002,0.25370000000000004,4.0,0.0,4.0,1.0,222.0
1.0,1.0,16.0,1.0,0.52000000000000002,0.5,0.27000000000000002,0.28360000000000002,4.0,0.0,4.0,1.0,294.0
1.0,1.0,17.0,1.0,0.45999999999999996,0.45450000000000002,0.35999999999999999,0.22390000000000002,4.0,0.0,4.0,1.0,476.0
1.0,1.0,18.0,1.0,0.5,0.48479999999999995,0.28999999999999998,0.25370000000000004,4.0,0.0,4.0,1.0,419.0
1.0,1.0,19.0,1.0,0.45999999999999996,0.45450000000000002,0.33000000000000002,0.28360000000000002,4.0,0.0,4.0,1.0,272.0
1.0,1.0,20.0,1.0,0.41999999999999998,0.42420000000000002,0.40999999999999998,0.19399999999999998,4.0,0.0,4.0,1.0,177.0
1.0,1.0,21.0,1.0,0.39999999999999997,0.40909999999999996,0.42999999999999999,0.22390000000000002,4.0,0.0,4.0,1.0,154.0
1.0,1.0,22.0,1.0,0.35999999999999999,0.34850000000000003,0.5,0.19399999999999998,4.0,0.0,4.0,1.0,135.0
1.0,1.0,23.0,1.0,0.35999999999999999,0.37880000000000003,0.5,0.0,4.0,0.0,4.0,1.0,101.0
1.0,1.0,0.0,1.0,0.35999999999999999,0.34850000000000003,0.5,0.16420000000000001,4.0,0.0,5.0,1.0,79.0
1.0,1.0,1.0,1.0,0.38,0.39390000000000003,0.46000000000000002,0.16420000000000001,4.0,0.0,5.0,1.0,62.0
1.0,1.0,2.0,1.0,0.35999999999999999,0.36359999999999998,0.5,0.1045,4.0,0.0,5.0,1.0,38.0
1.0,1.0,3.0,1.0,0.32000000000000001,0.33329999999999999,0.56999999999999995,0.1045,4.0,0.0,5.0,1.0,20.0
1.0,1.0,4.0,1.0,0.32000000000000001,0.33329999999999999,0.56999999999999995,0.089599999999999999,4.0,0.0,5.0,1.0,10.0
1.0,1.0,5.0,1.0,0.26000000000000001,0.2727,0.75,0.1045,4.0,0.0,5.0,1.0,9.0
1.0,1.0,6.0,1.0,0.26000000000000001,0.2727,0.75,0.1045,4.0,0.0,5.0,1.0,7.0
1.0,1.0,7.0,1.0,0.22,0.2273,0.87,0.19399999999999998,4.0,0.0,5.0,1.0,20.0
1.0,1.0,8.0,1.0,0.23999999999999999,0.2576,0.75,0.1045,4.0,0.0,5.0,1.0,64.0
1.0,1.0,9.0,1.0,0.22,0.2273,0.80000000000000004,0.1343,4.0,0.0,5.0,1.0,130.0
1.0,1.0,10.0,1.0,0.28000000000000003,0.30299999999999999,0.75,0.089599999999999999,4.0,0.0,5.0,1.0,203.0
1.0,1.0,11.0,1.0,0.33999999999999997,0.31819999999999998,0.56999999999999995,0.22390000000000002,4.0,0.0,5.0,1.0,324.0
1.0,1.0,12.0,1.0,0.39999999999999997,0.40909999999999996,0.42999999999999999,0.22390000000000002,4.0,0.0,5.0,1.0,376.0
1.0,1.0,13.0,1.0,0.44,0.43939999999999996,0.44,0.19399999999999998,4.0,0.0,5.0,1.0,445.0
1.0,1.0,14.0,1.0,0.5,0.48479999999999995,0.41999999999999998,0.28360000000000002,4.0,0.0,5.0,1.0,512.0
1.0,1.0,15.0,1.0,0.58000000000000007,0.54549999999999998,0.37,0.29850000000000004,4.0,0.0,5.0,1.0,449.0
1.0,1.0,16.0,2.0,0.56000000000000005,0.27424013513513457,0.37,0.28360000000000002,4.0,0.0,5.0,1.0,401.0
1.0,1.0,17.0,2.0,0.54000000000000004,0.51519999999999999,0.42999999999999999,0.1343,4.0,0.0,5.0,1.0,322.0
1.0,1.0,18.0,1.0,0.54000000000000004,0.51519999999999999,0.45000000000000001,0.1343,4.0,0.0,5.0,1.0,297.0
1.0,1.0,19.0,1.0,0.52000000000000002,0.5,0.41999999999999998,0.1045,4.0,0.0,5.0,1.0,215.0
1.0,1.0,20.0,1.0,0.5,0.48479999999999995,0.39000000000000001,0.25370000000000004,4.0,0.0,5.0,1.0,170.0
1.0,1.0,21.0,1.0,0.44,0.43939999999999996,0.44,0.22390000000000002,4.0,0.0,5.0,1.0,140.0
1.0,1.0,22.0,1.0,0.44,0.43939999999999996,0.38,0.25370000000000004,4.0,0.0,5.0,1.0,109.0
1.0,1.0,23.0,1.0,0.41999999999999998,0.42420000000000002,0.38,0.22390000000000002,4.0,0.0,5.0,1.0,119.0
1.0,1.0,0.0,1.0,0.38,0.39390000000000003,0.40000000000000002,0.28360000000000002,4.0,0.0,6.0,0.0,91.0
1.0,1.0,1.0,1.0,0.33999999999999997,0.33329999999999999,0.41999999999999998,0.19399999999999998,4.0,0.0,6.0,0.0,72.0
1.0,1.0,2.0,1.0,0.35999999999999999,0.33329999999999999,0.37,0.28360000000000002,4.0,0.0,6.0,0.0,67.0
1.0,1.0,3.0,1.0,0.33999999999999997,0.33329999999999999,0.41999999999999998,0.1343,4.0,0.0,6.0,0.0,32.0
1.0,1.0,4.0,1.0,0.32000000000000001,0.30299999999999999,0.48999999999999999,0.25370000000000004,4.0,0.0,6.0,0.0,6.0
1.0,1.0,5.0,2.0,0.32000000000000001,0.33329999999999999,0.48999999999999999,0.1045,4.0,0.0,6.0,0.0,2.0
1.0,1.0,6.0,2.0,0.30000000000000004,0.33329999999999999,0.52000000000000002,0.0,4.0,0.0,6.0,0.0,2.0
1.0,1.0,7.0,2.0,0.30000000000000004,0.33329999999999999,0.52000000000000002,0.0,4.0,0.0,6.0,0.0,24.0
1.0,1.0,8.0,1.0,0.30000000000000004,0.30299999999999999,0.52000000000000002,0.1343,4.0,0.0,6.0,0.0,57.0
1.0,1.0,9.0,1.0,0.32000000000000001,0.33329999999999999,0.53000000000000003,0.1343,4.0,0.0,6.0,0.0,125.0
1.0,1.0,10.0,1.0,0.33999999999999997,0.33329999999999999,0.48999999999999999,0.16420000000000001,4.0,0.0,6.0,0.0,208.0
1.0,1.0,11.0,1.0,0.35999999999999999,0.34850000000000003,0.46000000000000002,0.22390000000000002,4.0,0.0,6.0,0.0,256.0
1.0,1.0,12.0,1.0,0.38,0.39390000000000003,0.42999999999999999,0.22390000000000002,4.0,0.0,6.0,0.0,351.0
1.0,1.0,13.0,1.0,0.39999999999999997,0.40909999999999996,0.37,0.29850000000000004,4.0,0.0,6.0,0.0,343.0
1.0,1.0,14.0,1.0,0.39999999999999997,0.40909999999999996,0.40000000000000002,0.19399999999999998,4.0,0.0,6.0,0.0,328.0
1.0,1.0,15.0,1.0,0.39999999999999997,0.40909999999999996,0.37,0.28360000000000002,4.0,0.0,6.0,0.0,330.0
1.0,1.0,16.0,1.0,0.39999999999999997,0.40909999999999996,0.37,0.29850000000000004,4.0,0.0,6.0,0.0,314.0
1.0,1.0,17.0,1.0,0.38,0.39390000000000003,0.40000000000000002,0.22390000000000002,4.0,0.0,6.0,0.0,219.0
1.0,1.0,18.0,1.0,0.33999999999999997,0.31819999999999998,0.46000000000000002,0.22390000000000002,4.0,0.0,6.0,0.0,181.0
1.0,1.0,19.0,1.0,0.32000000000000001,0.31819999999999998,0.48999999999999999,0.19399999999999998,4.0,0.0,6.0,0.0,112.0
1.0,1.0,20.0,1.0,0.30000000000000004,0.30299999999999999,0.52000000000000002,0.16420000000000001,4.0,0.0,6.0,0.0,126.0
1.0,1.0,21.0,1.0,0.28000000000000003,0.2727,0.56000000000000005,0.22390000000000002,4.0,0.0,6.0,0.0,91.0
1.0,1.0,22.0,1.0,0.26000000000000001,0.2727,0.59999999999999998,0.1045,4.0,0.0,6.0,0.0,58.0
1.0,1.0,23.0,1.0,0.26000000000000001,0.24239999999999998,0.56000000000000005,0.25370000000000004,4.0,0.0,6.0,0.0,30.0
1.0,1.0,0.0,1.0,0.23999999999999999,0.2273,0.59999999999999998,0.22390000000000002,4.0,0.0,7.0,0.0,15.0
1.0,1.0,1.0,1.0,0.23999999999999999,0.24239999999999998,0.59999999999999998,0.1343,4.0,0.0,7.0,0.0,5.0
1.0,1.0,2.0,1.0,0.23999999999999999,0.24239999999999998,0.56000000000000005,0.1343,4.0,0.0,7.0,0.0,5.0
1.0,1.0,3.0,1.0,0.23999999999999999,0.24239999999999998,0.52000000000000002,0.16420000000000001,4.0,0.0,7.0,0.0,3.0
1.0,1.0,4.0,1.0,0.22,0.24239999999999998,0.64000000000000001,0.1045,4.0,0.0,7.0,0.0,4.0
1.0,1.0,5.0,2.0,0.19999999999999998,0.2273,0.64000000000000001,0.089599999999999999,4.0,0.0,7.0,0.0,21.0
1.0,1.0,6.0,2.0,0.22,0.2273,0.59999999999999998,0.1343,4.0,0.0,7.0,0.0,88.0
1.0,1.0,7.0,2.0,0.22,0.24239999999999998,0.59999999999999998,0.1045,4.0,0.0,7.0,0.0,240.0
1.0,1.0,8.0,2.0,0.22,0.2576,0.55000000000000004,0.089599999999999999,4.0,0.0,7.0,0.0,420.0
1.0,1.0,9.0,2.0,0.22,0.2727,0.64000000000000001,0.0,4.0,0.0,7.0,0.0,197.0
1.0,1.0,10.0,1.0,0.23999999999999999,0.28789999999999999,0.59999999999999998,0.0,4.0,0.0,7.0,0.0,108.0
1.0,1.0,11.0,2.0,0.26000000000000001,0.28789999999999999,0.56000000000000005,0.089599999999999999,4.0,0.0,7.0,0.0,88.0
1.0,1.0,12.0,2.0,0.26000000000000001,0.2727,0.56000000000000005,0.1045,4.0,0.0,7.0,0.0,103.0
1.0,1.0,13.0,2.0,0.26000000000000001,0.2727,0.56000000000000005,0.1045,4.0,0.0,7.0,0.0,80.0
1.0,1.0,14.0,3.0,0.22,0.2273,0.75,0.16420000000000001,4.0,0.0,7.0,0.0,50.0
1.0,1.0,15.0,3.0,0.22,0.2273,0.75,0.16420000000000001,4.0,0.0,7.0,0.0,69.0
1.0,1.0,16.0,3.0,0.22,0.2576,0.87,0.089599999999999999,4.0,0.0,7.0,0.0,49.0
1.0,1.0,17.0,3.0,0.22,0.2727,0.87,0.0,4.0,0.0,7.0,0.0,152.0
1.0,1.0,18.0,4.0,0.19999999999999998,0.2273,0.85999999999999999,0.089599999999999999,4.0,0.0,7.0,0.0,164.0
1.0,1.0,19.0,3.0,0.19999999999999998,0.2273,0.93000000000000005,0.089599999999999999,4.0,0.0,7.0,0.0,190.0
1.0,1.0,20.0,2.0,0.19999999999999998,0.2273,0.85999999999999999,0.089599999999999999,4.0,0.0,7.0,0.0,132.0
1.0,1.0,21.0,2.0,0.19999999999999998,0.2576,0.93000000000000005,0.0,4.0,0.0,7.0,0.0,79.0
1.0,1.0,22.0,2.0,0.19999999999999998,0.2273,0.92000000000000004,0.1045,4.0,0.0,7.0,0.0,62.0
1.0,1.0,23.0,2.0,0.22,0.24239999999999998,0.87,0.1045,4.0,0.0,7.0,0.0,52.0
1.0,1.0,0.0,2.0,0.22,0.24239999999999998,0.87,0.1045,4.0,0.0,1.0,1.0,14.0
1.0,1.0,1.0,2.0,0.22,0.24239999999999998,0.93000000000000005,0.1045,4.0,0.0,1.0,1.0,5.0
1.0,1.0,2.0,2.0,0.22,0.2273,0.87,0.16420000000000001,4.0,0.0,1.0,1.0,4.0
1.0,1.0,4.0,2.0,0.19999999999999998,0.21210000000000001,0.85999999999999999,0.16420000000000001,4.0,0.0,1.0,1.0,4.0
1.0,1.0,5.0,1.0,0.39999999999999997,0.40909999999999996,0.46999999999999997,0.22390000000000002,4.0,0.0,1.0,1.0,23.0
1.0,1.0,6.0,2.0,0.17999999999999999,0.18179999999999999,0.93000000000000005,0.19399999999999998,4.0,0.0,1.0,1.0,79.0
1.0,1.0,7.0,2.0,0.17999999999999999,0.19699999999999998,0.93000000000000005,0.16420000000000001,4.0,0.0,1.0,1.0,222.0
1.0,1.0,8.0,2.0,0.17999999999999999,0.19699999999999998,0.93000000000000005,0.16420000000000001,4.0,0.0,1.0,1.0,471.0
1.0,1.0,9.0,2.0,0.17999999999999999,0.19699999999999998,0.93000000000000005,0.16420000000000001,4.0,0.0,1.0,1.0,195.0
1.0,1.0,10.0,2.0,0.17999999999999999,0.19699999999999998,0.93000000000000005,0.16420000000000001,4.0,0.0,1.0,1.0,83.0
1.0,1.0,11.0,1.0,0.41999999999999998,0.42420000000000002,0.38,0.29850000000000004,4.0,0.0,1.0,1.0,101.0
1.0,1.0,12.0,1.0,0.41999999999999998,0.42420000000000002,0.38,0.29850000000000004,4.0,0.0,1.0,1.0,140.0
1.0,1.0,13.0,1.0,0.41999999999999998,0.42420000000000002,0.38,0.29850000000000004,4.0,0.0,1.0,1.0,178.0
1.0,1.0,14.0,1.0,0.41999999999999998,0.42420000000000002,0.38,0.29850000000000004,4.0,0.0,1.0,1.0,106.0
1.0,1.0,15.0,1.0,0.41999999999999998,0.42420000000000002,0.38,0.29850000000000004,4.0,0.0,1.0,1.0,136.0
1.0,1.0,16.0,1.0,0.41999999999999998,0.42420000000000002,0.38,0.35820000000000002,4.0,0.0,1.0,1.0,240.0
1.0,1.0,17.0,1.0,0.41999999999999998,0.42420000000000002,0.38,0.25370000000000004,4.0,0.0,1.0,1.0,460.0
1.0,1.0,18.0,1.0,0.39999999999999997,0.40909999999999996,0.40000000000000002,0.1045,4.0,0.0,1.0,1.0,385.0
1.0,1.0,19.0,1.0,0.38,0.39390000000000003,0.46000000000000002,0.1045,4.0,0.0,1.0,1.0,281.0
1.0,1.0,20.0,1.0,0.33999999999999997,0.34850000000000003,0.53000000000000003,0.1045,4.0,0.0,1.0,1.0,200.0
1.0,1.0,21.0,1.0,0.32000000000000001,0.33329999999999999,0.66000000000000003,0.089599999999999999,4.0,0.0,1.0,1.0,116.0
1.0,1.0,22.0,1.0,0.30000000000000004,0.30299999999999999,0.69999999999999996,0.089599999999999999,4.0,0.0,1.0,1.0,114.0
1.0,1.0,23.0,1.0,0.26000000000000001,0.2727,0.81000000000000005,0.1045,4.0,0.0,1.0,1.0,41.0
1.0,1.0,0.0,1.0,0.26000000000000001,0.30299999999999999,0.81000000000000005,0.0,4.0,0.0,2.0,1.0,28.0
1.0,1.0,1.0,1.0,0.23999999999999999,0.2576,0.87,0.089599999999999999,4.0,0.0,2.0,1.0,7.0
1.0,1.0,2.0,1.0,0.19999999999999998,0.21210000000000001,0.84999999999999998,0.16420000000000001,4.0,0.0,2.0,1.0,5.0
1.0,1.0,3.0,1.0,0.22,0.2727,0.80000000000000004,0.0,4.0,0.0,2.0,1.0,4.0
1.0,1.0,4.0,1.0,0.19999999999999998,0.21210000000000001,0.80000000000000004,0.1343,4.0,0.0,2.0,1.0,2.0
1.0,1.0,5.0,1.0,0.19999999999999998,0.21210000000000001,0.80000000000000004,0.1343,4.0,0.0,2.0,1.0,22.0
1.0,1.0,6.0,1.0,0.19999999999999998,0.21210000000000001,0.85999999999999999,0.1343,4.0,0.0,2.0,1.0,74.0
1.0,1.0,7.0,1.0,0.19999999999999998,0.21210000000000001,0.80000000000000004,0.1343,4.0,0.0,2.0,1.0,256.0
1.0,1.0,8.0,1.0,0.19999999999999998,0.2273,0.81999999999999995,0.1045,4.0,0.0,2.0,1.0,499.0
1.0,1.0,9.0,2.0,0.19999999999999998,0.21210000000000001,0.85999999999999999,0.1343,4.0,0.0,2.0,1.0,225.0
1.0,1.0,10.0,2.0,0.23999999999999999,0.24239999999999998,0.87,0.1343,4.0,0.0,2.0,1.0,97.0
1.0,1.0,11.0,2.0,0.26000000000000001,0.28789999999999999,0.87,0.089599999999999999,4.0,0.0,2.0,1.0,99.0
1.0,1.0,12.0,3.0,0.30000000000000004,0.33329999999999999,0.81000000000000005,0.0,4.0,0.0,2.0,1.0,55.0
1.0,1.0,13.0,3.0,0.32000000000000001,0.34850000000000003,0.76000000000000001,0.0,4.0,0.0,2.0,1.0,65.0
1.0,1.0,14.0,3.0,0.32000000000000001,0.33329999999999999,0.81000000000000005,0.1045,4.0,0.0,2.0,1.0,73.0
1.0,1.0,15.0,2.0,0.33999999999999997,0.34850000000000003,0.87,0.089599999999999999,4.0,0.0,2.0,1.0,79.0
1.0,1.0,16.0,2.0,0.33999999999999997,0.31819999999999998,0.87,0.25370000000000004,4.0,0.0,2.0,1.0,118.0
1.0,1.0,17.0,3.0,0.33999999999999997,0.31819999999999998,0.87,0.22390000000000002,4.0,0.0,2.0,1.0,134.0
1.0,1.0,18.0,3.0,0.33999999999999997,0.33329999999999999,0.87,0.19399999999999998,4.0,0.0,2.0,1.0,98.0
1.0,1.0,19.0,3.0,0.32000000000000001,0.30299999999999999,0.93000000000000005,0.22390000000000002,4.0,0.0,2.0,1.0,93.0
1.0,1.0,20.0,3.0,0.32000000000000001,0.31819999999999998,0.93000000000000005,0.16420000000000001,4.0,0.0,2.0,1.0,57.0
1.0,1.0,21.0,3.0,0.33999999999999997,0.31819999999999998,0.87,0.22390000000000002,4.0,0.0,2.0,1.0,29.0
1.0,1.0,22.0,3.0,0.33999999999999997,0.33329999999999999,0.87,0.19399999999999998,4.0,0.0,2.0,1.0,49.0
1.0,1.0,23.0,3.0,0.33999999999999997,0.31819999999999998,0.87,0.22390000000000002,4.0,0.0,2.0,1.0,9.0
1.0,1.0,0.0,3.0,0.33999999999999997,0.33329999999999999,0.93000000000000005,0.19399999999999998,4.0,0.0,3.0,1.0,3.0
1.0,1.0,1.0,3.0,0.35999999999999999,0.34850000000000003,0.93000000000000005,0.19399999999999998,4.0,0.0,3.0,1.0,3.0
1.0,1.0,2.0,3.0,0.35999999999999999,0.34850000000000003,0.93000000000000005,0.25370000000000004,4.0,0.0,3.0,1.0,2.0
1.0,1.0,3.0,3.0,0.35999999999999999,0.34850000000000003,0.93000000000000005,0.25370000000000004,4.0,0.0,3.0,1.0,3.0
1.0,1.0,4.0,3.0,0.35999999999999999,0.34850000000000003,0.93000000000000005,0.19399999999999998,4.0,0.0,3.0,1.0,2.0
1.0,1.0,5.0,3.0,0.33999999999999997,0.34850000000000003,0.93000000000000005,0.089599999999999999,4.0,0.0,3.0,1.0,16.0
1.0,1.0,6.0,3.0,0.35999999999999999,0.34850000000000003,0.93000000000000005,0.1343,4.0,0.0,3.0,1.0,89.0
1.0,1.0,7.0,2.0,0.33999999999999997,0.31819999999999998,0.87,0.28360000000000002,4.0,0.0,3.0,1.0,220.0
1.0,1.0,8.0,1.0,0.32000000000000001,0.31819999999999998,0.81000000000000005,0.19399999999999998,4.0,0.0,3.0,1.0,508.0
1.0,1.0,9.0,1.0,0.32000000000000001,0.33329999999999999,0.81000000000000005,0.1045,4.0,0.0,3.0,1.0,230.0
1.0,1.0,10.0,1.0,0.33999999999999997,0.34850000000000003,0.81000000000000005,0.1045,4.0,0.0,3.0,1.0,90.0
1.0,1.0,11.0,2.0,0.33999999999999997,0.34850000000000003,0.81000000000000005,0.1045,4.0,0.0,3.0,1.0,119.0
1.0,1.0,12.0,2.0,0.33999999999999997,0.34850000000000003,0.81000000000000005,0.1045,4.0,0.0,3.0,1.0,144.0
1.0,1.0,13.0,1.0,0.41999999999999998,0.42420000000000002,0.77000000000000002,0.16420000000000001,4.0,0.0,3.0,1.0,183.0
1.0,1.0,14.0,1.0,0.41999999999999998,0.42420000000000002,0.77000000000000002,0.16420000000000001,4.0,0.0,3.0,1.0,156.0
1.0,1.0,15.0,1.0,0.44,0.43939999999999996,0.71999999999999997,0.1343,4.0,0.0,3.0,1.0,188.0
1.0,1.0,16.0,1.0,0.45999999999999996,0.45450000000000002,0.67000000000000004,0.19399999999999998,4.0,0.0,3.0,1.0,281.0
1.0,1.0,17.0,1.0,0.45999999999999996,0.45450000000000002,0.63,0.16420000000000001,4.0,0.0,3.0,1.0,495.0
1.0,1.0,18.0,1.0,0.44,0.43939999999999996,0.67000000000000004,0.19399999999999998,4.0,0.0,3.0,1.0,421.0
1.0,1.0,19.0,2.0,0.41999999999999998,0.42420000000000002,0.70999999999999996,0.16420000000000001,4.0,0.0,3.0,1.0,330.0
1.0,1.0,20.0,2.0,0.41999999999999998,0.42420000000000002,0.70999999999999996,0.19399999999999998,4.0,0.0,3.0,1.0,240.0
1.0,1.0,21.0,1.0,0.44,0.43939999999999996,0.67000000000000004,0.1343,4.0,0.0,3.0,1.0,174.0
1.0,1.0,22.0,1.0,0.38,0.39390000000000003,0.76000000000000001,0.29850000000000004,4.0,0.0,3.0,1.0,133.0
1.0,1.0,23.0,1.0,0.39999999999999997,0.40909999999999996,0.76000000000000001,0.32840000000000003,4.0,0.0,3.0,1.0,67.0
1.0,1.0,0.0,2.0,0.39999999999999997,0.40909999999999996,0.70999999999999996,0.28360000000000002,4.0,0.0,4.0,1.0,42.0
1.0,1.0,1.0,2.0,0.38,0.39390000000000003,0.76000000000000001,0.29850000000000004,4.0,0.0,4.0,1.0,12.0
1.0,1.0,2.0,1.0,0.39999999999999997,0.40909999999999996,0.76000000000000001,0.35820000000000002,4.0,0.0,4.0,1.0,14.0
1.0,1.0,3.0,1.0,0.35999999999999999,0.33329999999999999,0.87,0.25370000000000004,4.0,0.0,4.0,1.0,7.0
1.0,1.0,4.0,3.0,0.32000000000000001,0.28789999999999999,0.69999999999999996,0.49250000000000005,4.0,0.0,4.0,1.0,3.0
1.0,1.0,5.0,2.0,0.30000000000000004,0.24239999999999998,0.69999999999999996,0.55220000000000002,4.0,0.0,4.0,1.0,21.0
1.0,1.0,6.0,2.0,0.26000000000000001,0.2576,0.75,0.22390000000000002,4.0,0.0,4.0,1.0,73.0
1.0,1.0,7.0,1.0,0.26000000000000001,0.2576,0.59999999999999998,0.22390000000000002,4.0,0.0,4.0,1.0,177.0
1.0,1.0,8.0,1.0,0.23999999999999999,0.21210000000000001,0.52000000000000002,0.35820000000000002,4.0,0.0,4.0,1.0,419.0
1.0,1.0,9.0,1.0,0.22,0.19699999999999998,0.46999999999999997,0.3881,4.0,0.0,4.0,1.0,214.0
1.0,1.0,10.0,1.0,0.23999999999999999,0.19699999999999998,0.44,0.44780000000000003,4.0,0.0,4.0,1.0,103.0
1.0,1.0,11.0,1.0,0.23999999999999999,0.18179999999999999,0.38,0.6119,4.0,0.0,4.0,1.0,114.0
1.0,1.0,12.0,1.0,0.23999999999999999,0.19699999999999998,0.38,0.49250000000000005,4.0,0.0,4.0,1.0,154.0
1.0,1.0,13.0,1.0,0.26000000000000001,0.21210000000000001,0.33000000000000002,0.52239999999999998,4.0,0.0,4.0,1.0,154.0
1.0,1.0,14.0,1.0,0.26000000000000001,0.21210000000000001,0.33000000000000002,0.55220000000000002,4.0,0.0,4.0,1.0,129.0
1.0,1.0,15.0,1.0,0.26000000000000001,0.21210000000000001,0.33000000000000002,0.58210000000000006,4.0,0.0,4.0,1.0,138.0
1.0,1.0,16.0,1.0,0.28000000000000003,0.24239999999999998,0.29999999999999999,0.4627,4.0,0.0,4.0,1.0,233.0
1.0,1.0,17.0,1.0,0.28000000000000003,0.24239999999999998,0.33000000000000002,0.41790000000000005,4.0,0.0,4.0,1.0,332.0
1.0,1.0,18.0,1.0,0.26000000000000001,0.2273,0.38,0.29850000000000004,4.0,0.0,4.0,1.0,301.0
1.0,1.0,19.0,1.0,0.26000000000000001,0.24239999999999998,0.38,0.28360000000000002,4.0,0.0,4.0,1.0,206.0
1.0,1.0,20.0,1.0,0.23999999999999999,0.24239999999999998,0.40999999999999998,0.16420000000000001,4.0,0.0,4.0,1.0,136.0
1.0,1.0,21.0,1.0,0.23999999999999999,0.21210000000000001,0.40999999999999998,0.28360000000000002,4.0,0.0,4.0,1.0,102.0
1.0,1.0,22.0,1.0,0.19999999999999998,0.18179999999999999,0.46999999999999997,0.32840000000000003,4.0,0.0,4.0,1.0,65.0
1.0,1.0,23.0,1.0,0.17999999999999999,0.18179999999999999,0.46999999999999997,0.19399999999999998,4.0,0.0,4.0,1.0,65.0
1.0,1.0,0.0,1.0,0.16,0.18179999999999999,0.46999999999999997,0.1045,4.0,0.0,5.0,1.0,44.0
1.0,1.0,1.0,1.0,0.16,0.1515,0.46999999999999997,0.19399999999999998,4.0,0.0,5.0,1.0,50.0
1.0,1.0,2.0,1.0,0.16,0.16670000000000001,0.46999999999999997,0.16420000000000001,4.0,0.0,5.0,1.0,38.0
1.0,1.0,3.0,1.0,0.14000000000000001,0.16670000000000001,0.54000000000000004,0.1045,4.0,0.0,5.0,1.0,20.0
1.0,1.0,4.0,1.0,0.14000000000000001,0.1515,0.5,0.1343,4.0,0.0,5.0,1.0,3.0
1.0,1.0,5.0,1.0,0.14000000000000001,0.1515,0.5,0.1343,4.0,0.0,5.0,1.0,4.0
1.0,1.0,6.0,1.0,0.14000000000000001,0.1515,0.5,0.0,4.0,0.0,5.0,1.0,5.0
1.0,1.0,7.0,1.0,0.14000000000000001,0.1515,0.5,0.1343,4.0,0.0,5.0,1.0,24.0
1.0,1.0,8.0,1.0,0.12,0.1515,0.54000000000000004,0.1045,4.0,0.0,5.0,1.0,92.0
1.0,1.0,9.0,1.0,0.14000000000000001,0.16670000000000001,0.5,0.1045,4.0,0.0,5.0,1.0,81.0
1.0,1.0,10.0,1.0,0.16,0.2273,0.46999999999999997,0.0,4.0,0.0,5.0,1.0,149.0
1.0,1.0,11.0,1.0,0.19999999999999998,0.19699999999999998,0.40000000000000002,0.19399999999999998,4.0,0.0,5.0,1.0,178.0
1.0,1.0,12.0,1.0,0.22,0.21210000000000001,0.40999999999999998,0.25370000000000004,4.0,0.0,5.0,1.0,219.0
1.0,1.0,13.0,1.0,0.22,0.21210000000000001,0.44,0.28360000000000002,4.0,0.0,5.0,1.0,220.0
1.0,1.0,14.0,1.0,0.23999999999999999,0.21210000000000001,0.40999999999999998,0.29850000000000004,4.0,0.0,5.0,1.0,231.0
1.0,1.0,15.0,1.0,0.23999999999999999,0.21210000000000001,0.38,0.29850000000000004,4.0,0.0,5.0,1.0,226.0
1.0,1.0,16.0,1.0,0.23999999999999999,0.2273,0.38,0.22390000000000002,4.0,0.0,5.0,1.0,206.0
1.0,1.0,17.0,1.0,0.23999999999999999,0.2273,0.40999999999999998,0.25370000000000004,4.0,0.0,5.0,1.0,144.0
1.0,1.0,18.0,1.0,0.22,0.2273,0.40999999999999998,0.19399999999999998,4.0,0.0,5.0,1.0,143.0
1.0,1.0,19.0,1.0,0.19999999999999998,0.19699999999999998,0.46999999999999997,0.22390000000000002,4.0,0.0,5.0,1.0,102.0
1.0,1.0,20.0,1.0,0.19999999999999998,0.19699999999999998,0.44,0.25370000000000004,4.0,0.0,5.0,1.0,103.0
1.0,1.0,21.0,1.0,0.17999999999999999,0.16670000000000001,0.42999999999999999,0.25370000000000004,4.0,0.0,5.0,1.0,69.0
1.0,1.0,22.0,1.0,0.16,0.13639999999999999,0.46999999999999997,0.35820000000000002,4.0,0.0,5.0,1.0,66.0
1.0,1.0,23.0,1.0,0.16,0.1515,0.46999999999999997,0.22390000000000002,4.0,0.0,5.0,1.0,76.0
1.0,1.0,0.0,1.0,0.16,0.13639999999999999,0.46999999999999997,0.32840000000000003,4.0,0.0,6.0,0.0,59.0
1.0,1.0,1.0,2.0,0.16,0.13639999999999999,0.46999999999999997,0.29850000000000004,4.0,0.0,6.0,0.0,42.0
1.0,1.0,2.0,2.0,0.16,0.13639999999999999,0.46999999999999997,0.28360000000000002,4.0,0.0,6.0,0.0,43.0
1.0,1.0,3.0,2.0,0.16,0.13639999999999999,0.47999999999999998,0.3881,4.0,0.0,6.0,0.0,25.0
1.0,1.0,4.0,2.0,0.16,0.13639999999999999,0.46999999999999997,0.3881,4.0,0.0,6.0,0.0,6.0
1.0,1.0,5.0,2.0,0.16,0.13639999999999999,0.46999999999999997,0.32840000000000003,4.0,0.0,6.0,0.0,5.0
1.0,1.0,6.0,2.0,0.14000000000000001,0.12119999999999999,0.5,0.28360000000000002,4.0,0.0,6.0,0.0,8.0
1.0,1.0,7.0,1.0,0.12,0.12119999999999999,0.54000000000000004,0.28360000000000002,4.0,0.0,6.0,0.0,17.0
1.0,1.0,8.0,1.0,0.12,0.12119999999999999,0.54000000000000004,0.22390000000000002,4.0,0.0,6.0,0.0,36.0
1.0,1.0,9.0,1.0,0.12,0.13639999999999999,0.54000000000000004,0.19399999999999998,4.0,0.0,6.0,0.0,90.0
1.0,1.0,10.0,1.0,0.14000000000000001,0.12119999999999999,0.54000000000000004,0.28360000000000002,4.0,0.0,6.0,0.0,126.0
1.0,1.0,11.0,1.0,0.16,0.1515,0.46999999999999997,0.22390000000000002,4.0,0.0,6.0,0.0,165.0
1.0,1.0,12.0,1.0,0.17999999999999999,0.16670000000000001,0.40000000000000002,0.29850000000000004,4.0,0.0,6.0,0.0,234.0
1.0,1.0,13.0,1.0,0.19999999999999998,0.18179999999999999,0.34000000000000002,0.28360000000000002,4.0,0.0,6.0,0.0,224.0
1.0,1.0,14.0,1.0,0.19999999999999998,0.18179999999999999,0.32000000000000001,0.35820000000000002,4.0,0.0,6.0,0.0,188.0
1.0,1.0,15.0,1.0,0.22,0.2273,0.27000000000000002,0.19399999999999998,4.0,0.0,6.0,0.0,206.0
1.0,1.0,16.0,1.0,0.22,0.21210000000000001,0.28999999999999998,0.29850000000000004,4.0,0.0,6.0,0.0,205.0
1.0,1.0,17.0,1.0,0.22,0.21210000000000001,0.25,0.25370000000000004,4.0,0.0,6.0,0.0,146.0
1.0,1.0,18.0,1.0,0.17999999999999999,0.18179999999999999,0.28999999999999998,0.22390000000000002,4.0,0.0,6.0,0.0,120.0
1.0,1.0,19.0,1.0,0.16,0.16670000000000001,0.37,0.16420000000000001,4.0,0.0,6.0,0.0,110.0
1.0,1.0,20.0,1.0,0.16,0.18179999999999999,0.37,0.1045,4.0,0.0,6.0,0.0,95.0
1.0,1.0,21.0,1.0,0.16,0.16670000000000001,0.40000000000000002,0.16420000000000001,4.0,0.0,6.0,0.0,72.0
1.0,1.0,22.0,1.0,0.17999999999999999,0.21210000000000001,0.37,0.089599999999999999,4.0,0.0,6.0,0.0,60.0
1.0,1.0,23.0,1.0,0.16,0.19699999999999998,0.42999999999999999,0.089599999999999999,4.0,0.0,6.0,0.0,29.0
1.0,1.0,0.0,1.0,0.14000000000000001,0.1515,0.46000000000000002,0.1343,4.0,0.0,7.0,0.0,25.0
1.0,1.0,1.0,1.0,0.14000000000000001,0.16670000000000001,0.42999999999999999,0.1045,4.0,0.0,7.0,0.0,20.0
1.0,1.0,2.0,1.0,0.14000000000000001,0.21210000000000001,0.46000000000000002,0.0,4.0,0.0,7.0,0.0,17.0
1.0,1.0,3.0,1.0,0.12,0.19699999999999998,0.5,0.0,4.0,0.0,7.0,0.0,3.0
1.0,1.0,4.0,1.0,0.12,0.1515,0.57999999999999996,0.1045,4.0,0.0,7.0,0.0,8.0
1.0,1.0,5.0,1.0,0.12,0.16670000000000001,0.54000000000000004,0.089599999999999999,4.0,0.0,7.0,0.0,6.0
1.0,1.0,6.0,1.0,0.099999999999999992,0.13639999999999999,0.54000000000000004,0.089599999999999999,4.0,0.0,7.0,0.0,13.0
1.0,1.0,7.0,1.0,0.099999999999999992,0.13639999999999999,0.54000000000000004,0.1045,4.0,0.0,7.0,0.0,33.0
1.0,1.0,8.0,1.0,0.099999999999999992,0.12119999999999999,0.57999999999999996,0.16420000000000001,4.0,0.0,7.0,0.0,78.0
1.0,1.0,9.0,1.0,0.099999999999999992,0.12119999999999999,0.57999999999999996,0.16420000000000001,4.0,0.0,7.0,0.0,96.0
1.0,1.0,10.0,2.0,0.14000000000000001,0.13639999999999999,0.58999999999999997,0.19399999999999998,4.0,0.0,7.0,0.0,126.0
1.0,1.0,11.0,1.0,0.16,0.1515,0.58999999999999997,0.25370000000000004,4.0,0.0,7.0,0.0,179.0
1.0,1.0,12.0,1.0,0.19999999999999998,0.18179999999999999,0.55000000000000004,0.32840000000000003,4.0,0.0,7.0,0.0,185.0
1.0,1.0,13.0,2.0,0.23999999999999999,0.19699999999999998,0.40999999999999998,0.41790000000000005,4.0,0.0,7.0,0.0,228.0
1.0,1.0,14.0,1.0,0.23999999999999999,0.21210000000000001,0.44,0.3881,4.0,0.0,7.0,0.0,181.0
1.0,1.0,15.0,1.0,0.26000000000000001,0.21210000000000001,0.44,0.44780000000000003,4.0,0.0,7.0,0.0,192.0
1.0,1.0,16.0,1.0,0.26000000000000001,0.2273,0.44,0.35820000000000002,4.0,0.0,7.0,0.0,180.0
1.0,1.0,17.0,1.0,0.26000000000000001,0.2273,0.47999999999999998,0.32840000000000003,4.0,0.0,7.0,0.0,193.0
1.0,1.0,18.0,1.0,0.26000000000000001,0.2273,0.52000000000000002,0.32840000000000003,4.0,0.0,7.0,0.0,181.0
1.0,1.0,19.0,1.0,0.26000000000000001,0.24239999999999998,0.56000000000000005,0.28360000000000002,4.0,0.0,7.0,0.0,144.0
1.0,1.0,20.0,1.0,0.26000000000000001,0.24239999999999998,0.59999999999999998,0.28360000000000002,4.0,0.0,7.0,0.0,90.0
1.0,1.0,21.0,1.0,0.28000000000000003,0.2576,0.52000000000000002,0.32840000000000003,4.0,0.0,7.0,0.0,49.0
1.0,1.0,22.0,2.0,0.30000000000000004,0.27424013513513457,0.48999999999999999,0.35820000000000002,4.0,0.0,7.0,0.0,43.0
1.0,1.0,23.0,3.0,0.26000000000000001,0.2273,0.69999999999999996,0.29850000000000004,4.0,0.0,7.0,0.0,28.0
1.0,1.0,0.0,2.0,0.26000000000000001,0.2273,0.69999999999999996,0.32840000000000003,4.0,1.0,1.0,1.0,12.0
1.0,1.0,1.0,2.0,0.28000000000000003,0.2576,0.65000000000000002,0.35820000000000002,4.0,1.0,1.0,1.0,2.0
1.0,1.0,2.0,3.0,0.28000000000000003,0.2727,0.75,0.25370000000000004,4.0,1.0,1.0,1.0,12.0
1.0,1.0,4.0,3.0,0.32000000000000001,0.30299999999999999,0.66000000000000003,0.32840000000000003,4.0,1.0,1.0,1.0,2.0
1.0,1.0,5.0,3.0,0.32000000000000001,0.30299999999999999,0.66000000000000003,0.32840000000000003,4.0,1.0,1.0,1.0,13.0
1.0,1.0,6.0,3.0,0.30000000000000004,0.28789999999999999,0.75,0.25370000000000004,4.0,1.0,1.0,1.0,57.0
1.0,1.0,7.0,3.0,0.30000000000000004,0.28789999999999999,0.81000000000000005,0.22390000000000002,4.0,1.0,1.0,1.0,126.0
1.0,1.0,8.0,3.0,0.30000000000000004,0.28789999999999999,0.81000000000000005,0.28360000000000002,4.0,1.0,1.0,1.0,93.0
1.0,1.0,9.0,3.0,0.32000000000000001,0.30299999999999999,0.81000000000000005,0.25370000000000004,4.0,1.0,1.0,1.0,68.0
1.0,1.0,10.0,3.0,0.30000000000000004,0.28789999999999999,0.87,0.25370000000000004,4.0,1.0,1.0,1.0,62.0
1.0,1.0,11.0,2.0,0.33999999999999997,0.34850000000000003,0.87,0.1045,4.0,1.0,1.0,1.0,75.0
1.0,1.0,12.0,2.0,0.32000000000000001,0.30299999999999999,0.87,0.28360000000000002,4.0,1.0,1.0,1.0,86.0
1.0,1.0,13.0,2.0,0.38,0.39390000000000003,0.76000000000000001,0.32840000000000003,4.0,1.0,1.0,1.0,103.0
1.0,1.0,14.0,1.0,0.44,0.43939999999999996,0.62,0.49250000000000005,4.0,1.0,1.0,1.0,132.0
1.0,1.0,15.0,1.0,0.44,0.43939999999999996,0.62,0.49250000000000005,4.0,1.0,1.0,1.0,129.0
1.0,1.0,16.0,1.0,0.45999999999999996,0.45450000000000002,0.63,0.55220000000000002,4.0,1.0,1.0,1.0,219.0
1.0,1.0,17.0,1.0,0.45999999999999996,0.45450000000000002,0.63,0.44780000000000003,4.0,1.0,1.0,1.0,462.0
1.0,1.0,18.0,1.0,0.45999999999999996,0.45450000000000002,0.63,0.44780000000000003,4.0,1.0,1.0,1.0,463.0
1.0,1.0,19.0,1.0,0.45999999999999996,0.45450000000000002,0.63,0.41790000000000005,4.0,1.0,1.0,1.0,308.0
1.0,1.0,20.0,1.0,0.45999999999999996,0.45450000000000002,0.63,0.35820000000000002,4.0,1.0,1.0,1.0,180.0
1.0,1.0,21.0,1.0,0.45999999999999996,0.45450000000000002,0.67000000000000004,0.4627,4.0,1.0,1.0,1.0,180.0
1.0,1.0,22.0,1.0,0.45999999999999996,0.45450000000000002,0.71999999999999997,0.3881,4.0,1.0,1.0,1.0,90.0
1.0,1.0,23.0,1.0,0.45999999999999996,0.45450000000000002,0.71999999999999997,0.3881,4.0,1.0,1.0,1.0,61.0
1.0,1.0,0.0,2.0,0.45999999999999996,0.45450000000000002,0.77000000000000002,0.32840000000000003,4.0,0.0,2.0,1.0,17.0
1.0,1.0,1.0,2.0,0.45999999999999996,0.45450000000000002,0.77000000000000002,0.32840000000000003,4.0,0.0,2.0,1.0,10.0
1.0,1.0,2.0,2.0,0.44,0.43939999999999996,0.51000000000000001,0.49250000000000005,4.0,0.0,2.0,1.0,2.0
1.0,1.0,3.0,2.0,0.44,0.43939999999999996,0.51000000000000001,0.49250000000000005,4.0,0.0,2.0,1.0,4.0
1.0,1.0,4.0,1.0,0.33999999999999997,0.28789999999999999,0.46000000000000002,0.52239999999999998,4.0,0.0,2.0,1.0,1.0
1.0,1.0,5.0,1.0,0.33999999999999997,0.28789999999999999,0.46000000000000002,0.52239999999999998,4.0,0.0,2.0,1.0,29.0
1.0,1.0,6.0,1.0,0.33999999999999997,0.28789999999999999,0.35999999999999999,0.52239999999999998,4.0,0.0,2.0,1.0,88.0
1.0,1.0,7.0,1.0,0.32000000000000001,0.28789999999999999,0.41999999999999998,0.35820000000000002,4.0,0.0,2.0,1.0,263.0
1.0,1.0,8.0,1.0,0.30000000000000004,0.2727,0.52000000000000002,0.41790000000000005,4.0,0.0,2.0,1.0,489.0
1.0,1.0,9.0,1.0,0.28000000000000003,0.2576,0.52000000000000002,0.32840000000000003,4.0,0.0,2.0,1.0,202.0
1.0,1.0,10.0,1.0,0.30000000000000004,0.2727,0.41999999999999998,0.4627,4.0,0.0,2.0,1.0,93.0
1.0,1.0,11.0,1.0,0.30000000000000004,0.2727,0.41999999999999998,0.3881,4.0,0.0,2.0,1.0,114.0
1.0,1.0,12.0,1.0,0.30000000000000004,0.2576,0.39000000000000001,0.49250000000000005,4.0,0.0,2.0,1.0,161.0
1.0,1.0,13.0,1.0,0.30000000000000004,0.2727,0.41999999999999998,0.4627,4.0,0.0,2.0,1.0,130.0
1.0,1.0,14.0,1.0,0.30000000000000004,0.2727,0.33000000000000002,0.3881,4.0,0.0,2.0,1.0,105.0
1.0,1.0,15.0,1.0,0.30000000000000004,0.2576,0.33000000000000002,0.52239999999999998,4.0,0.0,2.0,1.0,130.0
1.0,1.0,16.0,1.0,0.28000000000000003,0.2273,0.29999999999999999,0.52239999999999998,4.0,0.0,2.0,1.0,176.0
1.0,1.0,17.0,1.0,0.26000000000000001,0.21210000000000001,0.33000000000000002,0.44780000000000003,4.0,0.0,2.0,1.0,346.0
1.0,1.0,18.0,1.0,0.23999999999999999,0.21210000000000001,0.32000000000000001,0.35820000000000002,4.0,0.0,2.0,1.0,355.0
1.0,1.0,19.0,1.0,0.22,0.19699999999999998,0.37,0.3881,4.0,0.0,2.0,1.0,256.0
1.0,1.0,20.0,1.0,0.22,0.21210000000000001,0.37,0.25370000000000004,4.0,0.0,2.0,1.0,165.0
1.0,1.0,21.0,1.0,0.19999999999999998,0.16670000000000001,0.40000000000000002,0.41790000000000005,4.0,0.0,2.0,1.0,124.0
1.0,1.0,22.0,1.0,0.17999999999999999,0.16670000000000001,0.46999999999999997,0.25370000000000004,4.0,0.0,2.0,1.0,78.0
1.0,1.0,23.0,1.0,0.16,0.13639999999999999,0.46999999999999997,0.29850000000000004,4.0,0.0,2.0,1.0,38.0
1.0,1.0,0.0,1.0,0.14000000000000001,0.13639999999999999,0.5,0.19399999999999998,4.0,0.0,3.0,1.0,16.0
1.0,1.0,1.0,1.0,0.14000000000000001,0.1515,0.5,0.16420000000000001,4.0,0.0,3.0,1.0,5.0
1.0,1.0,2.0,1.0,0.14000000000000001,0.1515,0.5,0.1343,4.0,0.0,3.0,1.0,3.0
1.0,1.0,3.0,1.0,0.12,0.1515,0.54000000000000004,0.1045,4.0,0.0,3.0,1.0,4.0
1.0,1.0,4.0,1.0,0.12,0.1515,0.54000000000000004,0.1045,4.0,0.0,3.0,1.0,1.0
1.0,1.0,5.0,1.0,0.12,0.12119999999999999,0.55000000000000004,0.25370000000000004,4.0,0.0,3.0,1.0,19.0
1.0,1.0,6.0,1.0,0.12,0.13639999999999999,0.54000000000000004,0.16420000000000001,4.0,0.0,3.0,1.0,86.0
1.0,1.0,7.0,1.0,0.12,0.16670000000000001,0.54000000000000004,0.089599999999999999,4.0,0.0,3.0,1.0,206.0
1.0,1.0,8.0,1.0,0.12,0.1515,0.54000000000000004,0.1045,4.0,0.0,3.0,1.0,423.0
1.0,1.0,9.0,1.0,0.12,0.19699999999999998,0.54000000000000004,0.0,4.0,0.0,3.0,1.0,210.0
1.0,1.0,10.0,1.0,0.14000000000000001,0.21210000000000001,0.58999999999999997,0.0,4.0,0.0,3.0,1.0,108.0
1.0,1.0,11.0,1.0,0.16,0.16670000000000001,0.55000000000000004,0.16420000000000001,4.0,0.0,3.0,1.0,99.0
1.0,1.0,12.0,1.0,0.19999999999999998,0.19699999999999998,0.51000000000000001,0.19399999999999998,4.0,0.0,3.0,1.0,111.0
1.0,1.0,13.0,1.0,0.22,0.21210000000000001,0.46999999999999997,0.28360000000000002,4.0,0.0,3.0,1.0,124.0
1.0,1.0,14.0,1.0,0.23999999999999999,0.2273,0.44,0.19399999999999998,4.0,0.0,3.0,1.0,119.0
1.0,1.0,15.0,1.0,0.26000000000000001,0.2273,0.44,0.29850000000000004,4.0,0.0,3.0,1.0,127.0
1.0,1.0,16.0,1.0,0.26000000000000001,0.2273,0.40999999999999998,0.32840000000000003,4.0,0.0,3.0,1.0,193.0
1.0,1.0,17.0,2.0,0.26000000000000001,0.2273,0.44,0.32840000000000003,4.0,0.0,3.0,1.0,385.0
1.0,1.0,18.0,2.0,0.26000000000000001,0.2273,0.44,0.32840000000000003,4.0,0.0,3.0,1.0,361.0
1.0,1.0,19.0,2.0,0.26000000000000001,0.2273,0.47999999999999998,0.29850000000000004,4.0,0.0,3.0,1.0,234.0
1.0,1.0,20.0,1.0,0.26000000000000001,0.21210000000000001,0.52000000000000002,0.44780000000000003,4.0,0.0,3.0,1.0,191.0
1.0,1.0,21.0,1.0,0.26000000000000001,0.2273,0.44,0.35820000000000002,4.0,0.0,3.0,1.0,121.0
1.0,1.0,22.0,2.0,0.26000000000000001,0.2273,0.44,0.41790000000000005,4.0,0.0,3.0,1.0,90.0
1.0,1.0,23.0,1.0,0.26000000000000001,0.2273,0.47999999999999998,0.32840000000000003,4.0,0.0,3.0,1.0,56.0
1.0,1.0,0.0,2.0,0.26000000000000001,0.2273,0.47999999999999998,0.29850000000000004,4.0,0.0,4.0,1.0,27.0
1.0,1.0,1.0,1.0,0.26000000000000001,0.2727,0.47999999999999998,0.1343,4.0,0.0,4.0,1.0,15.0
1.0,1.0,2.0,1.0,0.26000000000000001,0.2727,0.47999999999999998,0.1343,4.0,0.0,4.0,1.0,11.0
1.0,1.0,3.0,1.0,0.23999999999999999,0.2576,0.52000000000000002,0.1045,4.0,0.0,4.0,1.0,4.0
1.0,1.0,4.0,1.0,0.22,0.24239999999999998,0.59999999999999998,0.1045,4.0,0.0,4.0,1.0,3.0
1.0,1.0,5.0,1.0,0.22,0.24239999999999998,0.59999999999999998,0.1045,4.0,0.0,4.0,1.0,19.0
1.0,1.0,6.0,1.0,0.23999999999999999,0.21210000000000001,0.59999999999999998,0.28360000000000002,4.0,0.0,4.0,1.0,68.0
1.0,1.0,7.0,1.0,0.22,0.21210000000000001,0.68999999999999995,0.22390000000000002,4.0,0.0,4.0,1.0,185.0
1.0,1.0,8.0,1.0,0.22,0.21210000000000001,0.64000000000000001,0.25370000000000004,4.0,0.0,4.0,1.0,425.0
1.0,1.0,9.0,1.0,0.22,0.19699999999999998,0.46999999999999997,0.3881,4.0,0.0,4.0,1.0,263.0
1.0,1.0,10.0,2.0,0.22,0.21210000000000001,0.44,0.28360000000000002,4.0,0.0,4.0,1.0,97.0
1.0,1.0,11.0,2.0,0.19999999999999998,0.18179999999999999,0.32000000000000001,0.35820000000000002,4.0,0.0,4.0,1.0,123.0
1.0,1.0,12.0,2.0,0.19999999999999998,0.18179999999999999,0.34000000000000002,0.32840000000000003,4.0,0.0,4.0,1.0,124.0
1.0,1.0,13.0,1.0,0.22,0.21210000000000001,0.32000000000000001,0.29850000000000004,4.0,0.0,4.0,1.0,156.0
1.0,1.0,14.0,2.0,0.22,0.21210000000000001,0.34999999999999998,0.29850000000000004,4.0,0.0,4.0,1.0,115.0
1.0,1.0,15.0,2.0,0.22,0.2273,0.34999999999999998,0.19399999999999998,4.0,0.0,4.0,1.0,156.0
1.0,1.0,16.0,2.0,0.19999999999999998,0.21210000000000001,0.37,0.16420000000000001,4.0,0.0,4.0,1.0,174.0
1.0,1.0,17.0,2.0,0.22,0.2576,0.32000000000000001,0.089599999999999999,4.0,0.0,4.0,1.0,349.0
1.0,1.0,18.0,2.0,0.19999999999999998,0.2273,0.34000000000000002,0.089599999999999999,4.0,0.0,4.0,1.0,301.0
1.0,1.0,19.0,2.0,0.19999999999999998,0.2273,0.37,0.1045,4.0,0.0,4.0,1.0,192.0
1.0,1.0,20.0,2.0,0.19999999999999998,0.2273,0.34000000000000002,0.089599999999999999,4.0,0.0,4.0,1.0,142.0
1.0,1.0,21.0,2.0,0.19999999999999998,0.2273,0.37,0.089599999999999999,4.0,0.0,4.0,1.0,104.0
1.0,1.0,22.0,2.0,0.19999999999999998,0.19699999999999998,0.37,0.22390000000000002,4.0,0.0,4.0,1.0,72.0
1.0,1.0,23.0,3.0,0.16,0.1515,0.64000000000000001,0.22390000000000002,4.0,0.0,4.0,1.0,38.0
1.0,1.0,0.0,3.0,0.16,0.1515,0.64000000000000001,0.22390000000000002,4.0,0.0,5.0,1.0,24.0
1.0,1.0,1.0,4.0,0.14000000000000001,0.13639999999999999,0.85999999999999999,0.19399999999999998,4.0,0.0,5.0,1.0,23.0
1.0,1.0,2.0,3.0,0.14000000000000001,0.21210000000000001,0.85999999999999999,0.0,4.0,0.0,5.0,1.0,26.0
1.0,1.0,3.0,3.0,0.14000000000000001,0.18179999999999999,0.93000000000000005,0.089599999999999999,4.0,0.0,5.0,1.0,13.0
1.0,1.0,4.0,3.0,0.16,0.19699999999999998,0.85999999999999999,0.089599999999999999,4.0,0.0,5.0,1.0,1.0
1.0,1.0,5.0,3.0,0.16,0.18179999999999999,0.85999999999999999,0.1045,4.0,0.0,5.0,1.0,2.0
1.0,1.0,6.0,3.0,0.16,0.16670000000000001,0.93000000000000005,0.16420000000000001,4.0,0.0,5.0,1.0,1.0
1.0,1.0,7.0,3.0,0.16,0.16670000000000001,0.93000000000000005,0.16420000000000001,4.0,0.0,5.0,1.0,13.0
1.0,1.0,8.0,2.0,0.16,0.1515,0.93000000000000005,0.25370000000000004,4.0,0.0,5.0,1.0,25.0
1.0,1.0,9.0,2.0,0.16,0.1515,0.93000000000000005,0.25370000000000004,4.0,0.0,5.0,1.0,42.0
1.0,1.0,10.0,3.0,0.16,0.1515,0.93000000000000005,0.25370000000000004,4.0,0.0,5.0,1.0,45.0
1.0,1.0,11.0,2.0,0.17999999999999999,0.21210000000000001,0.85999999999999999,0.1045,4.0,0.0,5.0,1.0,63.0
1.0,1.0,12.0,2.0,0.19999999999999998,0.21210000000000001,0.80000000000000004,0.16420000000000001,4.0,0.0,5.0,1.0,67.0
1.0,1.0,13.0,2.0,0.19999999999999998,0.19699999999999998,0.80000000000000004,0.25370000000000004,4.0,0.0,5.0,1.0,76.0
1.0,1.0,14.0,3.0,0.19999999999999998,0.19699999999999998,0.80000000000000004,0.19399999999999998,4.0,0.0,5.0,1.0,95.0
1.0,1.0,15.0,3.0,0.19999999999999998,0.19699999999999998,0.80000000000000004,0.19399999999999998,4.0,0.0,5.0,1.0,119.0
1.0,1.0,16.0,2.0,0.19999999999999998,0.18179999999999999,0.80000000000000004,0.29850000000000004,4.0,0.0,5.0,1.0,118.0
1.0,1.0,17.0,2.0,0.19999999999999998,0.18179999999999999,0.80000000000000004,0.3881,4.0,0.0,5.0,1.0,106.0
1.0,1.0,18.0,2.0,0.19999999999999998,0.18179999999999999,0.75,0.3881,4.0,0.0,5.0,1.0,110.0
1.0,1.0,19.0,2.0,0.17999999999999999,0.1515,0.80000000000000004,0.3881,4.0,0.0,5.0,1.0,85.0
1.0,1.0,20.0,2.0,0.17999999999999999,0.16670000000000001,0.80000000000000004,0.29850000000000004,4.0,0.0,5.0,1.0,67.0
1.0,1.0,21.0,1.0,0.17999999999999999,0.1515,0.73999999999999999,0.32840000000000003,4.0,0.0,5.0,1.0,69.0
1.0,1.0,22.0,2.0,0.17999999999999999,0.16670000000000001,0.73999999999999999,0.29850000000000004,4.0,0.0,5.0,1.0,59.0
1.0,1.0,23.0,2.0,0.16,0.1515,0.80000000000000004,0.25370000000000004,4.0,0.0,5.0,1.0,52.0
1.0,1.0,0.0,1.0,0.16,0.13639999999999999,0.80000000000000004,0.29850000000000004,4.0,0.0,6.0,0.0,52.0
1.0,1.0,1.0,2.0,0.17999999999999999,0.16670000000000001,0.73999999999999999,0.29850000000000004,4.0,0.0,6.0,0.0,50.0
1.0,1.0,2.0,2.0,0.17999999999999999,0.16670000000000001,0.73999999999999999,0.28360000000000002,4.0,0.0,6.0,0.0,47.0
1.0,1.0,3.0,2.0,0.17999999999999999,0.16670000000000001,0.68999999999999995,0.28360000000000002,4.0,0.0,6.0,0.0,21.0
1.0,1.0,4.0,3.0,0.16,0.13639999999999999,0.80000000000000004,0.28360000000000002,4.0,0.0,6.0,0.0,2.0
1.0,1.0,5.0,3.0,0.16,0.1515,0.73999999999999999,0.22390000000000002,4.0,0.0,6.0,0.0,3.0
1.0,1.0,6.0,2.0,0.16,0.1515,0.73999999999999999,0.22390000000000002,4.0,0.0,6.0,0.0,4.0
1.0,1.0,7.0,2.0,0.16,0.1515,0.73999999999999999,0.22390000000000002,4.0,0.0,6.0,0.0,13.0
1.0,1.0,8.0,2.0,0.16,0.1515,0.73999999999999999,0.22390000000000002,4.0,0.0,6.0,0.0,32.0
1.0,1.0,9.0,2.0,0.16,0.1515,0.73999999999999999,0.22390000000000002,4.0,0.0,6.0,0.0,63.0
1.0,1.0,10.0,2.0,0.16,0.13639999999999999,0.73999999999999999,0.28360000000000002,4.0,0.0,6.0,0.0,129.0
1.0,1.0,11.0,3.0,0.16,0.1515,0.80000000000000004,0.25370000000000004,4.0,0.0,6.0,0.0,133.0
1.0,1.0,12.0,2.0,0.16,0.1515,0.80000000000000004,0.22390000000000002,4.0,0.0,6.0,0.0,185.0
1.0,1.0,13.0,2.0,0.16,0.18179999999999999,0.80000000000000004,0.1343,4.0,0.0,6.0,0.0,199.0
1.0,1.0,14.0,2.0,0.16,0.16670000000000001,0.80000000000000004,0.16420000000000001,4.0,0.0,6.0,0.0,182.0
1.0,1.0,15.0,2.0,0.16,0.1515,0.80000000000000004,0.19399999999999998,4.0,0.0,6.0,0.0,176.0
1.0,1.0,16.0,2.0,0.16,0.1515,0.80000000000000004,0.19399999999999998,4.0,0.0,6.0,0.0,155.0
1.0,1.0,17.0,2.0,0.16,0.18179999999999999,0.80000000000000004,0.1045,4.0,0.0,6.0,0.0,108.0
1.0,1.0,18.0,3.0,0.16,0.18179999999999999,0.85999999999999999,0.1045,4.0,0.0,6.0,0.0,121.0
1.0,1.0,19.0,3.0,0.16,0.18179999999999999,0.85999999999999999,0.1045,4.0,0.0,6.0,0.0,89.0
1.0,1.0,20.0,3.0,0.16,0.16670000000000001,0.85999999999999999,0.16420000000000001,4.0,0.0,6.0,0.0,74.0
1.0,1.0,21.0,3.0,0.16,0.18179999999999999,0.85999999999999999,0.1045,4.0,0.0,6.0,0.0,44.0
1.0,1.0,22.0,2.0,0.16,0.19699999999999998,0.93000000000000005,0.089599999999999999,4.0,0.0,6.0,0.0,58.0
1.0,1.0,23.0,2.0,0.16,0.18179999999999999,0.93000000000000005,0.1045,4.0,0.0,6.0,0.0,37.0
1.0,1.0,0.0,2.0,0.17999999999999999,0.24239999999999998,0.85999999999999999,0.0,4.0,0.0,7.0,0.0,19.0
1.0,1.0,1.0,2.0,0.17999999999999999,0.21210000000000001,0.85999999999999999,0.1045,4.0,0.0,7.0,0.0,4.0
1.0,1.0,2.0,2.0,0.17999999999999999,0.21210000000000001,0.85999999999999999,0.1045,4.0,0.0,7.0,0.0,2.0
1.0,1.0,3.0,2.0,0.17999999999999999,0.24239999999999998,0.85999999999999999,0.0,4.0,0.0,7.0,0.0,1.0
1.0,1.0,4.0,2.0,0.19999999999999998,0.2576,0.80000000000000004,0.0,4.0,0.0,7.0,0.0,1.0
1.0,1.0,5.0,2.0,0.19999999999999998,0.2576,0.85999999999999999,0.0,4.0,0.0,7.0,0.0,19.0
1.0,1.0,6.0,2.0,0.19999999999999998,0.2576,0.85999999999999999,0.0,4.0,0.0,7.0,0.0,42.0
1.0,1.0,7.0,3.0,0.19999999999999998,0.2576,0.85999999999999999,0.0,4.0,0.0,7.0,0.0,122.0
1.0,1.0,8.0,3.0,0.19999999999999998,0.21210000000000001,0.85999999999999999,0.1343,4.0,0.0,7.0,0.0,272.0
1.0,1.0,9.0,2.0,0.19999999999999998,0.2273,0.85999999999999999,0.089599999999999999,4.0,0.0,7.0,0.0,211.0
1.0,1.0,10.0,2.0,0.19999999999999998,0.2576,0.93000000000000005,0.0,4.0,0.0,7.0,0.0,149.0
1.0,1.0,11.0,2.0,0.19999999999999998,0.2273,0.93000000000000005,0.089599999999999999,4.0,0.0,7.0,0.0,62.0
1.0,1.0,12.0,2.0,0.22,0.2727,0.93000000000000005,0.0,4.0,0.0,7.0,0.0,62.0
1.0,1.0,13.0,3.0,0.22,0.2576,0.93000000000000005,0.089599999999999999,4.0,0.0,7.0,0.0,37.0
1.0,1.0,14.0,3.0,0.22,0.2273,0.93000000000000005,0.19399999999999998,4.0,0.0,7.0,0.0,61.0
1.0,1.0,15.0,2.0,0.22,0.21210000000000001,1.0,0.22390000000000002,4.0,0.0,7.0,0.0,74.0
1.0,1.0,16.0,2.0,0.23999999999999999,0.24239999999999998,0.93000000000000005,0.16420000000000001,4.0,0.0,7.0,0.0,122.0
1.0,1.0,17.0,2.0,0.23999999999999999,0.2576,0.95999999999999996,0.1045,4.0,0.0,7.0,0.0,276.0
1.0,1.0,18.0,2.0,0.23999999999999999,0.24239999999999998,0.93000000000000005,0.1343,4.0,0.0,7.0,0.0,282.0
1.0,1.0,19.0,2.0,0.26000000000000001,0.2576,0.93000000000000005,0.16420000000000001,4.0,0.0,7.0,0.0,220.0
1.0,1.0,20.0,2.0,0.26000000000000001,0.2576,1.0,0.16420000000000001,4.0,0.0,7.0,0.0,169.0
1.0,1.0,21.0,2.0,0.26000000000000001,0.24239999999999998,1.0,0.28360000000000002,4.0,0.0,7.0,0.0,120.0
1.0,1.0,22.0,2.0,0.26000000000000001,0.24239999999999998,1.0,0.28360000000000002,4.0,0.0,7.0,0.0,68.0
1.0,1.0,23.0,2.0,0.28000000000000003,0.2576,0.93000000000000005,0.32840000000000003,4.0,0.0,7.0,0.0,37.0
1.0,1.0,0.0,2.0,0.30000000000000004,0.28789999999999999,1.0,0.28360000000000002,4.0,0.0,1.0,1.0,25.0
1.0,1.0,1.0,2.0,0.32000000000000001,0.30299999999999999,0.93000000000000005,0.25370000000000004,4.0,0.0,1.0,1.0,9.0
1.0,1.0,2.0,2.0,0.32000000000000001,0.30299999999999999,0.93000000000000005,0.22390000000000002,4.0,0.0,1.0,1.0,8.0
1.0,1.0,3.0,2.0,0.32000000000000001,0.33329999999999999,0.93000000000000005,0.1343,4.0,0.0,1.0,1.0,3.0
1.0,1.0,4.0,2.0,0.30000000000000004,0.31819999999999998,1.0,0.089599999999999999,4.0,0.0,1.0,1.0,2.0
1.0,1.0,5.0,2.0,0.30000000000000004,0.31819999999999998,1.0,0.089599999999999999,4.0,0.0,1.0,1.0,26.0
1.0,1.0,6.0,2.0,0.32000000000000001,0.31819999999999998,0.93000000000000005,0.19399999999999998,4.0,0.0,1.0,1.0,89.0
1.0,1.0,7.0,2.0,0.32000000000000001,0.33329999999999999,0.93000000000000005,0.1343,4.0,0.0,1.0,1.0,232.0
1.0,1.0,8.0,2.0,0.32000000000000001,0.33329999999999999,0.93000000000000005,0.1343,4.0,0.0,1.0,1.0,490.0
1.0,1.0,9.0,2.0,0.32000000000000001,0.33329999999999999,0.87,0.089599999999999999,4.0,0.0,1.0,1.0,255.0
1.0,1.0,10.0,1.0,0.32000000000000001,0.33329999999999999,0.93000000000000005,0.089599999999999999,4.0,0.0,1.0,1.0,116.0
1.0,1.0,11.0,1.0,0.33999999999999997,0.33329999999999999,0.87,0.1343,4.0,0.0,1.0,1.0,153.0
1.0,1.0,12.0,1.0,0.33999999999999997,0.33329999999999999,0.87,0.16420000000000001,4.0,0.0,1.0,1.0,175.0
1.0,1.0,13.0,1.0,0.33999999999999997,0.33329999999999999,0.87,0.16420000000000001,4.0,0.0,1.0,1.0,203.0
1.0,1.0,14.0,1.0,0.35999999999999999,0.34850000000000003,0.81000000000000005,0.22390000000000002,4.0,0.0,1.0,1.0,173.0
1.0,1.0,15.0,2.0,0.39999999999999997,0.40909999999999996,0.70999999999999996,0.16420000000000001,4.0,0.0,1.0,1.0,208.0
1.0,1.0,16.0,1.0,0.39999999999999997,0.40909999999999996,0.70999999999999996,0.1343,4.0,0.0,1.0,1.0,278.0
1.0,1.0,17.0,1.0,0.41999999999999998,0.42420000000000002,0.67000000000000004,0.089599999999999999,4.0,0.0,1.0,1.0,515.0
1.0,1.0,18.0,1.0,0.39999999999999997,0.40909999999999996,0.62,0.089599999999999999,4.0,0.0,1.0,1.0,423.0
1.0,1.0,19.0,1.0,0.44,0.43939999999999996,0.51000000000000001,0.089599999999999999,4.0,0.0,1.0,1.0,331.0
1.0,1.0,20.0,1.0,0.32000000000000001,0.34850000000000003,0.76000000000000001,0.0,4.0,0.0,1.0,1.0,229.0
1.0,1.0,21.0,1.0,0.35999999999999999,0.37880000000000003,0.70999999999999996,0.0,4.0,0.0,1.0,1.0,172.0
1.0,1.0,22.0,1.0,0.32000000000000001,0.34850000000000003,0.81000000000000005,0.0,4.0,0.0,1.0,1.0,125.0
1.0,1.0,23.0,1.0,0.32000000000000001,0.34850000000000003,0.76000000000000001,0.0,4.0,0.0,1.0,1.0,99.0
1.0,1.0,0.0,1.0,0.26000000000000001,0.30299999999999999,0.93000000000000005,0.0,4.0,0.0,2.0,1.0,31.0
1.0,1.0,1.0,1.0,0.30000000000000004,0.28789999999999999,0.69999999999999996,0.22390000000000002,4.0,0.0,2.0,1.0,13.0
1.0,1.0,2.0,1.0,0.28000000000000003,0.2727,0.69999999999999996,0.19399999999999998,4.0,0.0,2.0,1.0,6.0
1.0,1.0,3.0,1.0,0.26000000000000001,0.2576,0.75,0.19399999999999998,4.0,0.0,2.0,1.0,1.0
1.0,1.0,4.0,1.0,0.26000000000000001,0.24239999999999998,0.69999999999999996,0.28360000000000002,4.0,0.0,2.0,1.0,4.0
1.0,1.0,5.0,1.0,0.26000000000000001,0.24239999999999998,0.69999999999999996,0.28360000000000002,4.0,0.0,2.0,1.0,33.0
1.0,1.0,6.0,1.0,0.23999999999999999,0.2273,0.72999999999999998,0.22390000000000002,4.0,0.0,2.0,1.0,88.0
1.0,1.0,7.0,1.0,0.23999999999999999,0.2273,0.75,0.22390000000000002,4.0,0.0,2.0,1.0,257.0
1.0,1.0,8.0,1.0,0.23999999999999999,0.2273,0.69999999999999996,0.25370000000000004,4.0,0.0,2.0,1.0,513.0
1.0,1.0,9.0,1.0,0.23999999999999999,0.2273,0.69999999999999996,0.25370000000000004,4.0,0.0,2.0,1.0,236.0
1.0,1.0,10.0,2.0,0.26000000000000001,0.2273,0.69999999999999996,0.32840000000000003,4.0,0.0,2.0,1.0,141.0
1.0,1.0,11.0,2.0,0.30000000000000004,0.2727,0.60999999999999999,0.29850000000000004,4.0,0.0,2.0,1.0,157.0
1.0,1.0,12.0,1.0,0.32000000000000001,0.33329999999999999,0.53000000000000003,0.1343,4.0,0.0,2.0,1.0,193.0
1.0,1.0,13.0,1.0,0.33999999999999997,0.33329999999999999,0.48999999999999999,0.1343,4.0,0.0,2.0,1.0,212.0
1.0,1.0,14.0,1.0,0.33999999999999997,0.34850000000000003,0.48999999999999999,0.089599999999999999,4.0,0.0,2.0,1.0,160.0
1.0,1.0,15.0,1.0,0.35999999999999999,0.37880000000000003,0.46000000000000002,0.0,4.0,0.0,2.0,1.0,155.0
1.0,1.0,16.0,1.0,0.33999999999999997,0.33329999999999999,0.53000000000000003,0.16420000000000001,4.0,0.0,2.0,1.0,246.0
1.0,1.0,17.0,1.0,0.35999999999999999,0.34850000000000003,0.53000000000000003,0.16420000000000001,4.0,0.0,2.0,1.0,470.0
1.0,1.0,18.0,1.0,0.32000000000000001,0.33329999999999999,0.66000000000000003,0.1343,4.0,0.0,2.0,1.0,439.0
1.0,1.0,19.0,2.0,0.33999999999999997,0.36359999999999998,0.53000000000000003,0.0,4.0,0.0,2.0,1.0,316.0
1.0,1.0,20.0,1.0,0.32000000000000001,0.31819999999999998,0.60999999999999999,0.19399999999999998,4.0,0.0,2.0,1.0,235.0
1.0,1.0,21.0,1.0,0.30000000000000004,0.33329999999999999,0.65000000000000002,0.0,4.0,0.0,2.0,1.0,185.0
1.0,1.0,22.0,1.0,0.30000000000000004,0.31819999999999998,0.65000000000000002,0.089599999999999999,4.0,0.0,2.0,1.0,113.0
1.0,1.0,23.0,2.0,0.28000000000000003,0.31819999999999998,0.65000000000000002,0.0,4.0,0.0,2.0,1.0,66.0
1.0,1.0,0.0,2.0,0.28000000000000003,0.28789999999999999,0.75,0.1045,4.0,0.0,3.0,1.0,25.0
1.0,1.0,1.0,2.0,0.28000000000000003,0.31819999999999998,0.75,0.0,4.0,0.0,3.0,1.0,21.0
1.0,1.0,2.0,2.0,0.28000000000000003,0.2727,0.75,0.16420000000000001,4.0,0.0,3.0,1.0,7.0
1.0,1.0,3.0,2.0,0.28000000000000003,0.30299999999999999,0.75,0.089599999999999999,4.0,0.0,3.0,1.0,6.0
1.0,1.0,4.0,1.0,0.28000000000000003,0.31819999999999998,0.75,0.0,4.0,0.0,3.0,1.0,3.0
1.0,1.0,5.0,2.0,0.30000000000000004,0.31819999999999998,0.75,0.1045,4.0,0.0,3.0,1.0,28.0
1.0,1.0,6.0,2.0,0.28000000000000003,0.31819999999999998,0.81000000000000005,0.0,4.0,0.0,3.0,1.0,88.0
1.0,1.0,7.0,2.0,0.28000000000000003,0.30299999999999999,0.81000000000000005,0.089599999999999999,4.0,0.0,3.0,1.0,239.0
1.0,1.0,8.0,2.0,0.28000000000000003,0.30299999999999999,0.81000000000000005,0.089599999999999999,4.0,0.0,3.0,1.0,530.0
1.0,1.0,9.0,2.0,0.30000000000000004,0.33329999999999999,0.81000000000000005,0.0,4.0,0.0,3.0,1.0,274.0
1.0,1.0,10.0,2.0,0.30000000000000004,0.30299999999999999,0.81000000000000005,0.1343,4.0,0.0,3.0,1.0,108.0
1.0,1.0,11.0,2.0,0.30000000000000004,0.31819999999999998,0.87,0.1045,4.0,0.0,3.0,1.0,111.0
1.0,1.0,12.0,2.0,0.33999999999999997,0.33329999999999999,0.81000000000000005,0.1343,4.0,0.0,3.0,1.0,165.0
1.0,1.0,13.0,2.0,0.38,0.39390000000000003,0.70999999999999996,0.0,4.0,0.0,3.0,1.0,173.0
1.0,1.0,14.0,2.0,0.39999999999999997,0.40909999999999996,0.70999999999999996,0.1045,4.0,0.0,3.0,1.0,128.0
1.0,1.0,15.0,2.0,0.41999999999999998,0.42420000000000002,0.70999999999999996,0.1045,4.0,0.0,3.0,1.0,164.0
1.0,1.0,16.0,2.0,0.39999999999999997,0.40909999999999996,0.70999999999999996,0.089599999999999999,4.0,0.0,3.0,1.0,224.0
1.0,1.0,17.0,2.0,0.41999999999999998,0.42420000000000002,0.70999999999999996,0.0,4.0,0.0,3.0,1.0,413.0
1.0,1.0,18.0,2.0,0.41999999999999998,0.42420000000000002,0.70999999999999996,0.0,4.0,0.0,3.0,1.0,406.0
1.0,1.0,19.0,2.0,0.39999999999999997,0.40909999999999996,0.76000000000000001,0.1045,4.0,0.0,3.0,1.0,313.0
1.0,1.0,20.0,2.0,0.39999999999999997,0.40909999999999996,0.81999999999999995,0.1343,4.0,0.0,3.0,1.0,224.0
1.0,1.0,21.0,2.0,0.39999999999999997,0.40909999999999996,0.76000000000000001,0.1045,4.0,0.0,3.0,1.0,192.0
1.0,1.0,22.0,1.0,0.38,0.39390000000000003,0.81999999999999995,0.1045,4.0,0.0,3.0,1.0,142.0
1.0,1.0,23.0,2.0,0.39999999999999997,0.40909999999999996,0.81999999999999995,0.0,4.0,0.0,3.0,1.0,91.0
1.0,1.0,0.0,2.0,0.39999999999999997,0.40909999999999996,0.81999999999999995,0.25370000000000004,4.0,0.0,4.0,1.0,38.0
1.0,1.0,1.0,2.0,0.39999999999999997,0.40909999999999996,0.87,0.22390000000000002,4.0,0.0,4.0,1.0,29.0
1.0,1.0,2.0,1.0,0.41999999999999998,0.42420000000000002,0.93999999999999995,0.1343,4.0,0.0,4.0,1.0,13.0
1.0,1.0,3.0,2.0,0.41999999999999998,0.42420000000000002,0.93999999999999995,0.28360000000000002,4.0,0.0,4.0,1.0,8.0
1.0,1.0,4.0,2.0,0.39999999999999997,0.40909999999999996,1.0,0.29850000000000004,4.0,0.0,4.0,1.0,4.0
1.0,1.0,5.0,2.0,0.41999999999999998,0.42420000000000002,0.93999999999999995,0.32840000000000003,4.0,0.0,4.0,1.0,24.0
1.0,1.0,6.0,2.0,0.41999999999999998,0.42420000000000002,1.0,0.32840000000000003,4.0,0.0,4.0,1.0,72.0
1.0,1.0,7.0,2.0,0.41999999999999998,0.42420000000000002,1.0,0.29850000000000004,4.0,0.0,4.0,1.0,134.0
1.0,1.0,8.0,3.0,0.5,0.48479999999999995,0.88,0.28360000000000002,4.0,0.0,4.0,1.0,220.0
1.0,1.0,9.0,3.0,0.5,0.48479999999999995,0.88,0.28360000000000002,4.0,0.0,4.0,1.0,107.0
1.0,1.0,10.0,3.0,0.47999999999999998,0.46970000000000001,1.0,0.16420000000000001,4.0,0.0,4.0,1.0,126.0
1.0,1.0,11.0,2.0,0.47999999999999998,0.46970000000000001,0.93999999999999995,0.1343,4.0,0.0,4.0,1.0,105.0
1.0,1.0,12.0,2.0,0.5,0.48479999999999995,0.88,0.16420000000000001,4.0,0.0,4.0,1.0,180.0
1.0,1.0,13.0,1.0,0.5,0.48479999999999995,0.58999999999999997,0.4627,4.0,0.0,4.0,1.0,201.0
1.0,1.0,14.0,1.0,0.5,0.48479999999999995,0.55000000000000004,0.55220000000000002,4.0,0.0,4.0,1.0,176.0
1.0,1.0,15.0,1.0,0.47999999999999998,0.46970000000000001,0.51000000000000001,0.32840000000000003,4.0,0.0,4.0,1.0,197.0
1.0,1.0,16.0,1.0,0.44,0.43939999999999996,0.51000000000000001,0.55220000000000002,4.0,0.0,4.0,1.0,267.0
1.0,1.0,17.0,1.0,0.41999999999999998,0.42420000000000002,0.5,0.58210000000000006,4.0,0.0,4.0,1.0,422.0
1.0,1.0,18.0,1.0,0.39999999999999997,0.40909999999999996,0.5,0.49250000000000005,4.0,0.0,4.0,1.0,383.0
1.0,1.0,19.0,1.0,0.35999999999999999,0.33329999999999999,0.5,0.3881,4.0,0.0,4.0,1.0,251.0
1.0,1.0,20.0,1.0,0.33999999999999997,0.30299999999999999,0.53000000000000003,0.35820000000000002,4.0,0.0,4.0,1.0,159.0
1.0,1.0,21.0,1.0,0.33999999999999997,0.28789999999999999,0.53000000000000003,0.52239999999999998,4.0,0.0,4.0,1.0,135.0
1.0,1.0,22.0,1.0,0.33999999999999997,0.30299999999999999,0.48999999999999999,0.3881,4.0,0.0,4.0,1.0,119.0
1.0,1.0,23.0,1.0,0.32000000000000001,0.28789999999999999,0.48999999999999999,0.41790000000000005,4.0,0.0,4.0,1.0,86.0
1.0,1.0,0.0,1.0,0.30000000000000004,0.28789999999999999,0.52000000000000002,0.28360000000000002,4.0,0.0,5.0,1.0,69.0
1.0,1.0,1.0,1.0,0.30000000000000004,0.30299999999999999,0.52000000000000002,0.16420000000000001,4.0,0.0,5.0,1.0,58.0
1.0,1.0,2.0,1.0,0.26000000000000001,0.30299999999999999,0.59999999999999998,0.0,4.0,0.0,5.0,1.0,41.0
1.0,1.0,3.0,1.0,0.26000000000000001,0.28789999999999999,0.59999999999999998,0.089599999999999999,4.0,0.0,5.0,1.0,17.0
1.0,1.0,4.0,1.0,0.26000000000000001,0.2576,0.59999999999999998,0.16420000000000001,4.0,0.0,5.0,1.0,8.0
1.0,1.0,5.0,1.0,0.23999999999999999,0.2576,0.75,0.089599999999999999,4.0,0.0,5.0,1.0,10.0
1.0,1.0,6.0,1.0,0.23999999999999999,0.28789999999999999,0.69999999999999996,0.0,4.0,0.0,5.0,1.0,15.0
1.0,1.0,7.0,1.0,0.22,0.2727,0.75,0.0,4.0,0.0,5.0,1.0,31.0
1.0,1.0,8.0,1.0,0.19999999999999998,0.2273,0.80000000000000004,0.089599999999999999,4.0,0.0,5.0,1.0,91.0
1.0,1.0,9.0,1.0,0.22,0.2727,0.80000000000000004,0.0,4.0,0.0,5.0,1.0,158.0
1.0,1.0,10.0,1.0,0.26000000000000001,0.2727,0.69999999999999996,0.1343,4.0,0.0,5.0,1.0,191.0
1.0,1.0,11.0,1.0,0.30000000000000004,0.30299999999999999,0.56000000000000005,0.1343,4.0,0.0,5.0,1.0,296.0
1.0,1.0,12.0,1.0,0.30000000000000004,0.28789999999999999,0.60999999999999999,0.28360000000000002,4.0,0.0,5.0,1.0,314.0
1.0,1.0,13.0,1.0,0.33999999999999997,0.31819999999999998,0.56999999999999995,0.25370000000000004,4.0,0.0,5.0,1.0,373.0
1.0,1.0,14.0,1.0,0.38,0.39390000000000003,0.5,0.3881,4.0,0.0,5.0,1.0,362.0
1.0,1.0,15.0,1.0,0.39999999999999997,0.40909999999999996,0.46999999999999997,0.32840000000000003,4.0,0.0,5.0,1.0,410.0
1.0,1.0,16.0,1.0,0.41999999999999998,0.42420000000000002,0.44,0.35820000000000002,4.0,0.0,5.0,1.0,407.0
1.0,1.0,17.0,1.0,0.41999999999999998,0.42420000000000002,0.44,0.3881,4.0,0.0,5.0,1.0,290.0
1.0,1.0,18.0,1.0,0.41999999999999998,0.42420000000000002,0.40999999999999998,0.22390000000000002,4.0,0.0,5.0,1.0,241.0
1.0,1.0,19.0,2.0,0.41999999999999998,0.42420000000000002,0.40999999999999998,0.55220000000000002,4.0,0.0,5.0,1.0,206.0
1.0,1.0,20.0,1.0,0.39999999999999997,0.40909999999999996,0.34999999999999998,0.3881,4.0,0.0,5.0,1.0,120.0
1.0,1.0,21.0,1.0,0.35999999999999999,0.33329999999999999,0.28999999999999998,0.35820000000000002,4.0,0.0,5.0,1.0,127.0
1.0,1.0,22.0,1.0,0.33999999999999997,0.33329999999999999,0.34000000000000002,0.19399999999999998,4.0,0.0,5.0,1.0,103.0
1.0,1.0,23.0,1.0,0.32000000000000001,0.31819999999999998,0.31,0.19399999999999998,4.0,0.0,5.0,1.0,85.0
1.0,1.0,0.0,1.0,0.30000000000000004,0.28789999999999999,0.33000000000000002,0.22390000000000002,4.0,0.0,6.0,0.0,96.0
1.0,1.0,1.0,1.0,0.30000000000000004,0.2727,0.28000000000000003,0.35820000000000002,4.0,0.0,6.0,0.0,73.0
1.0,1.0,2.0,1.0,0.28000000000000003,0.2576,0.26000000000000001,0.32840000000000003,4.0,0.0,6.0,0.0,51.0
1.0,1.0,3.0,1.0,0.26000000000000001,0.2576,0.28000000000000003,0.19399999999999998,4.0,0.0,6.0,0.0,21.0
1.0,1.0,4.0,1.0,0.23999999999999999,0.2576,0.29999999999999999,0.0,4.0,0.0,6.0,0.0,5.0
1.0,1.0,5.0,1.0,0.19999999999999998,0.21210000000000001,0.51000000000000001,0.1343,4.0,0.0,6.0,0.0,7.0
1.0,1.0,6.0,1.0,0.19999999999999998,0.2273,0.40000000000000002,0.1045,4.0,0.0,6.0,0.0,5.0
1.0,1.0,7.0,1.0,0.19999999999999998,0.21210000000000001,0.37,0.1343,4.0,0.0,6.0,0.0,12.0
1.0,1.0,8.0,1.0,0.17999999999999999,0.19699999999999998,0.40000000000000002,0.1343,4.0,0.0,6.0,0.0,70.0
1.0,1.0,9.0,1.0,0.17999999999999999,0.19699999999999998,0.42999999999999999,0.1343,4.0,0.0,6.0,0.0,111.0
1.0,1.0,10.0,1.0,0.23999999999999999,0.24239999999999998,0.34999999999999998,0.1343,4.0,0.0,6.0,0.0,191.0
1.0,1.0,11.0,1.0,0.28000000000000003,0.2727,0.28000000000000003,0.22390000000000002,4.0,0.0,6.0,0.0,255.0
1.0,1.0,12.0,1.0,0.32000000000000001,0.30299999999999999,0.26000000000000001,0.22390000000000002,4.0,0.0,6.0,0.0,288.0
1.0,1.0,13.0,1.0,0.32000000000000001,0.30299999999999999,0.26000000000000001,0.22390000000000002,4.0,0.0,6.0,0.0,316.0
1.0,1.0,14.0,1.0,0.32000000000000001,0.30299999999999999,0.26000000000000001,0.25370000000000004,4.0,0.0,6.0,0.0,280.0
1.0,1.0,15.0,1.0,0.35999999999999999,0.33329999999999999,0.25,0.28360000000000002,4.0,0.0,6.0,0.0,310.0
1.0,1.0,16.0,1.0,0.35999999999999999,0.33329999999999999,0.20999999999999999,0.41790000000000005,4.0,0.0,6.0,0.0,322.0
1.0,1.0,17.0,1.0,0.35999999999999999,0.33329999999999999,0.20999999999999999,0.41790000000000005,4.0,0.0,6.0,0.0,234.0
1.0,1.0,18.0,1.0,0.33999999999999997,0.30299999999999999,0.23000000000000001,0.35820000000000002,4.0,0.0,6.0,0.0,168.0
1.0,1.0,19.0,1.0,0.32000000000000001,0.30299999999999999,0.28999999999999998,0.25370000000000004,4.0,0.0,6.0,0.0,159.0
1.0,1.0,20.0,1.0,0.30000000000000004,0.28789999999999999,0.39000000000000001,0.22390000000000002,4.0,0.0,6.0,0.0,111.0
1.0,1.0,21.0,1.0,0.30000000000000004,0.28789999999999999,0.33000000000000002,0.28360000000000002,4.0,0.0,6.0,0.0,69.0
1.0,1.0,22.0,1.0,0.32000000000000001,0.28789999999999999,0.26000000000000001,0.3881,4.0,0.0,6.0,0.0,64.0
1.0,1.0,23.0,1.0,0.30000000000000004,0.2727,0.33000000000000002,0.32840000000000003,4.0,0.0,6.0,0.0,25.0
1.0,1.0,0.0,2.0,0.32000000000000001,0.28789999999999999,0.26000000000000001,0.41790000000000005,4.0,0.0,7.0,0.0,10.0
1.0,1.0,1.0,1.0,0.26000000000000001,0.2273,0.59999999999999998,0.35820000000000002,4.0,0.0,7.0,0.0,9.0
1.0,1.0,2.0,1.0,0.23999999999999999,0.21210000000000001,0.47999999999999998,0.35820000000000002,4.0,0.0,7.0,0.0,7.0
1.0,1.0,3.0,1.0,0.23999999999999999,0.2273,0.47999999999999998,0.19399999999999998,4.0,0.0,7.0,0.0,4.0
1.0,1.0,4.0,1.0,0.19999999999999998,0.21210000000000001,0.51000000000000001,0.1343,4.0,0.0,7.0,0.0,5.0
1.0,1.0,5.0,1.0,0.19999999999999998,0.21210000000000001,0.51000000000000001,0.1343,4.0,0.0,7.0,0.0,26.0
1.0,1.0,6.0,1.0,0.22,0.21210000000000001,0.44,0.25370000000000004,4.0,0.0,7.0,0.0,80.0
1.0,1.0,7.0,1.0,0.22,0.21210000000000001,0.44,0.28360000000000002,4.0,0.0,7.0,0.0,225.0
1.0,1.0,8.0,1.0,0.19999999999999998,0.19699999999999998,0.46999999999999997,0.22390000000000002,4.0,0.0,7.0,0.0,493.0
1.0,1.0,9.0,1.0,0.19999999999999998,0.19699999999999998,0.46999999999999997,0.22390000000000002,4.0,0.0,7.0,0.0,198.0
1.0,1.0,10.0,1.0,0.22,0.21210000000000001,0.40999999999999998,0.28360000000000002,4.0,0.0,7.0,0.0,85.0
1.0,1.0,11.0,1.0,0.26000000000000001,0.2576,0.38,0.0,4.0,0.0,7.0,0.0,99.0
1.0,1.0,12.0,1.0,0.26000000000000001,0.2273,0.34999999999999998,0.3881,4.0,0.0,7.0,0.0,134.0
1.0,1.0,13.0,1.0,0.30000000000000004,0.28789999999999999,0.31,0.19399999999999998,4.0,0.0,7.0,0.0,132.0
1.0,1.0,14.0,1.0,0.32000000000000001,0.33329999999999999,0.23999999999999999,0.1343,4.0,0.0,7.0,0.0,115.0
1.0,1.0,15.0,1.0,0.32000000000000001,0.31819999999999998,0.23999999999999999,0.19399999999999998,4.0,0.0,7.0,0.0,138.0
1.0,1.0,16.0,1.0,0.33999999999999997,0.33329999999999999,0.25,0.19399999999999998,4.0,0.0,7.0,0.0,221.0
1.0,1.0,17.0,1.0,0.35999999999999999,0.34850000000000003,0.20999999999999999,0.19399999999999998,4.0,0.0,7.0,0.0,438.0
1.0,1.0,18.0,1.0,0.33999999999999997,0.33329999999999999,0.23000000000000001,0.16420000000000001,4.0,0.0,7.0,0.0,410.0
1.0,1.0,19.0,1.0,0.30000000000000004,0.31819999999999998,0.45000000000000001,0.1045,4.0,0.0,7.0,0.0,306.0
1.0,1.0,20.0,1.0,0.30000000000000004,0.30299999999999999,0.39000000000000001,0.16420000000000001,4.0,0.0,7.0,0.0,181.0
1.0,1.0,21.0,1.0,0.30000000000000004,0.30299999999999999,0.41999999999999998,0.16420000000000001,4.0,0.0,7.0,0.0,162.0
1.0,1.0,22.0,1.0,0.28000000000000003,0.2727,0.47999999999999998,0.22390000000000002,4.0,0.0,7.0,0.0,94.0
1.0,1.0,23.0,1.0,0.26000000000000001,0.2576,0.59999999999999998,0.19399999999999998,4.0,0.0,7.0,0.0,52.0
1.0,1.0,0.0,1.0,0.28000000000000003,0.2727,0.52000000000000002,0.25370000000000004,4.0,0.0,1.0,1.0,15.0
1.0,1.0,1.0,1.0,0.30000000000000004,0.2727,0.41999999999999998,0.29850000000000004,4.0,0.0,1.0,1.0,8.0
1.0,1.0,2.0,1.0,0.30000000000000004,0.28789999999999999,0.41999999999999998,0.22390000000000002,4.0,0.0,1.0,1.0,2.0
1.0,1.0,3.0,1.0,0.30000000000000004,0.28789999999999999,0.45000000000000001,0.22390000000000002,4.0,0.0,1.0,1.0,2.0
1.0,1.0,4.0,1.0,0.30000000000000004,0.28789999999999999,0.48999999999999999,0.19399999999999998,4.0,0.0,1.0,1.0,1.0
1.0,1.0,5.0,1.0,0.30000000000000004,0.28789999999999999,0.48999999999999999,0.19399999999999998,4.0,0.0,1.0,1.0,22.0
1.0,1.0,6.0,1.0,0.28000000000000003,0.2727,0.52000000000000002,0.16420000000000001,4.0,0.0,1.0,1.0,104.0
1.0,1.0,7.0,1.0,0.26000000000000001,0.2576,0.59999999999999998,0.19399999999999998,4.0,0.0,1.0,1.0,279.0
1.0,1.0,8.0,1.0,0.26000000000000001,0.2727,0.59999999999999998,0.1045,4.0,0.0,1.0,1.0,512.0
1.0,1.0,9.0,1.0,0.30000000000000004,0.28789999999999999,0.52000000000000002,0.19399999999999998,4.0,0.0,1.0,1.0,261.0
1.0,1.0,10.0,2.0,0.32000000000000001,0.31819999999999998,0.56999999999999995,0.19399999999999998,4.0,0.0,1.0,1.0,144.0
1.0,1.0,11.0,1.0,0.39999999999999997,0.40909999999999996,0.37,0.28360000000000002,4.0,0.0,1.0,1.0,139.0
1.0,1.0,12.0,1.0,0.39999999999999997,0.40909999999999996,0.42999999999999999,0.29850000000000004,4.0,0.0,1.0,1.0,194.0
1.0,1.0,13.0,1.0,0.45999999999999996,0.45450000000000002,0.35999999999999999,0.22390000000000002,4.0,0.0,1.0,1.0,198.0
1.0,1.0,14.0,1.0,0.5,0.48479999999999995,0.28999999999999998,0.32840000000000003,4.0,0.0,1.0,1.0,160.0
1.0,1.0,15.0,1.0,0.54000000000000004,0.51519999999999999,0.26000000000000001,0.44780000000000003,4.0,0.0,1.0,1.0,177.0
1.0,1.0,16.0,1.0,0.54000000000000004,0.51519999999999999,0.26000000000000001,0.44780000000000003,4.0,0.0,1.0,1.0,307.0
1.0,1.0,17.0,1.0,0.54000000000000004,0.51519999999999999,0.26000000000000001,0.41790000000000005,4.0,0.0,1.0,1.0,559.0
1.0,1.0,18.0,1.0,0.54000000000000004,0.51519999999999999,0.23999999999999999,0.35820000000000002,4.0,0.0,1.0,1.0,502.0
1.0,1.0,19.0,1.0,0.5,0.48479999999999995,0.28999999999999998,0.28360000000000002,4.0,0.0,1.0,1.0,328.0
1.0,1.0,20.0,1.0,0.39999999999999997,0.40909999999999996,0.57999999999999996,0.1045,4.0,0.0,1.0,1.0,238.0
1.0,1.0,21.0,1.0,0.45999999999999996,0.45450000000000002,0.33000000000000002,0.29850000000000004,4.0,0.0,1.0,1.0,165.0
1.0,1.0,22.0,1.0,0.44,0.43939999999999996,0.34999999999999998,0.29850000000000004,4.0,0.0,1.0,1.0,129.0
1.0,1.0,23.0,1.0,0.44,0.43939999999999996,0.38,0.25370000000000004,4.0,0.0,1.0,1.0,63.0
1.0,2.0,0.0,1.0,0.44,0.43939999999999996,0.38,0.28360000000000002,4.0,0.0,2.0,1.0,31.0
1.0,2.0,1.0,1.0,0.44,0.43939999999999996,0.40999999999999998,0.28360000000000002,4.0,0.0,2.0,1.0,4.0
1.0,2.0,2.0,1.0,0.44,0.43939999999999996,0.44,0.28360000000000002,4.0,0.0,2.0,1.0,7.0
1.0,2.0,3.0,1.0,0.44,0.43939999999999996,0.44,0.19399999999999998,4.0,0.0,2.0,1.0,3.0
1.0,2.0,4.0,1.0,0.39999999999999997,0.40909999999999996,0.5,0.16420000000000001,4.0,0.0,2.0,1.0,1.0
1.0,2.0,5.0,1.0,0.39999999999999997,0.40909999999999996,0.5,0.16420000000000001,4.0,0.0,2.0,1.0,18.0
1.0,2.0,6.0,3.0,0.39999999999999997,0.40909999999999996,0.54000000000000004,0.16420000000000001,4.0,0.0,2.0,1.0,67.0
1.0,2.0,7.0,3.0,0.38,0.39390000000000003,0.62,0.089599999999999999,4.0,0.0,2.0,1.0,208.0
1.0,2.0,8.0,3.0,0.35999999999999999,0.36359999999999998,0.72999999999999998,0.1045,4.0,0.0,2.0,1.0,520.0
1.0,2.0,9.0,2.0,0.35999999999999999,0.34850000000000003,0.70999999999999996,0.19399999999999998,4.0,0.0,2.0,1.0,276.0
1.0,2.0,10.0,1.0,0.39999999999999997,0.40909999999999996,0.62,0.1343,4.0,0.0,2.0,1.0,133.0
1.0,2.0,11.0,1.0,0.39999999999999997,0.40909999999999996,0.57999999999999996,0.16420000000000001,4.0,0.0,2.0,1.0,143.0
1.0,2.0,12.0,1.0,0.44,0.43939999999999996,0.54000000000000004,0.1045,4.0,0.0,2.0,1.0,179.0
1.0,2.0,13.0,1.0,0.45999999999999996,0.45450000000000002,0.46999999999999997,0.22390000000000002,4.0,0.0,2.0,1.0,186.0
1.0,2.0,14.0,1.0,0.62,0.62119999999999997,0.33000000000000002,0.22390000000000002,4.0,0.0,2.0,1.0,192.0
1.0,2.0,15.0,1.0,0.60000000000000009,0.62119999999999997,0.34999999999999998,0.28360000000000002,4.0,0.0,2.0,1.0,194.0
1.0,2.0,16.0,1.0,0.60000000000000009,0.62119999999999997,0.40000000000000002,0.22390000000000002,4.0,0.0,2.0,1.0,283.0
1.0,2.0,17.0,1.0,0.58000000000000007,0.54549999999999998,0.42999999999999999,0.19399999999999998,4.0,0.0,2.0,1.0,539.0
1.0,2.0,18.0,1.0,0.56000000000000005,0.53029999999999999,0.46000000000000002,0.16420000000000001,4.0,0.0,2.0,1.0,526.0
1.0,2.0,19.0,1.0,0.54000000000000004,0.51519999999999999,0.52000000000000002,0.28360000000000002,4.0,0.0,2.0,1.0,335.0
1.0,2.0,20.0,1.0,0.52000000000000002,0.5,0.52000000000000002,0.16420000000000001,4.0,0.0,2.0,1.0,264.0
1.0,2.0,21.0,1.0,0.52000000000000002,0.5,0.52000000000000002,0.16420000000000001,4.0,0.0,2.0,1.0,233.0
1.0,2.0,22.0,1.0,0.5,0.48479999999999995,0.55000000000000004,0.19399999999999998,4.0,0.0,2.0,1.0,140.0
1.0,2.0,23.0,1.0,0.45999999999999996,0.45450000000000002,0.63,0.089599999999999999,4.0,0.0,2.0,1.0,97.0
1.0,2.0,0.0,1.0,0.45999999999999996,0.45450000000000002,0.58999999999999997,0.1343,4.0,0.0,3.0,1.0,31.0
1.0,2.0,1.0,2.0,0.45999999999999996,0.45450000000000002,0.55000000000000004,0.0,4.0,0.0,3.0,1.0,17.0
1.0,2.0,2.0,2.0,0.41999999999999998,0.42420000000000002,0.67000000000000004,0.1343,4.0,0.0,3.0,1.0,9.0
1.0,2.0,3.0,2.0,0.41999999999999998,0.42420000000000002,0.67000000000000004,0.1343,4.0,0.0,3.0,1.0,2.0
1.0,2.0,4.0,3.0,0.39999999999999997,0.40909999999999996,0.81999999999999995,0.089599999999999999,4.0,0.0,3.0,1.0,1.0
1.0,2.0,5.0,3.0,0.39999999999999997,0.40909999999999996,0.81999999999999995,0.0,4.0,0.0,3.0,1.0,19.0
1.0,2.0,6.0,3.0,0.35999999999999999,0.37880000000000003,0.90000000000000002,0.0,4.0,0.0,3.0,1.0,74.0
1.0,2.0,7.0,3.0,0.35999999999999999,0.37880000000000003,0.93000000000000005,0.0,4.0,0.0,3.0,1.0,205.0
1.0,2.0,8.0,3.0,0.39999999999999997,0.40909999999999996,0.87,0.0,4.0,0.0,3.0,1.0,445.0
1.0,2.0,9.0,3.0,0.38,0.39390000000000003,0.87,0.0,4.0,0.0,3.0,1.0,228.0
1.0,2.0,10.0,3.0,0.41999999999999998,0.42420000000000002,0.77000000000000002,0.1045,4.0,0.0,3.0,1.0,78.0
1.0,2.0,11.0,3.0,0.39999999999999997,0.40909999999999996,0.81999999999999995,0.25370000000000004,4.0,0.0,3.0,1.0,105.0
1.0,2.0,12.0,1.0,0.41999999999999998,0.42420000000000002,0.81999999999999995,0.0,4.0,0.0,3.0,1.0,148.0
1.0,2.0,13.0,2.0,0.41999999999999998,0.42420000000000002,0.77000000000000002,0.0,4.0,0.0,3.0,1.0,137.0
1.0,2.0,14.0,1.0,0.39999999999999997,0.40909999999999996,0.76000000000000001,0.1045,4.0,0.0,3.0,1.0,141.0
1.0,2.0,15.0,1.0,0.45999999999999996,0.45450000000000002,0.67000000000000004,0.16420000000000001,4.0,0.0,3.0,1.0,174.0
1.0,2.0,16.0,1.0,0.45999999999999996,0.45450000000000002,0.55000000000000004,0.28360000000000002,4.0,0.0,3.0,1.0,229.0
1.0,2.0,17.0,1.0,0.41999999999999998,0.42420000000000002,0.54000000000000004,0.49250000000000005,4.0,0.0,3.0,1.0,450.0
1.0,2.0,18.0,1.0,0.39999999999999997,0.40909999999999996,0.42999999999999999,0.4627,4.0,0.0,3.0,1.0,410.0
1.0,2.0,19.0,1.0,0.38,0.39390000000000003,0.42999999999999999,0.52239999999999998,4.0,0.0,3.0,1.0,327.0
1.0,2.0,20.0,1.0,0.35999999999999999,0.31819999999999998,0.46000000000000002,0.52239999999999998,4.0,0.0,3.0,1.0,213.0
1.0,2.0,21.0,1.0,0.33999999999999997,0.30299999999999999,0.46000000000000002,0.41790000000000005,4.0,0.0,3.0,1.0,148.0
1.0,2.0,22.0,1.0,0.32000000000000001,0.28789999999999999,0.48999999999999999,0.41790000000000005,4.0,0.0,3.0,1.0,109.0
1.0,2.0,23.0,1.0,0.32000000000000001,0.30299999999999999,0.48999999999999999,0.25370000000000004,4.0,0.0,3.0,1.0,61.0
1.0,2.0,0.0,1.0,0.32000000000000001,0.28789999999999999,0.53000000000000003,0.3881,4.0,0.0,4.0,1.0,38.0
1.0,2.0,1.0,1.0,0.30000000000000004,0.2727,0.56000000000000005,0.32840000000000003,4.0,0.0,4.0,1.0,22.0
1.0,2.0,2.0,1.0,0.30000000000000004,0.28789999999999999,0.52000000000000002,0.22390000000000002,4.0,0.0,4.0,1.0,6.0
1.0,2.0,3.0,1.0,0.28000000000000003,0.2576,0.56000000000000005,0.29850000000000004,4.0,0.0,4.0,1.0,4.0
1.0,2.0,4.0,1.0,0.26000000000000001,0.2576,0.59999999999999998,0.22390000000000002,4.0,0.0,4.0,1.0,2.0
1.0,2.0,5.0,1.0,0.26000000000000001,0.2576,0.59999999999999998,0.22390000000000002,4.0,0.0,4.0,1.0,17.0
1.0,2.0,6.0,1.0,0.23999999999999999,0.24239999999999998,0.65000000000000002,0.16420000000000001,4.0,0.0,4.0,1.0,88.0
1.0,2.0,7.0,1.0,0.23999999999999999,0.2273,0.65000000000000002,0.22390000000000002,4.0,0.0,4.0,1.0,226.0
1.0,2.0,8.0,1.0,0.23999999999999999,0.2273,0.65000000000000002,0.22390000000000002,4.0,0.0,4.0,1.0,441.0
1.0,2.0,9.0,1.0,0.23999999999999999,0.2273,0.65000000000000002,0.19399999999999998,4.0,0.0,4.0,1.0,270.0
1.0,2.0,10.0,1.0,0.28000000000000003,0.2576,0.56000000000000005,0.28360000000000002,4.0,0.0,4.0,1.0,129.0
1.0,2.0,11.0,1.0,0.32000000000000001,0.30299999999999999,0.53000000000000003,0.29850000000000004,4.0,0.0,4.0,1.0,164.0
1.0,2.0,12.0,1.0,0.33999999999999997,0.33329999999999999,0.46000000000000002,0.1343,4.0,0.0,4.0,1.0,216.0
1.0,2.0,13.0,1.0,0.35999999999999999,0.36359999999999998,0.46000000000000002,0.0,4.0,0.0,4.0,1.0,198.0
1.0,2.0,14.0,1.0,0.35999999999999999,0.34850000000000003,0.46000000000000002,0.22390000000000002,4.0,0.0,4.0,1.0,170.0
1.0,2.0,15.0,1.0,0.38,0.39390000000000003,0.40000000000000002,0.0,4.0,0.0,4.0,1.0,216.0
1.0,2.0,16.0,1.0,0.39999999999999997,0.40909999999999996,0.37,0.1045,4.0,0.0,4.0,1.0,311.0
1.0,2.0,17.0,1.0,0.39999999999999997,0.40909999999999996,0.37,0.089599999999999999,4.0,0.0,4.0,1.0,488.0
1.0,2.0,18.0,1.0,0.38,0.39390000000000003,0.40000000000000002,0.1343,4.0,0.0,4.0,1.0,385.0
1.0,2.0,19.0,1.0,0.33999999999999997,0.34850000000000003,0.48999999999999999,0.1045,4.0,0.0,4.0,1.0,267.0
1.0,2.0,20.0,1.0,0.33999999999999997,0.34850000000000003,0.48999999999999999,0.1045,4.0,0.0,4.0,1.0,163.0
1.0,2.0,21.0,1.0,0.33999999999999997,0.34850000000000003,0.48999999999999999,0.1045,4.0,0.0,4.0,1.0,134.0
1.0,2.0,22.0,1.0,0.33999999999999997,0.34850000000000003,0.48999999999999999,0.1045,4.0,0.0,4.0,1.0,119.0
1.0,2.0,23.0,1.0,0.26000000000000001,0.2727,0.69999999999999996,0.1045,4.0,0.0,4.0,1.0,77.0
1.0,2.0,0.0,1.0,0.26000000000000001,0.2727,0.69999999999999996,0.1045,4.0,0.0,5.0,1.0,86.0
1.0,2.0,1.0,1.0,0.26000000000000001,0.2727,0.69999999999999996,0.1045,4.0,0.0,5.0,1.0,43.0
1.0,2.0,2.0,1.0,0.23999999999999999,0.2576,0.69999999999999996,0.089599999999999999,4.0,0.0,5.0,1.0,44.0
1.0,2.0,3.0,1.0,0.23999999999999999,0.28789999999999999,0.75,0.0,4.0,0.0,5.0,1.0,18.0
1.0,2.0,4.0,1.0,0.23999999999999999,0.2576,0.81000000000000005,0.089599999999999999,4.0,0.0,5.0,1.0,6.0
1.0,2.0,5.0,1.0,0.23999999999999999,0.2576,0.81000000000000005,0.089599999999999999,4.0,0.0,5.0,1.0,4.0
1.0,2.0,6.0,1.0,0.22,0.2273,0.87,0.1343,4.0,0.0,5.0,1.0,5.0
1.0,2.0,7.0,2.0,0.23999999999999999,0.24239999999999998,0.87,0.1343,4.0,0.0,5.0,1.0,28.0
1.0,2.0,8.0,1.0,0.23999999999999999,0.28789999999999999,0.87,0.0,4.0,0.0,5.0,1.0,90.0
1.0,2.0,9.0,1.0,0.23999999999999999,0.24239999999999998,0.81000000000000005,0.1343,4.0,0.0,5.0,1.0,157.0
1.0,2.0,10.0,1.0,0.23999999999999999,0.2576,0.87,0.1045,4.0,0.0,5.0,1.0,224.0
1.0,2.0,11.0,1.0,0.30000000000000004,0.33329999999999999,0.69999999999999996,0.0,4.0,0.0,5.0,1.0,270.0
1.0,2.0,12.0,2.0,0.30000000000000004,0.31819999999999998,0.69999999999999996,0.089599999999999999,4.0,0.0,5.0,1.0,300.0
1.0,2.0,13.0,2.0,0.30000000000000004,0.28789999999999999,0.69999999999999996,0.19399999999999998,4.0,0.0,5.0,1.0,302.0
1.0,2.0,14.0,2.0,0.32000000000000001,0.30299999999999999,0.66000000000000003,0.22390000000000002,4.0,0.0,5.0,1.0,276.0
1.0,2.0,15.0,2.0,0.32000000000000001,0.30299999999999999,0.66000000000000003,0.22390000000000002,4.0,0.0,5.0,1.0,305.0
1.0,2.0,16.0,2.0,0.33999999999999997,0.33329999999999999,0.60999999999999999,0.16420000000000001,4.0,0.0,5.0,1.0,143.0
1.0,2.0,17.0,3.0,0.30000000000000004,0.28789999999999999,0.69999999999999996,0.19399999999999998,4.0,0.0,5.0,1.0,67.0
1.0,2.0,18.0,3.0,0.28000000000000003,0.2727,0.75,0.16420000000000001,4.0,0.0,5.0,1.0,64.0
1.0,2.0,19.0,3.0,0.26000000000000001,0.2727,0.87,0.1343,4.0,0.0,5.0,1.0,80.0
1.0,2.0,20.0,3.0,0.23999999999999999,0.2273,0.93000000000000005,0.19399999999999998,4.0,0.0,5.0,1.0,77.0
1.0,2.0,21.0,3.0,0.23999999999999999,0.24239999999999998,0.93000000000000005,0.1343,4.0,0.0,5.0,1.0,78.0
1.0,2.0,22.0,2.0,0.23999999999999999,0.2576,0.87,0.089599999999999999,4.0,0.0,5.0,1.0,95.0
1.0,2.0,23.0,2.0,0.23999999999999999,0.24239999999999998,0.87,0.1343,4.0,0.0,5.0,1.0,70.0
1.0,2.0,0.0,2.0,0.23999999999999999,0.24239999999999998,0.87,0.1343,4.0,0.0,6.0,0.0,61.0
1.0,2.0,1.0,2.0,0.23999999999999999,0.2576,0.93000000000000005,0.1045,4.0,0.0,6.0,0.0,51.0
1.0,2.0,2.0,2.0,0.23999999999999999,0.2576,0.93000000000000005,0.1045,4.0,0.0,6.0,0.0,63.0
1.0,2.0,3.0,3.0,0.23999999999999999,0.2576,0.87,0.089599999999999999,4.0,0.0,6.0,0.0,17.0
1.0,2.0,4.0,2.0,0.23999999999999999,0.24239999999999998,0.87,0.1343,4.0,0.0,6.0,0.0,9.0
1.0,2.0,5.0,3.0,0.26000000000000001,0.2576,0.81000000000000005,0.19399999999999998,4.0,0.0,6.0,0.0,4.0
1.0,2.0,6.0,2.0,0.26000000000000001,0.24239999999999998,0.69999999999999996,0.25370000000000004,4.0,0.0,6.0,0.0,4.0
1.0,2.0,7.0,2.0,0.23999999999999999,0.24239999999999998,0.75,0.16420000000000001,4.0,0.0,6.0,0.0,16.0
1.0,2.0,8.0,2.0,0.23999999999999999,0.24239999999999998,0.75,0.16420000000000001,4.0,0.0,6.0,0.0,62.0
1.0,2.0,9.0,2.0,0.23999999999999999,0.2273,0.69999999999999996,0.22390000000000002,4.0,0.0,6.0,0.0,92.0
1.0,2.0,10.0,2.0,0.26000000000000001,0.24239999999999998,0.65000000000000002,0.28360000000000002,4.0,0.0,6.0,0.0,148.0
1.0,2.0,11.0,2.0,0.26000000000000001,0.2576,0.69999999999999996,0.19399999999999998,4.0,0.0,6.0,0.0,182.0
1.0,2.0,12.0,2.0,0.26000000000000001,0.2576,0.65000000000000002,0.19399999999999998,4.0,0.0,6.0,0.0,248.0
1.0,2.0,13.0,2.0,0.28000000000000003,0.2727,0.60999999999999999,0.16420000000000001,4.0,0.0,6.0,0.0,274.0
1.0,2.0,14.0,1.0,0.30000000000000004,0.30299999999999999,0.60999999999999999,0.16420000000000001,4.0,0.0,6.0,0.0,243.0
1.0,2.0,15.0,2.0,0.30000000000000004,0.28789999999999999,0.56000000000000005,0.25370000000000004,4.0,0.0,6.0,0.0,272.0
1.0,2.0,16.0,1.0,0.30000000000000004,0.28789999999999999,0.56000000000000005,0.22390000000000002,4.0,0.0,6.0,0.0,296.0
1.0,2.0,17.0,1.0,0.32000000000000001,0.31819999999999998,0.53000000000000003,0.16420000000000001,4.0,0.0,6.0,0.0,306.0
1.0,2.0,18.0,1.0,0.30000000000000004,0.28789999999999999,0.52000000000000002,0.25370000000000004,4.0,0.0,6.0,0.0,181.0
1.0,2.0,19.0,1.0,0.30000000000000004,0.28789999999999999,0.52000000000000002,0.22390000000000002,4.0,0.0,6.0,0.0,69.0
1.0,2.0,20.0,1.0,0.28000000000000003,0.2727,0.56000000000000005,0.19399999999999998,4.0,0.0,6.0,0.0,50.0
1.0,2.0,21.0,1.0,0.28000000000000003,0.28789999999999999,0.56000000000000005,0.1045,4.0,0.0,6.0,0.0,66.0
1.0,2.0,22.0,1.0,0.26000000000000001,0.2727,0.59999999999999998,0.1045,4.0,0.0,6.0,0.0,191.0
1.0,2.0,23.0,1.0,0.23999999999999999,0.24239999999999998,0.69999999999999996,0.1343,4.0,0.0,6.0,0.0,42.0
1.0,2.0,0.0,1.0,0.23999999999999999,0.24239999999999998,0.65000000000000002,0.1343,4.0,0.0,7.0,0.0,21.0
1.0,2.0,1.0,1.0,0.22,0.2576,0.75,0.089599999999999999,4.0,0.0,7.0,0.0,6.0
1.0,2.0,2.0,1.0,0.22,0.2727,0.75,0.0,4.0,0.0,7.0,0.0,3.0
1.0,2.0,4.0,1.0,0.17999999999999999,0.21210000000000001,0.80000000000000004,0.1045,4.0,0.0,7.0,0.0,2.0
1.0,2.0,5.0,1.0,0.17999999999999999,0.21210000000000001,0.80000000000000004,0.1045,4.0,0.0,7.0,0.0,17.0
1.0,2.0,6.0,1.0,0.16,0.18179999999999999,0.85999999999999999,0.1045,4.0,0.0,7.0,0.0,72.0
1.0,2.0,7.0,1.0,0.16,0.18179999999999999,0.85999999999999999,0.1045,4.0,0.0,7.0,0.0,234.0
1.0,2.0,8.0,1.0,0.16,0.18179999999999999,0.85999999999999999,0.1343,4.0,0.0,7.0,0.0,444.0
1.0,2.0,9.0,1.0,0.17999999999999999,0.21210000000000001,0.80000000000000004,0.1045,4.0,0.0,7.0,0.0,277.0
1.0,2.0,10.0,1.0,0.22,0.24239999999999998,0.75,0.1045,4.0,0.0,7.0,0.0,116.0
1.0,2.0,11.0,1.0,0.26000000000000001,0.2727,0.69999999999999996,0.1343,4.0,0.0,7.0,0.0,116.0
1.0,2.0,12.0,1.0,0.32000000000000001,0.31819999999999998,0.60999999999999999,0.16420000000000001,4.0,0.0,7.0,0.0,150.0
1.0,2.0,13.0,1.0,0.38,0.39390000000000003,0.40000000000000002,0.22390000000000002,4.0,0.0,7.0,0.0,141.0
1.0,2.0,14.0,1.0,0.39999999999999997,0.40909999999999996,0.34999999999999998,0.16420000000000001,4.0,0.0,7.0,0.0,140.0
1.0,2.0,15.0,1.0,0.41999999999999998,0.42420000000000002,0.32000000000000001,0.28360000000000002,4.0,0.0,7.0,0.0,171.0
1.0,2.0,16.0,1.0,0.39999999999999997,0.40909999999999996,0.42999999999999999,0.25370000000000004,4.0,0.0,7.0,0.0,228.0
1.0,2.0,17.0,1.0,0.39999999999999997,0.40909999999999996,0.42999999999999999,0.25370000000000004,4.0,0.0,7.0,0.0,430.0
1.0,2.0,18.0,1.0,0.38,0.39390000000000003,0.42999999999999999,0.22390000000000002,4.0,0.0,7.0,0.0,437.0
1.0,2.0,19.0,1.0,0.35999999999999999,0.33329999999999999,0.42999999999999999,0.25370000000000004,4.0,0.0,7.0,0.0,291.0
1.0,2.0,20.0,1.0,0.33999999999999997,0.33329999999999999,0.46000000000000002,0.16420000000000001,4.0,0.0,7.0,0.0,201.0
1.0,2.0,21.0,1.0,0.32000000000000001,0.31819999999999998,0.56999999999999995,0.16420000000000001,4.0,0.0,7.0,0.0,154.0
1.0,2.0,22.0,1.0,0.30000000000000004,0.30299999999999999,0.65000000000000002,0.1343,4.0,0.0,7.0,0.0,87.0
1.0,2.0,23.0,1.0,0.30000000000000004,0.30299999999999999,0.65000000000000002,0.1343,4.0,0.0,7.0,0.0,46.0
1.0,2.0,0.0,1.0,0.30000000000000004,0.28789999999999999,0.69999999999999996,0.19399999999999998,4.0,0.0,1.0,1.0,23.0
1.0,2.0,1.0,1.0,0.28000000000000003,0.28789999999999999,0.60999999999999999,0.1343,4.0,0.0,1.0,1.0,14.0
1.0,2.0,2.0,1.0,0.30000000000000004,0.33329999999999999,0.60999999999999999,0.0,4.0,0.0,1.0,1.0,4.0
1.0,2.0,3.0,2.0,0.30000000000000004,0.33329999999999999,0.69999999999999996,0.0,4.0,0.0,1.0,1.0,2.0
1.0,2.0,4.0,2.0,0.30000000000000004,0.33329999999999999,0.69999999999999996,0.0,4.0,0.0,1.0,1.0,3.0
1.0,2.0,5.0,1.0,0.32000000000000001,0.33329999999999999,0.48999999999999999,0.089599999999999999,4.0,0.0,1.0,1.0,15.0
1.0,2.0,6.0,1.0,0.32000000000000001,0.30299999999999999,0.45000000000000001,0.29850000000000004,4.0,0.0,1.0,1.0,100.0
1.0,2.0,7.0,1.0,0.32000000000000001,0.34850000000000003,0.45000000000000001,0.0,4.0,0.0,1.0,1.0,299.0
1.0,2.0,8.0,1.0,0.30000000000000004,0.31819999999999998,0.48999999999999999,0.0,4.0,0.0,1.0,1.0,529.0
1.0,2.0,9.0,1.0,0.32000000000000001,0.33329999999999999,0.48999999999999999,0.0,4.0,0.0,1.0,1.0,289.0
1.0,2.0,10.0,1.0,0.33999999999999997,0.33329999999999999,0.46000000000000002,0.16420000000000001,4.0,0.0,1.0,1.0,116.0
1.0,2.0,11.0,1.0,0.35999999999999999,0.34850000000000003,0.46000000000000002,0.19399999999999998,4.0,0.0,1.0,1.0,129.0
1.0,2.0,12.0,1.0,0.39999999999999997,0.40909999999999996,0.40000000000000002,0.32840000000000003,4.0,0.0,1.0,1.0,172.0
1.0,2.0,13.0,1.0,0.44,0.43939999999999996,0.38,0.25370000000000004,4.0,0.0,1.0,1.0,184.0
1.0,2.0,14.0,1.0,0.44,0.43939999999999996,0.38,0.25370000000000004,4.0,0.0,1.0,1.0,138.0
1.0,2.0,15.0,1.0,0.44,0.43939999999999996,0.38,0.19399999999999998,4.0,0.0,1.0,1.0,146.0
1.0,2.0,16.0,1.0,0.44,0.43939999999999996,0.34999999999999998,0.25370000000000004,4.0,0.0,1.0,1.0,276.0
1.0,2.0,17.0,1.0,0.44,0.43939999999999996,0.34999999999999998,0.19399999999999998,4.0,0.0,1.0,1.0,509.0
1.0,2.0,18.0,1.0,0.41999999999999998,0.42420000000000002,0.38,0.19399999999999998,4.0,0.0,1.0,1.0,518.0
1.0,2.0,19.0,1.0,0.38,0.39390000000000003,0.42999999999999999,0.22390000000000002,4.0,0.0,1.0,1.0,338.0
1.0,2.0,20.0,1.0,0.35999999999999999,0.34850000000000003,0.5,0.1343,4.0,0.0,1.0,1.0,212.0
1.0,2.0,21.0,1.0,0.33999999999999997,0.34850000000000003,0.60999999999999999,0.1045,4.0,0.0,1.0,1.0,190.0
1.0,2.0,22.0,1.0,0.32000000000000001,0.31819999999999998,0.56999999999999995,0.19399999999999998,4.0,0.0,1.0,1.0,118.0
1.0,2.0,23.0,1.0,0.32000000000000001,0.33329999999999999,0.56999999999999995,0.1343,4.0,0.0,1.0,1.0,51.0
1.0,2.0,0.0,1.0,0.30000000000000004,0.28789999999999999,0.56000000000000005,0.22390000000000002,4.0,0.0,2.0,1.0,23.0
1.0,2.0,1.0,1.0,0.28000000000000003,0.2727,0.60999999999999999,0.16420000000000001,4.0,0.0,2.0,1.0,10.0
1.0,2.0,2.0,1.0,0.26000000000000001,0.30299999999999999,0.65000000000000002,0.0,4.0,0.0,2.0,1.0,1.0
1.0,2.0,3.0,1.0,0.26000000000000001,0.30299999999999999,0.65000000000000002,0.0,4.0,0.0,2.0,1.0,1.0
1.0,2.0,4.0,1.0,0.23999999999999999,0.2576,0.69999999999999996,0.089599999999999999,4.0,0.0,2.0,1.0,1.0
1.0,2.0,5.0,1.0,0.23999999999999999,0.2576,0.69999999999999996,0.089599999999999999,4.0,0.0,2.0,1.0,20.0
1.0,2.0,6.0,2.0,0.23999999999999999,0.28789999999999999,0.69999999999999996,0.0,4.0,0.0,2.0,1.0,98.0
1.0,2.0,7.0,2.0,0.23999999999999999,0.2576,0.69999999999999996,0.1045,4.0,0.0,2.0,1.0,281.0
1.0,2.0,8.0,2.0,0.23999999999999999,0.2273,0.69999999999999996,0.22390000000000002,4.0,0.0,2.0,1.0,508.0
1.0,2.0,9.0,2.0,0.23999999999999999,0.2576,0.69999999999999996,0.16420000000000001,4.0,0.0,2.0,1.0,253.0
1.0,2.0,10.0,2.0,0.26000000000000001,0.2576,0.69999999999999996,0.22390000000000002,4.0,0.0,2.0,1.0,108.0
1.0,2.0,11.0,2.0,0.26000000000000001,0.2576,0.65000000000000002,0.22390000000000002,4.0,0.0,2.0,1.0,102.0
1.0,2.0,12.0,2.0,0.28000000000000003,0.2576,0.65000000000000002,0.28360000000000002,4.0,0.0,2.0,1.0,138.0
1.0,2.0,13.0,2.0,0.28000000000000003,0.28789999999999999,0.60999999999999999,0.1045,4.0,0.0,2.0,1.0,126.0
1.0,2.0,14.0,2.0,0.30000000000000004,0.30299999999999999,0.56000000000000005,0.16420000000000001,4.0,0.0,2.0,1.0,108.0
1.0,2.0,15.0,3.0,0.30000000000000004,0.31819999999999998,0.60999999999999999,0.1045,4.0,0.0,2.0,1.0,54.0
1.0,2.0,16.0,3.0,0.26000000000000001,0.2727,0.81000000000000005,0.1045,4.0,0.0,2.0,1.0,75.0
1.0,2.0,17.0,3.0,0.23999999999999999,0.2576,0.87,0.1045,4.0,0.0,2.0,1.0,155.0
1.0,2.0,18.0,3.0,0.23999999999999999,0.2576,0.87,0.1045,4.0,0.0,2.0,1.0,167.0
1.0,2.0,19.0,3.0,0.23999999999999999,0.2576,0.87,0.1045,4.0,0.0,2.0,1.0,161.0
1.0,2.0,20.0,3.0,0.23999999999999999,0.24239999999999998,0.87,0.1343,4.0,0.0,2.0,1.0,125.0
1.0,2.0,21.0,3.0,0.23999999999999999,0.2273,0.87,0.19399999999999998,4.0,0.0,2.0,1.0,129.0
1.0,2.0,22.0,2.0,0.23999999999999999,0.24239999999999998,0.87,0.1343,4.0,0.0,2.0,1.0,98.0
1.0,2.0,23.0,2.0,0.23999999999999999,0.24239999999999998,0.87,0.16420000000000001,4.0,0.0,2.0,1.0,60.0
1.0,2.0,0.0,2.0,0.23999999999999999,0.24239999999999998,0.87,0.16420000000000001,4.0,0.0,3.0,1.0,26.0
1.0,2.0,1.0,2.0,0.23999999999999999,0.24239999999999998,0.87,0.1343,4.0,0.0,3.0,1.0,12.0
1.0,2.0,2.0,1.0,0.22,0.2273,0.80000000000000004,0.1343,4.0,0.0,3.0,1.0,2.0
1.0,2.0,3.0,1.0,0.22,0.21210000000000001,0.80000000000000004,0.28360000000000002,4.0,0.0,3.0,1.0,4.0
1.0,2.0,4.0,2.0,0.22,0.19699999999999998,0.75,0.44780000000000003,4.0,0.0,3.0,1.0,1.0
1.0,2.0,5.0,1.0,0.19999999999999998,0.18179999999999999,0.75,0.28360000000000002,4.0,0.0,3.0,1.0,18.0
1.0,2.0,6.0,1.0,0.19999999999999998,0.18179999999999999,0.75,0.28360000000000002,4.0,0.0,3.0,1.0,76.0
1.0,2.0,7.0,1.0,0.19999999999999998,0.19699999999999998,0.68999999999999995,0.25370000000000004,4.0,0.0,3.0,1.0,267.0
1.0,2.0,8.0,1.0,0.19999999999999998,0.19699999999999998,0.64000000000000001,0.25370000000000004,4.0,0.0,3.0,1.0,484.0
1.0,2.0,9.0,1.0,0.19999999999999998,0.19699999999999998,0.58999999999999997,0.22390000000000002,4.0,0.0,3.0,1.0,238.0
1.0,2.0,10.0,1.0,0.22,0.21210000000000001,0.51000000000000001,0.22390000000000002,4.0,0.0,3.0,1.0,97.0
1.0,2.0,11.0,1.0,0.23999999999999999,0.2273,0.52000000000000002,0.22390000000000002,4.0,0.0,3.0,1.0,99.0
1.0,2.0,12.0,1.0,0.26000000000000001,0.2273,0.47999999999999998,0.32840000000000003,4.0,0.0,3.0,1.0,158.0
1.0,2.0,13.0,1.0,0.30000000000000004,0.2727,0.41999999999999998,0.32840000000000003,4.0,0.0,3.0,1.0,154.0
1.0,2.0,14.0,1.0,0.32000000000000001,0.30299999999999999,0.39000000000000001,0.29850000000000004,4.0,0.0,3.0,1.0,144.0
1.0,2.0,15.0,1.0,0.32000000000000001,0.30299999999999999,0.35999999999999999,0.29850000000000004,4.0,0.0,3.0,1.0,134.0
1.0,2.0,16.0,1.0,0.33999999999999997,0.33329999999999999,0.35999999999999999,0.0,4.0,0.0,3.0,1.0,238.0
1.0,2.0,17.0,1.0,0.33999999999999997,0.33329999999999999,0.34000000000000002,0.1343,4.0,0.0,3.0,1.0,399.0
1.0,2.0,18.0,1.0,0.33999999999999997,0.33329999999999999,0.31,0.16420000000000001,4.0,0.0,3.0,1.0,417.0
1.0,2.0,19.0,1.0,0.32000000000000001,0.33329999999999999,0.33000000000000002,0.1045,4.0,0.0,3.0,1.0,295.0
1.0,2.0,20.0,1.0,0.32000000000000001,0.34850000000000003,0.35999999999999999,0.0,4.0,0.0,3.0,1.0,199.0
1.0,2.0,21.0,1.0,0.30000000000000004,0.31819999999999998,0.52000000000000002,0.089599999999999999,4.0,0.0,3.0,1.0,177.0
1.0,2.0,22.0,2.0,0.30000000000000004,0.33329999999999999,0.56000000000000005,0.0,4.0,0.0,3.0,1.0,107.0
1.0,2.0,23.0,2.0,0.30000000000000004,0.33329999999999999,0.52000000000000002,0.0,4.0,0.0,3.0,1.0,84.0
1.0,2.0,0.0,2.0,0.28000000000000003,0.30299999999999999,0.65000000000000002,0.089599999999999999,4.0,0.0,4.0,1.0,43.0
1.0,2.0,1.0,2.0,0.28000000000000003,0.30299999999999999,0.60999999999999999,0.089599999999999999,4.0,0.0,4.0,1.0,13.0
1.0,2.0,2.0,1.0,0.26000000000000001,0.28789999999999999,0.52000000000000002,0.089599999999999999,4.0,0.0,4.0,1.0,16.0
1.0,2.0,3.0,1.0,0.26000000000000001,0.28789999999999999,0.56000000000000005,0.089599999999999999,4.0,0.0,4.0,1.0,5.0
1.0,2.0,4.0,1.0,0.26000000000000001,0.28789999999999999,0.56000000000000005,0.089599999999999999,4.0,0.0,4.0,1.0,2.0
1.0,2.0,5.0,1.0,0.23999999999999999,0.2273,0.52000000000000002,0.22390000000000002,4.0,0.0,4.0,1.0,17.0
1.0,2.0,6.0,1.0,0.19999999999999998,0.19699999999999998,0.58999999999999997,0.19399999999999998,4.0,0.0,4.0,1.0,64.0
1.0,2.0,7.0,1.0,0.19999999999999998,0.21210000000000001,0.58999999999999997,0.16420000000000001,4.0,0.0,4.0,1.0,230.0
1.0,2.0,8.0,1.0,0.19999999999999998,0.21210000000000001,0.58999999999999997,0.16420000000000001,4.0,0.0,4.0,1.0,448.0
1.0,2.0,9.0,1.0,0.22,0.2273,0.55000000000000004,0.16420000000000001,4.0,0.0,4.0,1.0,275.0
1.0,2.0,10.0,2.0,0.26000000000000001,0.2727,0.47999999999999998,0.1343,4.0,0.0,4.0,1.0,124.0
1.0,2.0,11.0,2.0,0.28000000000000003,0.28789999999999999,0.45000000000000001,0.1045,4.0,0.0,4.0,1.0,153.0
1.0,2.0,12.0,2.0,0.30000000000000004,0.30299999999999999,0.41999999999999998,0.1343,4.0,0.0,4.0,1.0,176.0
1.0,2.0,13.0,2.0,0.30000000000000004,0.31819999999999998,0.41999999999999998,0.089599999999999999,4.0,0.0,4.0,1.0,192.0
1.0,2.0,14.0,2.0,0.32000000000000001,0.33329999999999999,0.39000000000000001,0.089599999999999999,4.0,0.0,4.0,1.0,146.0
1.0,2.0,15.0,2.0,0.32000000000000001,0.33329999999999999,0.45000000000000001,0.1343,4.0,0.0,4.0,1.0,191.0
1.0,2.0,16.0,2.0,0.33999999999999997,0.31819999999999998,0.41999999999999998,0.25370000000000004,4.0,0.0,4.0,1.0,268.0
1.0,2.0,17.0,2.0,0.33999999999999997,0.33329999999999999,0.41999999999999998,0.19399999999999998,4.0,0.0,4.0,1.0,396.0
1.0,2.0,18.0,3.0,0.30000000000000004,0.30299999999999999,0.60999999999999999,0.1343,4.0,0.0,4.0,1.0,359.0
1.0,2.0,19.0,2.0,0.32000000000000001,0.34850000000000003,0.56999999999999995,0.0,4.0,0.0,4.0,1.0,262.0
1.0,2.0,20.0,2.0,0.32000000000000001,0.34850000000000003,0.56999999999999995,0.0,4.0,0.0,4.0,1.0,151.0
1.0,2.0,21.0,2.0,0.32000000000000001,0.33329999999999999,0.66000000000000003,0.089599999999999999,4.0,0.0,4.0,1.0,122.0
1.0,2.0,22.0,2.0,0.32000000000000001,0.34850000000000003,0.66000000000000003,0.0,4.0,0.0,4.0,1.0,113.0
1.0,2.0,23.0,2.0,0.30000000000000004,0.31819999999999998,0.69999999999999996,0.089599999999999999,4.0,0.0,4.0,1.0,65.0
1.0,2.0,0.0,2.0,0.30000000000000004,0.30299999999999999,0.69999999999999996,0.1343,4.0,0.0,5.0,1.0,53.0
1.0,2.0,1.0,3.0,0.28000000000000003,0.28789999999999999,0.81000000000000005,0.1343,4.0,0.0,5.0,1.0,45.0
1.0,2.0,2.0,3.0,0.26000000000000001,0.2576,0.81000000000000005,0.19399999999999998,4.0,0.0,5.0,1.0,26.0
1.0,2.0,3.0,3.0,0.23999999999999999,0.2273,0.87,0.22390000000000002,4.0,0.0,5.0,1.0,9.0
1.0,2.0,4.0,3.0,0.23999999999999999,0.2273,0.87,0.22390000000000002,4.0,0.0,5.0,1.0,4.0
1.0,2.0,5.0,3.0,0.22,0.2273,0.93000000000000005,0.16420000000000001,4.0,0.0,5.0,1.0,2.0
1.0,2.0,6.0,3.0,0.22,0.2273,0.93000000000000005,0.1343,4.0,0.0,5.0,1.0,9.0
1.0,2.0,7.0,3.0,0.22,0.2273,0.93000000000000005,0.1343,4.0,0.0,5.0,1.0,19.0
1.0,2.0,8.0,3.0,0.22,0.2273,0.93000000000000005,0.1343,4.0,0.0,5.0,1.0,78.0
1.0,2.0,9.0,3.0,0.22,0.24239999999999998,0.93000000000000005,0.1045,4.0,0.0,5.0,1.0,90.0
1.0,2.0,10.0,3.0,0.22,0.24239999999999998,0.93000000000000005,0.1045,4.0,0.0,5.0,1.0,166.0
1.0,2.0,11.0,2.0,0.23999999999999999,0.2576,0.81000000000000005,0.1045,4.0,0.0,5.0,1.0,183.0
1.0,2.0,12.0,2.0,0.26000000000000001,0.2576,0.81000000000000005,0.16420000000000001,4.0,0.0,5.0,1.0,221.0
1.0,2.0,13.0,2.0,0.26000000000000001,0.24239999999999998,0.81000000000000005,0.28360000000000002,4.0,0.0,5.0,1.0,235.0
1.0,2.0,14.0,2.0,0.26000000000000001,0.24239999999999998,0.81000000000000005,0.25370000000000004,4.0,0.0,5.0,1.0,243.0
1.0,2.0,15.0,2.0,0.30000000000000004,0.2727,0.60999999999999999,0.29850000000000004,4.0,0.0,5.0,1.0,124.0
1.0,2.0,16.0,3.0,0.22,0.19699999999999998,0.75,0.41790000000000005,4.0,0.0,5.0,1.0,146.0
1.0,2.0,17.0,3.0,0.22,0.18179999999999999,0.68999999999999995,0.4627,4.0,0.0,5.0,1.0,144.0
1.0,2.0,18.0,2.0,0.22,0.18179999999999999,0.46999999999999997,0.65669999999999995,4.0,0.0,5.0,1.0,108.0
1.0,2.0,19.0,2.0,0.19999999999999998,0.1515,0.40000000000000002,0.55220000000000002,4.0,0.0,5.0,1.0,87.0
1.0,2.0,20.0,2.0,0.16,0.12119999999999999,0.42999999999999999,0.55220000000000002,4.0,0.0,5.0,1.0,63.0
1.0,2.0,21.0,1.0,0.14000000000000001,0.075800000000000006,0.42999999999999999,0.64179999999999993,4.0,0.0,5.0,1.0,48.0
1.0,2.0,22.0,2.0,0.14000000000000001,0.1061,0.39000000000000001,0.3881,4.0,0.0,5.0,1.0,46.0
1.0,2.0,23.0,3.0,0.12,0.075800000000000006,0.5,0.49250000000000005,4.0,0.0,5.0,1.0,20.0
1.0,2.0,0.0,3.0,0.099999999999999992,0.075800000000000006,0.68000000000000005,0.3881,4.0,0.0,6.0,0.0,21.0
1.0,2.0,1.0,3.0,0.080000000000000002,0.045499999999999999,0.79000000000000004,0.4627,4.0,0.0,6.0,0.0,24.0
1.0,2.0,2.0,2.0,0.099999999999999992,0.060599999999999994,0.57999999999999996,0.58210000000000006,4.0,0.0,6.0,0.0,27.0
1.0,2.0,3.0,2.0,0.099999999999999992,0.045499999999999999,0.46000000000000002,0.68659999999999999,4.0,0.0,6.0,0.0,14.0
1.0,2.0,4.0,2.0,0.099999999999999992,0.045499999999999999,0.46000000000000002,0.71640000000000004,4.0,0.0,6.0,0.0,1.0
1.0,2.0,5.0,1.0,0.099999999999999992,0.075800000000000006,0.48999999999999999,0.3881,4.0,0.0,6.0,0.0,3.0
1.0,2.0,6.0,1.0,0.099999999999999992,0.075800000000000006,0.48999999999999999,0.3881,4.0,0.0,6.0,0.0,2.0
1.0,2.0,7.0,1.0,0.080000000000000002,0.090899999999999995,0.53000000000000003,0.19399999999999998,4.0,0.0,6.0,0.0,18.0
1.0,2.0,8.0,1.0,0.080000000000000002,0.075800000000000006,0.53000000000000003,0.25370000000000004,4.0,0.0,6.0,0.0,26.0
1.0,2.0,9.0,1.0,0.099999999999999992,0.090899999999999995,0.48999999999999999,0.29850000000000004,4.0,0.0,6.0,0.0,63.0
1.0,2.0,10.0,1.0,0.12,0.1061,0.41999999999999998,0.35820000000000002,4.0,0.0,6.0,0.0,91.0
1.0,2.0,11.0,1.0,0.12,0.1061,0.41999999999999998,0.29850000000000004,4.0,0.0,6.0,0.0,124.0
1.0,2.0,12.0,1.0,0.14000000000000001,0.075800000000000006,0.39000000000000001,0.64179999999999993,4.0,0.0,6.0,0.0,140.0
1.0,2.0,13.0,1.0,0.16,0.12119999999999999,0.40000000000000002,0.44780000000000003,4.0,0.0,6.0,0.0,138.0
1.0,2.0,14.0,1.0,0.16,0.12119999999999999,0.40000000000000002,0.52239999999999998,4.0,0.0,6.0,0.0,111.0
1.0,2.0,15.0,1.0,0.16,0.12119999999999999,0.40000000000000002,0.55220000000000002,4.0,0.0,6.0,0.0,155.0
1.0,2.0,16.0,1.0,0.19999999999999998,0.16670000000000001,0.34000000000000002,0.4627,4.0,0.0,6.0,0.0,164.0
1.0,2.0,17.0,1.0,0.17999999999999999,0.1515,0.37,0.41790000000000005,4.0,0.0,6.0,0.0,87.0
1.0,2.0,18.0,1.0,0.16,0.12119999999999999,0.40000000000000002,0.4627,4.0,0.0,6.0,0.0,96.0
1.0,2.0,19.0,1.0,0.16,0.13639999999999999,0.40000000000000002,0.28360000000000002,4.0,0.0,6.0,0.0,80.0
1.0,2.0,20.0,1.0,0.14000000000000001,0.12119999999999999,0.41999999999999998,0.32840000000000003,4.0,0.0,6.0,0.0,57.0
1.0,2.0,21.0,1.0,0.14000000000000001,0.12119999999999999,0.42999999999999999,0.29850000000000004,4.0,0.0,6.0,0.0,36.0
1.0,2.0,22.0,1.0,0.14000000000000001,0.1515,0.42999999999999999,0.16420000000000001,4.0,0.0,6.0,0.0,28.0
1.0,2.0,23.0,1.0,0.14000000000000001,0.13639999999999999,0.42999999999999999,0.22390000000000002,4.0,0.0,6.0,0.0,23.0
1.0,2.0,0.0,1.0,0.14000000000000001,0.13639999999999999,0.46000000000000002,0.22390000000000002,4.0,0.0,7.0,0.0,9.0
1.0,2.0,1.0,1.0,0.12,0.12119999999999999,0.5,0.22390000000000002,4.0,0.0,7.0,0.0,6.0
1.0,2.0,2.0,1.0,0.14000000000000001,0.13639999999999999,0.46000000000000002,0.19399999999999998,4.0,0.0,7.0,0.0,4.0
1.0,2.0,3.0,1.0,0.12,0.1515,0.54000000000000004,0.1045,4.0,0.0,7.0,0.0,1.0
1.0,2.0,4.0,1.0,0.12,0.16670000000000001,0.54000000000000004,0.089599999999999999,4.0,0.0,7.0,0.0,2.0
1.0,2.0,5.0,1.0,0.099999999999999992,0.12119999999999999,0.57999999999999996,0.1343,4.0,0.0,7.0,0.0,17.0
1.0,2.0,6.0,1.0,0.099999999999999992,0.1061,0.54000000000000004,0.22390000000000002,4.0,0.0,7.0,0.0,72.0
1.0,2.0,7.0,1.0,0.099999999999999992,0.1061,0.54000000000000004,0.19399999999999998,4.0,0.0,7.0,0.0,195.0
1.0,2.0,8.0,1.0,0.099999999999999992,0.12119999999999999,0.54000000000000004,0.1343,4.0,0.0,7.0,0.0,417.0
1.0,2.0,9.0,1.0,0.12,0.13639999999999999,0.5,0.19399999999999998,4.0,0.0,7.0,0.0,205.0
1.0,2.0,10.0,1.0,0.14000000000000001,0.1515,0.5,0.1343,4.0,0.0,7.0,0.0,71.0
1.0,2.0,11.0,1.0,0.22,0.2273,0.37,0.19399999999999998,4.0,0.0,7.0,0.0,90.0
1.0,2.0,12.0,1.0,0.28000000000000003,0.2576,0.28000000000000003,0.32840000000000003,4.0,0.0,7.0,0.0,118.0
1.0,2.0,13.0,1.0,0.32000000000000001,0.30299999999999999,0.22,0.22390000000000002,4.0,0.0,7.0,0.0,140.0
1.0,2.0,14.0,1.0,0.33999999999999997,0.34850000000000003,0.23000000000000001,0.1045,4.0,0.0,7.0,0.0,135.0
1.0,2.0,15.0,1.0,0.35999999999999999,0.34850000000000003,0.27000000000000002,0.1343,4.0,0.0,7.0,0.0,155.0
1.0,2.0,16.0,1.0,0.35999999999999999,0.34850000000000003,0.23000000000000001,0.19399999999999998,4.0,0.0,7.0,0.0,211.0
1.0,2.0,17.0,1.0,0.35999999999999999,0.34850000000000003,0.23000000000000001,0.19399999999999998,4.0,0.0,7.0,0.0,407.0
1.0,2.0,18.0,1.0,0.33999999999999997,0.31819999999999998,0.25,0.25370000000000004,4.0,0.0,7.0,0.0,405.0
1.0,2.0,19.0,1.0,0.33999999999999997,0.33329999999999999,0.25,0.1343,4.0,0.0,7.0,0.0,263.0
1.0,2.0,20.0,1.0,0.30000000000000004,0.30299999999999999,0.41999999999999998,0.16420000000000001,4.0,0.0,7.0,0.0,214.0
1.0,2.0,21.0,1.0,0.28000000000000003,0.28789999999999999,0.45000000000000001,0.1343,4.0,0.0,7.0,0.0,147.0
1.0,2.0,22.0,1.0,0.26000000000000001,0.2727,0.56000000000000005,0.1045,4.0,0.0,7.0,0.0,102.0
1.0,2.0,23.0,1.0,0.28000000000000003,0.31819999999999998,0.40999999999999998,0.0,4.0,0.0,7.0,0.0,36.0
1.0,2.0,0.0,2.0,0.26000000000000001,0.30299999999999999,0.59999999999999998,0.0,4.0,0.0,1.0,1.0,14.0
1.0,2.0,1.0,2.0,0.26000000000000001,0.30299999999999999,0.56000000000000005,0.0,4.0,0.0,1.0,1.0,6.0
1.0,2.0,2.0,2.0,0.28000000000000003,0.31819999999999998,0.40999999999999998,0.0,4.0,0.0,1.0,1.0,3.0
1.0,2.0,3.0,2.0,0.26000000000000001,0.30299999999999999,0.52000000000000002,0.0,4.0,0.0,1.0,1.0,3.0
1.0,2.0,4.0,2.0,0.26000000000000001,0.2727,0.65000000000000002,0.1045,4.0,0.0,1.0,1.0,2.0
1.0,2.0,5.0,2.0,0.26000000000000001,0.2727,0.65000000000000002,0.1045,4.0,0.0,1.0,1.0,22.0
1.0,2.0,6.0,2.0,0.26000000000000001,0.30299999999999999,0.56000000000000005,0.0,4.0,0.0,1.0,1.0,90.0
1.0,2.0,7.0,2.0,0.23999999999999999,0.2576,0.59999999999999998,0.089599999999999999,4.0,0.0,1.0,1.0,280.0
1.0,2.0,8.0,2.0,0.23999999999999999,0.28789999999999999,0.69999999999999996,0.0,4.0,0.0,1.0,1.0,513.0
1.0,2.0,9.0,2.0,0.26000000000000001,0.28789999999999999,0.56000000000000005,0.089599999999999999,4.0,0.0,1.0,1.0,262.0
1.0,2.0,10.0,2.0,0.26000000000000001,0.2727,0.59999999999999998,0.1343,4.0,0.0,1.0,1.0,98.0
1.0,2.0,11.0,2.0,0.30000000000000004,0.30299999999999999,0.45000000000000001,0.16420000000000001,4.0,0.0,1.0,1.0,112.0
1.0,2.0,12.0,2.0,0.30000000000000004,0.28789999999999999,0.52000000000000002,0.22390000000000002,4.0,0.0,1.0,1.0,172.0
1.0,2.0,13.0,2.0,0.35999999999999999,0.33329999999999999,0.40000000000000002,0.25370000000000004,4.0,0.0,1.0,1.0,173.0
1.0,2.0,14.0,1.0,0.39999999999999997,0.40909999999999996,0.40000000000000002,0.22390000000000002,4.0,0.0,1.0,1.0,124.0
1.0,2.0,15.0,2.0,0.41999999999999998,0.42420000000000002,0.38,0.44780000000000003,4.0,0.0,1.0,1.0,145.0
1.0,2.0,16.0,1.0,0.41999999999999998,0.42420000000000002,0.34999999999999998,0.29850000000000004,4.0,0.0,1.0,1.0,266.0
1.0,2.0,17.0,1.0,0.41999999999999998,0.42420000000000002,0.38,0.35820000000000002,4.0,0.0,1.0,1.0,523.0
1.0,2.0,18.0,2.0,0.38,0.39390000000000003,0.46000000000000002,0.29850000000000004,4.0,0.0,1.0,1.0,406.0
1.0,2.0,19.0,2.0,0.35999999999999999,0.34850000000000003,0.5,0.16420000000000001,4.0,0.0,1.0,1.0,281.0
1.0,2.0,20.0,2.0,0.38,0.39390000000000003,0.46000000000000002,0.1343,4.0,0.0,1.0,1.0,184.0
1.0,2.0,21.0,2.0,0.35999999999999999,0.36359999999999998,0.5,0.1045,4.0,0.0,1.0,1.0,109.0
1.0,2.0,22.0,2.0,0.35999999999999999,0.36359999999999998,0.5,0.1045,4.0,0.0,1.0,1.0,77.0
1.0,2.0,23.0,2.0,0.35999999999999999,0.36359999999999998,0.5,0.089599999999999999,4.0,0.0,1.0,1.0,57.0
1.0,2.0,0.0,1.0,0.32000000000000001,0.34850000000000003,0.56999999999999995,0.0,4.0,0.0,2.0,1.0,22.0
1.0,2.0,1.0,1.0,0.33999999999999997,0.36359999999999998,0.53000000000000003,0.0,4.0,0.0,2.0,1.0,5.0
1.0,2.0,2.0,1.0,0.30000000000000004,0.33329999999999999,0.60999999999999999,0.0,4.0,0.0,2.0,1.0,4.0
1.0,2.0,3.0,1.0,0.28000000000000003,0.31819999999999998,0.75,0.0,4.0,0.0,2.0,1.0,3.0
1.0,2.0,4.0,1.0,0.28000000000000003,0.28789999999999999,0.69999999999999996,0.1045,4.0,0.0,2.0,1.0,1.0
1.0,2.0,5.0,1.0,0.28000000000000003,0.28789999999999999,0.69999999999999996,0.1045,4.0,0.0,2.0,1.0,25.0
1.0,2.0,6.0,1.0,0.30000000000000004,0.30299999999999999,0.60999999999999999,0.1343,4.0,0.0,2.0,1.0,95.0
1.0,2.0,7.0,2.0,0.30000000000000004,0.28789999999999999,0.65000000000000002,0.19399999999999998,4.0,0.0,2.0,1.0,321.0
1.0,2.0,8.0,1.0,0.32000000000000001,0.28789999999999999,0.60999999999999999,0.35820000000000002,4.0,0.0,2.0,1.0,515.0
1.0,2.0,9.0,1.0,0.32000000000000001,0.30299999999999999,0.60999999999999999,0.32840000000000003,4.0,0.0,2.0,1.0,231.0
1.0,2.0,10.0,1.0,0.33999999999999997,0.30299999999999999,0.56999999999999995,0.29850000000000004,4.0,0.0,2.0,1.0,120.0
1.0,2.0,11.0,1.0,0.35999999999999999,0.33329999999999999,0.53000000000000003,0.28360000000000002,4.0,0.0,2.0,1.0,138.0
1.0,2.0,12.0,1.0,0.38,0.39390000000000003,0.46000000000000002,0.3881,4.0,0.0,2.0,1.0,163.0
1.0,2.0,13.0,1.0,0.39999999999999997,0.40909999999999996,0.42999999999999999,0.28360000000000002,4.0,0.0,2.0,1.0,170.0
1.0,2.0,14.0,1.0,0.41999999999999998,0.42420000000000002,0.40999999999999998,0.35820000000000002,4.0,0.0,2.0,1.0,134.0
1.0,2.0,15.0,1.0,0.41999999999999998,0.42420000000000002,0.40999999999999998,0.22390000000000002,4.0,0.0,2.0,1.0,171.0
1.0,2.0,16.0,1.0,0.41999999999999998,0.42420000000000002,0.38,0.19399999999999998,4.0,0.0,2.0,1.0,231.0
1.0,2.0,17.0,1.0,0.41999999999999998,0.42420000000000002,0.38,0.19399999999999998,4.0,0.0,2.0,1.0,487.0
1.0,2.0,18.0,1.0,0.39999999999999997,0.40909999999999996,0.40000000000000002,0.22390000000000002,4.0,0.0,2.0,1.0,468.0
1.0,2.0,19.0,1.0,0.38,0.39390000000000003,0.42999999999999999,0.16420000000000001,4.0,0.0,2.0,1.0,311.0
1.0,2.0,20.0,1.0,0.35999999999999999,0.34850000000000003,0.46000000000000002,0.16420000000000001,4.0,0.0,2.0,1.0,211.0
1.0,2.0,21.0,1.0,0.33999999999999997,0.33329999999999999,0.53000000000000003,0.16420000000000001,4.0,0.0,2.0,1.0,178.0
1.0,2.0,22.0,1.0,0.33999999999999997,0.34850000000000003,0.48999999999999999,0.1045,4.0,0.0,2.0,1.0,107.0
1.0,2.0,23.0,1.0,0.33999999999999997,0.34850000000000003,0.53000000000000003,0.089599999999999999,4.0,0.0,2.0,1.0,58.0
1.0,2.0,0.0,2.0,0.30000000000000004,0.30299999999999999,0.69999999999999996,0.1343,4.0,0.0,3.0,1.0,23.0
1.0,2.0,1.0,2.0,0.30000000000000004,0.33329999999999999,0.69999999999999996,0.0,4.0,0.0,3.0,1.0,5.0
1.0,2.0,2.0,2.0,0.30000000000000004,0.31819999999999998,0.69999999999999996,0.089599999999999999,4.0,0.0,3.0,1.0,7.0
1.0,2.0,3.0,2.0,0.30000000000000004,0.33329999999999999,0.60999999999999999,0.0,4.0,0.0,3.0,1.0,1.0
1.0,2.0,4.0,3.0,0.30000000000000004,0.31819999999999998,0.69999999999999996,0.089599999999999999,4.0,0.0,3.0,1.0,3.0
1.0,2.0,5.0,2.0,0.30000000000000004,0.33329999999999999,0.69999999999999996,0.0,4.0,0.0,3.0,1.0,20.0
1.0,2.0,6.0,2.0,0.30000000000000004,0.31819999999999998,0.69999999999999996,0.089599999999999999,4.0,0.0,3.0,1.0,87.0
1.0,2.0,7.0,2.0,0.30000000000000004,0.30299999999999999,0.69999999999999996,0.1343,4.0,0.0,3.0,1.0,288.0
1.0,2.0,8.0,2.0,0.30000000000000004,0.31819999999999998,0.69999999999999996,0.089599999999999999,4.0,0.0,3.0,1.0,498.0
1.0,2.0,9.0,2.0,0.30000000000000004,0.30299999999999999,0.69999999999999996,0.16420000000000001,4.0,0.0,3.0,1.0,202.0
1.0,2.0,10.0,3.0,0.32000000000000001,0.33329999999999999,0.69999999999999996,0.1343,4.0,0.0,3.0,1.0,44.0
1.0,2.0,11.0,3.0,0.32000000000000001,0.33329999999999999,0.69999999999999996,0.1045,4.0,0.0,3.0,1.0,71.0
1.0,2.0,12.0,3.0,0.32000000000000001,0.33329999999999999,0.76000000000000001,0.089599999999999999,4.0,0.0,3.0,1.0,45.0
1.0,2.0,13.0,3.0,0.33999999999999997,0.31819999999999998,0.70999999999999996,0.25370000000000004,4.0,0.0,3.0,1.0,64.0
1.0,2.0,14.0,3.0,0.32000000000000001,0.31819999999999998,0.81000000000000005,0.19399999999999998,4.0,0.0,3.0,1.0,31.0
1.0,2.0,15.0,3.0,0.33999999999999997,0.36359999999999998,0.76000000000000001,0.0,4.0,0.0,3.0,1.0,53.0
1.0,2.0,16.0,3.0,0.33999999999999997,0.36359999999999998,0.81000000000000005,0.0,4.0,0.0,3.0,1.0,118.0
1.0,2.0,17.0,3.0,0.33999999999999997,0.36359999999999998,0.87,0.0,4.0,0.0,3.0,1.0,289.0
1.0,2.0,18.0,3.0,0.33999999999999997,0.33329999999999999,0.87,0.1343,4.0,0.0,3.0,1.0,353.0
1.0,2.0,19.0,2.0,0.32000000000000001,0.31819999999999998,0.87,0.16420000000000001,4.0,0.0,3.0,1.0,258.0
1.0,2.0,20.0,2.0,0.32000000000000001,0.33329999999999999,0.87,0.1343,4.0,0.0,3.0,1.0,216.0
1.0,2.0,21.0,2.0,0.33999999999999997,0.34850000000000003,0.81000000000000005,0.1045,4.0,0.0,3.0,1.0,145.0
1.0,2.0,22.0,2.0,0.32000000000000001,0.34850000000000003,0.81000000000000005,0.0,4.0,0.0,3.0,1.0,111.0
1.0,2.0,23.0,1.0,0.32000000000000001,0.33329999999999999,0.81000000000000005,0.089599999999999999,4.0,0.0,3.0,1.0,73.0
1.0,2.0,0.0,2.0,0.315455861070911,0.33329999999999999,0.87,0.0,4.0,0.0,4.0,1.0,34.0
1.0,2.0,1.0,2.0,0.30000000000000004,0.33329999999999999,0.93000000000000005,0.0,4.0,0.0,4.0,1.0,18.0
1.0,2.0,2.0,2.0,0.30000000000000004,0.31819999999999998,0.93000000000000005,0.1045,4.0,0.0,4.0,1.0,12.0
1.0,2.0,3.0,2.0,0.28000000000000003,0.28789999999999999,0.93000000000000005,0.1045,4.0,0.0,4.0,1.0,1.0
1.0,2.0,4.0,2.0,0.28000000000000003,0.2727,0.93000000000000005,0.19399999999999998,4.0,0.0,4.0,1.0,1.0
1.0,2.0,5.0,2.0,0.28000000000000003,0.2727,0.93000000000000005,0.16420000000000001,4.0,0.0,4.0,1.0,16.0
1.0,2.0,6.0,2.0,0.28000000000000003,0.28789999999999999,0.95999999999999996,0.1343,4.0,0.0,4.0,1.0,71.0
1.0,2.0,7.0,2.0,0.28000000000000003,0.28789999999999999,0.93000000000000005,0.1045,4.0,0.0,4.0,1.0,226.0
1.0,2.0,8.0,2.0,0.26000000000000001,0.30299999999999999,1.0,0.0,4.0,0.0,4.0,1.0,520.0
1.0,2.0,9.0,2.0,0.26000000000000001,0.30299999999999999,1.0,0.0,4.0,0.0,4.0,1.0,283.0
1.0,2.0,10.0,1.0,0.33999999999999997,0.31819999999999998,0.70999999999999996,0.28360000000000002,4.0,0.0,4.0,1.0,116.0
1.0,2.0,11.0,1.0,0.35999999999999999,0.33329999999999999,0.62,0.41790000000000005,4.0,0.0,4.0,1.0,142.0
1.0,2.0,12.0,1.0,0.38,0.39390000000000003,0.46000000000000002,0.3881,4.0,0.0,4.0,1.0,198.0
1.0,2.0,13.0,1.0,0.39999999999999997,0.40909999999999996,0.42999999999999999,0.35820000000000002,4.0,0.0,4.0,1.0,205.0
1.0,2.0,14.0,1.0,0.39999999999999997,0.40909999999999996,0.37,0.35820000000000002,4.0,0.0,4.0,1.0,170.0
1.0,2.0,15.0,1.0,0.41999999999999998,0.42420000000000002,0.34999999999999998,0.41790000000000005,4.0,0.0,4.0,1.0,221.0
1.0,2.0,16.0,1.0,0.41999999999999998,0.42420000000000002,0.32000000000000001,0.29850000000000004,4.0,0.0,4.0,1.0,307.0
1.0,2.0,17.0,1.0,0.41999999999999998,0.42420000000000002,0.32000000000000001,0.32840000000000003,4.0,0.0,4.0,1.0,465.0
1.0,2.0,18.0,1.0,0.39999999999999997,0.40909999999999996,0.34999999999999998,0.25370000000000004,4.0,0.0,4.0,1.0,377.0
1.0,2.0,19.0,1.0,0.38,0.39390000000000003,0.37,0.22390000000000002,4.0,0.0,4.0,1.0,282.0
1.0,2.0,20.0,1.0,0.39999999999999997,0.40909999999999996,0.34999999999999998,0.19399999999999998,4.0,0.0,4.0,1.0,171.0
1.0,2.0,21.0,1.0,0.38,0.39390000000000003,0.37,0.19399999999999998,4.0,0.0,4.0,1.0,129.0
1.0,2.0,22.0,1.0,0.35999999999999999,0.34850000000000003,0.40000000000000002,0.22390000000000002,4.0,0.0,4.0,1.0,107.0
1.0,2.0,23.0,1.0,0.35999999999999999,0.34850000000000003,0.40000000000000002,0.19399999999999998,4.0,0.0,4.0,1.0,82.0
1.0,2.0,0.0,1.0,0.33999999999999997,0.33329999999999999,0.41999999999999998,0.16420000000000001,4.0,0.0,5.0,1.0,86.0
1.0,2.0,1.0,1.0,0.32000000000000001,0.31819999999999998,0.48999999999999999,0.16420000000000001,4.0,0.0,5.0,1.0,45.0
1.0,2.0,2.0,1.0,0.30000000000000004,0.28789999999999999,0.60999999999999999,0.25370000000000004,4.0,0.0,5.0,1.0,45.0
1.0,2.0,3.0,1.0,0.28000000000000003,0.28789999999999999,0.65000000000000002,0.1045,4.0,0.0,5.0,1.0,18.0
1.0,2.0,4.0,1.0,0.26000000000000001,0.30299999999999999,0.69999999999999996,0.0,4.0,0.0,5.0,1.0,7.0
1.0,2.0,5.0,1.0,0.23999999999999999,0.2576,0.69999999999999996,0.089599999999999999,4.0,0.0,5.0,1.0,1.0
1.0,2.0,6.0,1.0,0.23999999999999999,0.28789999999999999,0.69999999999999996,0.0,4.0,0.0,5.0,1.0,9.0
1.0,2.0,7.0,1.0,0.23999999999999999,0.28789999999999999,0.69999999999999996,0.0,4.0,0.0,5.0,1.0,41.0
1.0,2.0,8.0,1.0,0.22,0.2727,0.87,0.0,4.0,0.0,5.0,1.0,102.0
1.0,2.0,9.0,1.0,0.22,0.24239999999999998,0.80000000000000004,0.1045,4.0,0.0,5.0,1.0,138.0
1.0,2.0,10.0,1.0,0.26000000000000001,0.2727,0.81000000000000005,0.1045,4.0,0.0,5.0,1.0,205.0
1.0,2.0,11.0,1.0,0.32000000000000001,0.33329999999999999,0.56999999999999995,0.1343,4.0,0.0,5.0,1.0,286.0
1.0,2.0,12.0,1.0,0.35999999999999999,0.34850000000000003,0.42999999999999999,0.19399999999999998,4.0,0.0,5.0,1.0,369.0
1.0,2.0,13.0,1.0,0.39999999999999997,0.40909999999999996,0.42999999999999999,0.28360000000000002,4.0,0.0,5.0,1.0,384.0
1.0,2.0,14.0,1.0,0.44,0.43939999999999996,0.34999999999999998,0.35820000000000002,4.0,0.0,5.0,1.0,427.0
1.0,2.0,15.0,1.0,0.41999999999999998,0.42420000000000002,0.40999999999999998,0.25370000000000004,4.0,0.0,5.0,1.0,499.0
1.0,2.0,16.0,1.0,0.44,0.43939999999999996,0.44,0.32840000000000003,4.0,0.0,5.0,1.0,404.0
1.0,2.0,17.0,1.0,0.47999999999999998,0.46970000000000001,0.35999999999999999,0.28360000000000002,4.0,0.0,5.0,1.0,364.0
1.0,2.0,18.0,1.0,0.45999999999999996,0.45450000000000002,0.38,0.29850000000000004,4.0,0.0,5.0,1.0,246.0
1.0,2.0,19.0,1.0,0.44,0.43939999999999996,0.44,0.16420000000000001,4.0,0.0,5.0,1.0,188.0
1.0,2.0,20.0,1.0,0.44,0.43939999999999996,0.44,0.16420000000000001,4.0,0.0,5.0,1.0,148.0
1.0,2.0,21.0,1.0,0.44,0.43939999999999996,0.33000000000000002,0.29850000000000004,4.0,0.0,5.0,1.0,114.0
1.0,2.0,22.0,1.0,0.39999999999999997,0.40909999999999996,0.40000000000000002,0.44780000000000003,4.0,0.0,5.0,1.0,118.0
1.0,2.0,23.0,2.0,0.35999999999999999,0.33329999999999999,0.40000000000000002,0.3881,4.0,0.0,5.0,1.0,74.0
1.0,2.0,0.0,2.0,0.33999999999999997,0.30299999999999999,0.39000000000000001,0.35820000000000002,4.0,0.0,6.0,0.0,74.0
1.0,2.0,1.0,2.0,0.32000000000000001,0.30299999999999999,0.39000000000000001,0.25370000000000004,4.0,0.0,6.0,0.0,72.0
1.0,2.0,2.0,2.0,0.30000000000000004,0.28789999999999999,0.35999999999999999,0.28360000000000002,4.0,0.0,6.0,0.0,48.0
1.0,2.0,3.0,2.0,0.30000000000000004,0.28789999999999999,0.35999999999999999,0.22390000000000002,4.0,0.0,6.0,0.0,15.0
1.0,2.0,4.0,2.0,0.28000000000000003,0.2576,0.40999999999999998,0.3881,4.0,0.0,6.0,0.0,3.0
1.0,2.0,5.0,2.0,0.26000000000000001,0.2273,0.47999999999999998,0.29850000000000004,4.0,0.0,6.0,0.0,2.0
1.0,2.0,6.0,1.0,0.23999999999999999,0.21210000000000001,0.52000000000000002,0.32840000000000003,4.0,0.0,6.0,0.0,5.0
1.0,2.0,7.0,2.0,0.23999999999999999,0.21210000000000001,0.52000000000000002,0.28360000000000002,4.0,0.0,6.0,0.0,14.0
1.0,2.0,8.0,2.0,0.23999999999999999,0.2273,0.56000000000000005,0.19399999999999998,4.0,0.0,6.0,0.0,56.0
1.0,2.0,9.0,2.0,0.23999999999999999,0.2273,0.56000000000000005,0.25370000000000004,4.0,0.0,6.0,0.0,93.0
1.0,2.0,10.0,2.0,0.26000000000000001,0.24239999999999998,0.52000000000000002,0.25370000000000004,4.0,0.0,6.0,0.0,191.0
1.0,2.0,11.0,2.0,0.26000000000000001,0.2273,0.56000000000000005,0.32840000000000003,4.0,0.0,6.0,0.0,226.0
1.0,2.0,12.0,2.0,0.28000000000000003,0.2727,0.52000000000000002,0.25370000000000004,4.0,0.0,6.0,0.0,255.0
1.0,2.0,13.0,1.0,0.30000000000000004,0.30299999999999999,0.48999999999999999,0.16420000000000001,4.0,0.0,6.0,0.0,261.0
1.0,2.0,14.0,2.0,0.32000000000000001,0.31819999999999998,0.45000000000000001,0.19399999999999998,4.0,0.0,6.0,0.0,237.0
1.0,2.0,15.0,2.0,0.30000000000000004,0.28789999999999999,0.48999999999999999,0.19399999999999998,4.0,0.0,6.0,0.0,253.0
1.0,2.0,16.0,2.0,0.32000000000000001,0.30299999999999999,0.45000000000000001,0.28360000000000002,4.0,0.0,6.0,0.0,212.0
1.0,2.0,17.0,2.0,0.30000000000000004,0.28789999999999999,0.48999999999999999,0.25370000000000004,4.0,0.0,6.0,0.0,157.0
1.0,2.0,18.0,2.0,0.30000000000000004,0.2727,0.48999999999999999,0.32840000000000003,4.0,0.0,6.0,0.0,167.0
1.0,2.0,19.0,2.0,0.30000000000000004,0.28789999999999999,0.52000000000000002,0.25370000000000004,4.0,0.0,6.0,0.0,119.0
1.0,2.0,20.0,2.0,0.30000000000000004,0.28789999999999999,0.52000000000000002,0.28360000000000002,4.0,0.0,6.0,0.0,103.0
1.0,2.0,21.0,3.0,0.26000000000000001,0.2576,0.65000000000000002,0.16420000000000001,4.0,0.0,6.0,0.0,36.0
1.0,2.0,22.0,3.0,0.23999999999999999,0.2576,0.75,0.089599999999999999,4.0,0.0,6.0,0.0,55.0
1.0,2.0,23.0,2.0,0.22,0.2273,0.93000000000000005,0.16420000000000001,4.0,0.0,6.0,0.0,35.0
1.0,2.0,0.0,2.0,0.23999999999999999,0.2576,0.87,0.089599999999999999,4.0,0.0,7.0,0.0,41.0
1.0,2.0,1.0,2.0,0.23999999999999999,0.2576,0.87,0.089599999999999999,4.0,0.0,7.0,0.0,15.0
1.0,2.0,2.0,2.0,0.23999999999999999,0.2576,0.87,0.089599999999999999,4.0,0.0,7.0,0.0,20.0
1.0,2.0,3.0,2.0,0.23999999999999999,0.2273,0.81000000000000005,0.19399999999999998,4.0,0.0,7.0,0.0,8.0
1.0,2.0,5.0,2.0,0.23999999999999999,0.21210000000000001,0.59999999999999998,0.35820000000000002,4.0,0.0,7.0,0.0,6.0
1.0,2.0,6.0,1.0,0.23999999999999999,0.19699999999999998,0.52000000000000002,0.41790000000000005,4.0,0.0,7.0,0.0,10.0
1.0,2.0,7.0,2.0,0.22,0.19699999999999998,0.55000000000000004,0.32840000000000003,4.0,0.0,7.0,0.0,44.0
1.0,2.0,8.0,1.0,0.19999999999999998,0.18179999999999999,0.58999999999999997,0.35820000000000002,4.0,0.0,7.0,0.0,120.0
1.0,2.0,9.0,1.0,0.19999999999999998,0.18179999999999999,0.58999999999999997,0.35820000000000002,4.0,0.0,7.0,0.0,110.0
1.0,2.0,10.0,1.0,0.22,0.19699999999999998,0.55000000000000004,0.44780000000000003,4.0,0.0,7.0,0.0,143.0
1.0,2.0,11.0,1.0,0.26000000000000001,0.2273,0.47999999999999998,0.35820000000000002,4.0,0.0,7.0,0.0,208.0
1.0,2.0,12.0,1.0,0.28000000000000003,0.2727,0.45000000000000001,0.22390000000000002,4.0,0.0,7.0,0.0,281.0
1.0,2.0,13.0,1.0,0.30000000000000004,0.28789999999999999,0.41999999999999998,0.28360000000000002,4.0,0.0,7.0,0.0,312.0
1.0,2.0,14.0,1.0,0.32000000000000001,0.31819999999999998,0.35999999999999999,0.19399999999999998,4.0,0.0,7.0,0.0,263.0
1.0,2.0,15.0,1.0,0.33999999999999997,0.31819999999999998,0.34000000000000002,0.22390000000000002,4.0,0.0,7.0,0.0,289.0
1.0,2.0,16.0,1.0,0.35999999999999999,0.37880000000000003,0.28999999999999998,0.1045,4.0,0.0,7.0,0.0,280.0
1.0,2.0,17.0,1.0,0.38,0.39390000000000003,0.27000000000000002,0.25370000000000004,4.0,0.0,7.0,0.0,253.0
1.0,2.0,18.0,1.0,0.33999999999999997,0.31819999999999998,0.34000000000000002,0.22390000000000002,4.0,0.0,7.0,0.0,242.0
1.0,2.0,19.0,1.0,0.33999999999999997,0.31819999999999998,0.34000000000000002,0.22390000000000002,4.0,0.0,7.0,0.0,172.0
1.0,2.0,20.0,1.0,0.33999999999999997,0.33329999999999999,0.34000000000000002,0.19399999999999998,4.0,0.0,7.0,0.0,126.0
1.0,2.0,21.0,1.0,0.30000000000000004,0.30299999999999999,0.39000000000000001,0.16420000000000001,4.0,0.0,7.0,0.0,98.0
1.0,2.0,22.0,1.0,0.30000000000000004,0.31819999999999998,0.45000000000000001,0.089599999999999999,4.0,0.0,7.0,0.0,62.0
1.0,2.0,23.0,1.0,0.30000000000000004,0.33329999999999999,0.39000000000000001,0.0,4.0,0.0,7.0,0.0,26.0
1.0,2.0,0.0,1.0,0.26000000000000001,0.30299999999999999,0.65000000000000002,0.0,4.0,1.0,1.0,1.0,12.0
1.0,2.0,1.0,1.0,0.26000000000000001,0.30299999999999999,0.56000000000000005,0.0,4.0,1.0,1.0,1.0,7.0
1.0,2.0,2.0,1.0,0.23999999999999999,0.28789999999999999,0.59999999999999998,0.0,4.0,1.0,1.0,1.0,3.0
1.0,2.0,4.0,1.0,0.22,0.2727,0.64000000000000001,0.0,4.0,1.0,1.0,1.0,2.0
1.0,2.0,5.0,1.0,0.19999999999999998,0.2576,0.68999999999999995,0.0,4.0,1.0,1.0,1.0,15.0
1.0,2.0,6.0,1.0,0.19999999999999998,0.2576,0.75,0.0,4.0,1.0,1.0,1.0,86.0
1.0,2.0,7.0,1.0,0.22,0.2727,0.64000000000000001,0.0,4.0,1.0,1.0,1.0,279.0
1.0,2.0,8.0,1.0,0.19999999999999998,0.2273,0.68999999999999995,0.089599999999999999,4.0,1.0,1.0,1.0,464.0
1.0,2.0,9.0,1.0,0.19999999999999998,0.2273,0.75,0.1045,4.0,1.0,1.0,1.0,217.0
1.0,2.0,10.0,1.0,0.23999999999999999,0.2273,0.69999999999999996,0.19399999999999998,4.0,1.0,1.0,1.0,85.0
1.0,2.0,11.0,2.0,0.26000000000000001,0.24239999999999998,0.69999999999999996,0.28360000000000002,4.0,1.0,1.0,1.0,86.0
1.0,2.0,12.0,2.0,0.30000000000000004,0.2727,0.56000000000000005,0.3881,4.0,1.0,1.0,1.0,163.0
1.0,2.0,13.0,1.0,0.33999999999999997,0.30299999999999999,0.48999999999999999,0.41790000000000005,4.0,1.0,1.0,1.0,131.0
1.0,2.0,14.0,2.0,0.32000000000000001,0.28789999999999999,0.53000000000000003,0.3881,4.0,1.0,1.0,1.0,124.0
1.0,2.0,15.0,1.0,0.33999999999999997,0.30299999999999999,0.48999999999999999,0.41790000000000005,4.0,1.0,1.0,1.0,160.0
1.0,2.0,16.0,1.0,0.35999999999999999,0.33329999999999999,0.46000000000000002,0.41790000000000005,4.0,1.0,1.0,1.0,254.0
1.0,2.0,17.0,1.0,0.38,0.39390000000000003,0.40000000000000002,0.44780000000000003,4.0,1.0,1.0,1.0,432.0
1.0,2.0,18.0,1.0,0.38,0.39390000000000003,0.40000000000000002,0.44780000000000003,4.0,1.0,1.0,1.0,425.0
1.0,2.0,19.0,1.0,0.35999999999999999,0.33329999999999999,0.46000000000000002,0.29850000000000004,4.0,1.0,1.0,1.0,304.0
1.0,2.0,20.0,1.0,0.33999999999999997,0.31819999999999998,0.53000000000000003,0.25370000000000004,4.0,1.0,1.0,1.0,227.0
1.0,2.0,21.0,1.0,0.33999999999999997,0.33329999999999999,0.60999999999999999,0.16420000000000001,4.0,1.0,1.0,1.0,154.0
1.0,2.0,22.0,2.0,0.33999999999999997,0.33329999999999999,0.70999999999999996,0.19399999999999998,4.0,1.0,1.0,1.0,100.0
1.0,2.0,23.0,1.0,0.32000000000000001,0.30299999999999999,0.66000000000000003,0.22390000000000002,4.0,1.0,1.0,1.0,47.0
1.0,2.0,0.0,1.0,0.32000000000000001,0.30299999999999999,0.66000000000000003,0.22390000000000002,4.0,0.0,2.0,1.0,24.0
1.0,2.0,1.0,1.0,0.32000000000000001,0.33329999999999999,0.69999999999999996,0.1343,4.0,0.0,2.0,1.0,7.0
1.0,2.0,2.0,1.0,0.33999999999999997,0.31819999999999998,0.66000000000000003,0.28360000000000002,4.0,0.0,2.0,1.0,6.0
1.0,2.0,3.0,2.0,0.33999999999999997,0.31819999999999998,0.70999999999999996,0.22390000000000002,4.0,0.0,2.0,1.0,4.0
1.0,2.0,4.0,1.0,0.33999999999999997,0.33329999999999999,0.70999999999999996,0.16420000000000001,4.0,0.0,2.0,1.0,2.0
1.0,2.0,5.0,1.0,0.32000000000000001,0.33329999999999999,0.69999999999999996,0.1045,4.0,0.0,2.0,1.0,30.0
1.0,2.0,6.0,1.0,0.32000000000000001,0.31819999999999998,0.76000000000000001,0.16420000000000001,4.0,0.0,2.0,1.0,90.0
1.0,2.0,7.0,1.0,0.32000000000000001,0.33329999999999999,0.76000000000000001,0.089599999999999999,4.0,0.0,2.0,1.0,302.0
1.0,2.0,8.0,1.0,0.30000000000000004,0.31819999999999998,0.75,0.089599999999999999,4.0,0.0,2.0,1.0,576.0
1.0,2.0,9.0,1.0,0.32000000000000001,0.33329999999999999,0.69999999999999996,0.089599999999999999,4.0,0.0,2.0,1.0,252.0
1.0,2.0,10.0,1.0,0.33999999999999997,0.34850000000000003,0.70999999999999996,0.089599999999999999,4.0,0.0,2.0,1.0,139.0
1.0,2.0,11.0,1.0,0.35999999999999999,0.34850000000000003,0.66000000000000003,0.16420000000000001,4.0,0.0,2.0,1.0,171.0
1.0,2.0,12.0,1.0,0.39999999999999997,0.40909999999999996,0.62,0.28360000000000002,4.0,0.0,2.0,1.0,207.0
1.0,2.0,13.0,1.0,0.41999999999999998,0.42420000000000002,0.54000000000000004,0.29850000000000004,4.0,0.0,2.0,1.0,190.0
1.0,2.0,14.0,1.0,0.44,0.43939999999999996,0.54000000000000004,0.32840000000000003,4.0,0.0,2.0,1.0,177.0
1.0,2.0,15.0,1.0,0.5,0.48479999999999995,0.31,0.41790000000000005,4.0,0.0,2.0,1.0,195.0
1.0,2.0,16.0,1.0,0.52000000000000002,0.5,0.28999999999999998,0.4627,4.0,0.0,2.0,1.0,298.0
1.0,2.0,17.0,1.0,0.52000000000000002,0.5,0.32000000000000001,0.3881,4.0,0.0,2.0,1.0,529.0
1.0,2.0,18.0,2.0,0.47999999999999998,0.46970000000000001,0.40999999999999998,0.32840000000000003,4.0,0.0,2.0,1.0,525.0
1.0,2.0,19.0,2.0,0.45999999999999996,0.45450000000000002,0.44,0.28360000000000002,4.0,0.0,2.0,1.0,327.0
1.0,2.0,20.0,2.0,0.44,0.43939999999999996,0.46999999999999997,0.19399999999999998,4.0,0.0,2.0,1.0,274.0
1.0,2.0,21.0,2.0,0.47999999999999998,0.46970000000000001,0.33000000000000002,0.28360000000000002,4.0,0.0,2.0,1.0,239.0
1.0,2.0,22.0,2.0,0.44,0.43939999999999996,0.46999999999999997,0.25370000000000004,4.0,0.0,2.0,1.0,147.0
1.0,2.0,23.0,2.0,0.45999999999999996,0.45450000000000002,0.40999999999999998,0.28360000000000002,4.0,0.0,2.0,1.0,62.0
1.0,2.0,0.0,2.0,0.44,0.43939999999999996,0.46999999999999997,0.25370000000000004,4.0,0.0,3.0,1.0,42.0
1.0,2.0,1.0,2.0,0.44,0.43939999999999996,0.57999999999999996,0.28360000000000002,4.0,0.0,3.0,1.0,15.0
1.0,2.0,2.0,2.0,0.44,0.43939999999999996,0.62,0.22390000000000002,4.0,0.0,3.0,1.0,9.0
1.0,2.0,3.0,3.0,0.44,0.43939999999999996,0.67000000000000004,0.19399999999999998,4.0,0.0,3.0,1.0,6.0
1.0,2.0,4.0,1.0,0.39999999999999997,0.40909999999999996,0.76000000000000001,0.22390000000000002,4.0,0.0,3.0,1.0,1.0
1.0,2.0,5.0,1.0,0.39999999999999997,0.40909999999999996,0.76000000000000001,0.22390000000000002,4.0,0.0,3.0,1.0,32.0
1.0,2.0,6.0,1.0,0.35999999999999999,0.34850000000000003,0.87,0.19399999999999998,4.0,0.0,3.0,1.0,91.0
1.0,2.0,7.0,1.0,0.35999999999999999,0.34850000000000003,0.81000000000000005,0.22390000000000002,4.0,0.0,3.0,1.0,326.0
1.0,2.0,8.0,1.0,0.33999999999999997,0.33329999999999999,0.87,0.19399999999999998,4.0,0.0,3.0,1.0,560.0
1.0,2.0,9.0,1.0,0.35999999999999999,0.33329999999999999,0.81000000000000005,0.25370000000000004,4.0,0.0,3.0,1.0,242.0
1.0,2.0,10.0,1.0,0.41999999999999998,0.42420000000000002,0.67000000000000004,0.19399999999999998,4.0,0.0,3.0,1.0,148.0
1.0,2.0,11.0,1.0,0.47999999999999998,0.46970000000000001,0.47999999999999998,0.28360000000000002,4.0,0.0,3.0,1.0,182.0
1.0,2.0,12.0,1.0,0.5,0.48479999999999995,0.41999999999999998,0.25370000000000004,4.0,0.0,3.0,1.0,224.0
1.0,2.0,13.0,1.0,0.52000000000000002,0.5,0.39000000000000001,0.19399999999999998,4.0,0.0,3.0,1.0,218.0
1.0,2.0,14.0,1.0,0.54000000000000004,0.51519999999999999,0.37,0.25370000000000004,4.0,0.0,3.0,1.0,192.0
1.0,2.0,15.0,1.0,0.54000000000000004,0.51519999999999999,0.33000000000000002,0.1343,4.0,0.0,3.0,1.0,217.0
1.0,2.0,16.0,1.0,0.56000000000000005,0.53029999999999999,0.32000000000000001,0.0,4.0,0.0,3.0,1.0,343.0
1.0,2.0,17.0,1.0,0.54000000000000004,0.51519999999999999,0.32000000000000001,0.16420000000000001,4.0,0.0,3.0,1.0,610.0
1.0,2.0,18.0,1.0,0.54000000000000004,0.51519999999999999,0.37,0.1343,4.0,0.0,3.0,1.0,522.0
1.0,2.0,19.0,1.0,0.5,0.48479999999999995,0.39000000000000001,0.089599999999999999,4.0,0.0,3.0,1.0,369.0
1.0,2.0,20.0,1.0,0.45999999999999996,0.45450000000000002,0.44,0.1343,4.0,0.0,3.0,1.0,269.0
1.0,2.0,21.0,1.0,0.44,0.43939999999999996,0.51000000000000001,0.22390000000000002,4.0,0.0,3.0,1.0,222.0
1.0,2.0,22.0,1.0,0.44,0.43939999999999996,0.54000000000000004,0.25370000000000004,4.0,0.0,3.0,1.0,137.0
1.0,2.0,23.0,1.0,0.44,0.43939999999999996,0.54000000000000004,0.0,4.0,0.0,3.0,1.0,85.0
1.0,2.0,0.0,2.0,0.44,0.43939999999999996,0.57999999999999996,0.089599999999999999,4.0,0.0,4.0,1.0,46.0
1.0,2.0,1.0,1.0,0.44,0.43939999999999996,0.62,0.19399999999999998,4.0,0.0,4.0,1.0,18.0
1.0,2.0,2.0,3.0,0.41999999999999998,0.42420000000000002,0.77000000000000002,0.28360000000000002,4.0,0.0,4.0,1.0,5.0
1.0,2.0,3.0,1.0,0.41999999999999998,0.42420000000000002,0.81999999999999995,0.1343,4.0,0.0,4.0,1.0,5.0
1.0,2.0,4.0,1.0,0.39999999999999997,0.40909999999999996,0.87,0.1343,4.0,0.0,4.0,1.0,2.0
1.0,2.0,5.0,2.0,0.39999999999999997,0.40909999999999996,0.87,0.19399999999999998,4.0,0.0,4.0,1.0,26.0
1.0,2.0,6.0,2.0,0.39999999999999997,0.40909999999999996,0.87,0.16420000000000001,4.0,0.0,4.0,1.0,82.0
1.0,2.0,7.0,2.0,0.39999999999999997,0.40909999999999996,0.76000000000000001,0.22390000000000002,4.0,0.0,4.0,1.0,272.0
1.0,2.0,8.0,2.0,0.38,0.39390000000000003,0.76000000000000001,0.32840000000000003,4.0,0.0,4.0,1.0,469.0
1.0,2.0,9.0,3.0,0.35999999999999999,0.33329999999999999,0.81000000000000005,0.25370000000000004,4.0,0.0,4.0,1.0,244.0
1.0,2.0,10.0,3.0,0.35999999999999999,0.34850000000000003,0.81000000000000005,0.16420000000000001,4.0,0.0,4.0,1.0,141.0
1.0,2.0,11.0,2.0,0.35999999999999999,0.36359999999999998,0.81000000000000005,0.1045,4.0,0.0,4.0,1.0,163.0
1.0,2.0,12.0,2.0,0.39999999999999997,0.40909999999999996,0.76000000000000001,0.1343,4.0,0.0,4.0,1.0,228.0
1.0,2.0,13.0,2.0,0.41999999999999998,0.42420000000000002,0.70999999999999996,0.1045,4.0,0.0,4.0,1.0,183.0
1.0,2.0,14.0,2.0,0.45999999999999996,0.45450000000000002,0.67000000000000004,0.1045,4.0,0.0,4.0,1.0,31.0
1.0,2.0,15.0,3.0,0.39999999999999997,0.40909999999999996,0.87,0.19399999999999998,4.0,0.0,4.0,1.0,94.0
1.0,2.0,16.0,3.0,0.39999999999999997,0.40909999999999996,0.87,0.19399999999999998,4.0,0.0,4.0,1.0,178.0
1.0,2.0,17.0,3.0,0.41999999999999998,0.42420000000000002,0.93999999999999995,0.1045,4.0,0.0,4.0,1.0,256.0
1.0,2.0,18.0,2.0,0.41999999999999998,0.42420000000000002,0.93999999999999995,0.0,4.0,0.0,4.0,1.0,300.0
1.0,2.0,19.0,2.0,0.44,0.43939999999999996,0.88,0.1045,4.0,0.0,4.0,1.0,233.0
1.0,2.0,20.0,1.0,0.44,0.43939999999999996,0.62,0.41790000000000005,4.0,0.0,4.0,1.0,167.0
1.0,2.0,21.0,1.0,0.41999999999999998,0.42420000000000002,0.34999999999999998,0.80600000000000005,4.0,0.0,4.0,1.0,152.0
1.0,2.0,22.0,1.0,0.39999999999999997,0.40909999999999996,0.37,0.58210000000000006,4.0,0.0,4.0,1.0,106.0
1.0,2.0,23.0,1.0,0.38,0.39390000000000003,0.37,0.68659999999999999,4.0,0.0,4.0,1.0,86.0
1.0,2.0,0.0,1.0,0.35999999999999999,0.33329999999999999,0.42999999999999999,0.3881,4.0,0.0,5.0,1.0,61.0
1.0,2.0,1.0,1.0,0.33999999999999997,0.30299999999999999,0.41999999999999998,0.35820000000000002,4.0,0.0,5.0,1.0,46.0
1.0,2.0,2.0,1.0,0.32000000000000001,0.30299999999999999,0.45000000000000001,0.25370000000000004,4.0,0.0,5.0,1.0,38.0
1.0,2.0,3.0,1.0,0.30000000000000004,0.2727,0.45000000000000001,0.29850000000000004,4.0,0.0,5.0,1.0,7.0
1.0,2.0,4.0,1.0,0.30000000000000004,0.2727,0.41999999999999998,0.32840000000000003,4.0,0.0,5.0,1.0,2.0
1.0,2.0,5.0,2.0,0.30000000000000004,0.2727,0.41999999999999998,0.29850000000000004,4.0,0.0,5.0,1.0,3.0
1.0,2.0,6.0,2.0,0.30000000000000004,0.2727,0.41999999999999998,0.29850000000000004,4.0,0.0,5.0,1.0,13.0
1.0,2.0,7.0,1.0,0.28000000000000003,0.24239999999999998,0.45000000000000001,0.44780000000000003,4.0,0.0,5.0,1.0,23.0
1.0,2.0,8.0,1.0,0.26000000000000001,0.2273,0.47999999999999998,0.29850000000000004,4.0,0.0,5.0,1.0,93.0
1.0,2.0,9.0,3.0,0.22,0.19699999999999998,0.75,0.32840000000000003,4.0,0.0,5.0,1.0,122.0
1.0,2.0,10.0,1.0,0.26000000000000001,0.2273,0.59999999999999998,0.35820000000000002,4.0,0.0,5.0,1.0,183.0
1.0,2.0,11.0,1.0,0.30000000000000004,0.2576,0.39000000000000001,0.6119,4.0,0.0,5.0,1.0,210.0
1.0,2.0,12.0,1.0,0.32000000000000001,0.2727,0.28999999999999998,0.65669999999999995,4.0,0.0,5.0,1.0,258.0
1.0,2.0,13.0,1.0,0.32000000000000001,0.28789999999999999,0.31,0.49250000000000005,4.0,0.0,5.0,1.0,226.0
1.0,2.0,14.0,1.0,0.32000000000000001,0.2727,0.28999999999999998,0.55220000000000002,4.0,0.0,5.0,1.0,216.0
1.0,2.0,15.0,1.0,0.32000000000000001,0.28789999999999999,0.28999999999999998,0.41790000000000005,4.0,0.0,5.0,1.0,232.0
1.0,2.0,16.0,1.0,0.32000000000000001,0.2727,0.26000000000000001,0.58210000000000006,4.0,0.0,5.0,1.0,195.0
1.0,2.0,17.0,1.0,0.30000000000000004,0.2727,0.33000000000000002,0.35820000000000002,4.0,0.0,5.0,1.0,159.0
1.0,2.0,18.0,1.0,0.30000000000000004,0.2576,0.28000000000000003,0.58210000000000006,4.0,0.0,5.0,1.0,133.0
1.0,2.0,19.0,1.0,0.26000000000000001,0.21210000000000001,0.33000000000000002,0.44780000000000003,4.0,0.0,5.0,1.0,149.0
1.0,2.0,20.0,1.0,0.26000000000000001,0.21210000000000001,0.29999999999999999,0.55220000000000002,4.0,0.0,5.0,1.0,105.0
1.0,2.0,21.0,1.0,0.23999999999999999,0.21210000000000001,0.34999999999999998,0.32840000000000003,4.0,0.0,5.0,1.0,85.0
1.0,2.0,22.0,1.0,0.23999999999999999,0.19699999999999998,0.38,0.4627,4.0,0.0,5.0,1.0,82.0
1.0,2.0,23.0,1.0,0.23999999999999999,0.19699999999999998,0.40999999999999998,0.41790000000000005,4.0,0.0,5.0,1.0,91.0
1.0,2.0,0.0,1.0,0.23999999999999999,0.21210000000000001,0.40999999999999998,0.35820000000000002,4.0,0.0,6.0,0.0,70.0
1.0,2.0,1.0,1.0,0.23999999999999999,0.21210000000000001,0.44,0.32840000000000003,4.0,0.0,6.0,0.0,55.0
1.0,2.0,2.0,1.0,0.23999999999999999,0.21210000000000001,0.44,0.32840000000000003,4.0,0.0,6.0,0.0,42.0
1.0,2.0,3.0,1.0,0.23999999999999999,0.2273,0.40999999999999998,0.19399999999999998,4.0,0.0,6.0,0.0,21.0
1.0,2.0,4.0,1.0,0.23999999999999999,0.2273,0.40999999999999998,0.19399999999999998,4.0,0.0,6.0,0.0,6.0
1.0,2.0,5.0,1.0,0.22,0.21210000000000001,0.44,0.22390000000000002,4.0,0.0,6.0,0.0,5.0
1.0,2.0,6.0,1.0,0.22,0.19699999999999998,0.44,0.32840000000000003,4.0,0.0,6.0,0.0,2.0
1.0,2.0,7.0,1.0,0.19999999999999998,0.18179999999999999,0.51000000000000001,0.29850000000000004,4.0,0.0,6.0,0.0,22.0
1.0,2.0,8.0,1.0,0.19999999999999998,0.19699999999999998,0.51000000000000001,0.25370000000000004,4.0,0.0,6.0,0.0,59.0
1.0,2.0,9.0,1.0,0.22,0.21210000000000001,0.46999999999999997,0.22390000000000002,4.0,0.0,6.0,0.0,87.0
1.0,2.0,10.0,1.0,0.26000000000000001,0.2576,0.40999999999999998,0.16420000000000001,4.0,0.0,6.0,0.0,188.0
1.0,2.0,11.0,1.0,0.28000000000000003,0.2576,0.40999999999999998,0.28360000000000002,4.0,0.0,6.0,0.0,227.0
1.0,2.0,12.0,1.0,0.30000000000000004,0.30299999999999999,0.39000000000000001,0.1343,4.0,0.0,6.0,0.0,305.0
1.0,2.0,13.0,1.0,0.32000000000000001,0.33329999999999999,0.35999999999999999,0.0,4.0,0.0,6.0,0.0,325.0
1.0,2.0,14.0,1.0,0.33999999999999997,0.34850000000000003,0.31,0.0,4.0,0.0,6.0,0.0,331.0
1.0,2.0,15.0,1.0,0.35999999999999999,0.34850000000000003,0.28999999999999998,0.0,4.0,0.0,6.0,0.0,353.0
1.0,2.0,16.0,1.0,0.35999999999999999,0.33329999999999999,0.32000000000000001,0.25370000000000004,4.0,0.0,6.0,0.0,339.0
1.0,2.0,17.0,1.0,0.35999999999999999,0.34850000000000003,0.32000000000000001,0.22390000000000002,4.0,0.0,6.0,0.0,287.0
1.0,2.0,18.0,1.0,0.33999999999999997,0.31819999999999998,0.35999999999999999,0.28360000000000002,4.0,0.0,6.0,0.0,216.0
1.0,2.0,19.0,1.0,0.33999999999999997,0.33329999999999999,0.34000000000000002,0.16420000000000001,4.0,0.0,6.0,0.0,143.0
1.0,2.0,20.0,1.0,0.32000000000000001,0.31819999999999998,0.41999999999999998,0.16420000000000001,4.0,0.0,6.0,0.0,88.0
1.0,2.0,21.0,1.0,0.30000000000000004,0.30299999999999999,0.45000000000000001,0.1343,4.0,0.0,6.0,0.0,83.0
1.0,2.0,22.0,1.0,0.30000000000000004,0.28789999999999999,0.41999999999999998,0.22390000000000002,4.0,0.0,6.0,0.0,71.0
1.0,2.0,23.0,1.0,0.26000000000000001,0.2576,0.56000000000000005,0.16420000000000001,4.0,0.0,6.0,0.0,64.0
1.0,2.0,0.0,1.0,0.26000000000000001,0.24239999999999998,0.59999999999999998,0.25370000000000004,4.0,0.0,7.0,0.0,29.0
1.0,2.0,1.0,1.0,0.26000000000000001,0.2576,0.65000000000000002,0.22390000000000002,4.0,0.0,7.0,0.0,6.0
1.0,2.0,2.0,1.0,0.26000000000000001,0.2273,0.69999999999999996,0.29850000000000004,4.0,0.0,7.0,0.0,4.0
1.0,2.0,3.0,1.0,0.23999999999999999,0.24239999999999998,0.75,0.16420000000000001,4.0,0.0,7.0,0.0,2.0
1.0,2.0,4.0,1.0,0.22,0.2273,0.80000000000000004,0.1343,4.0,0.0,7.0,0.0,1.0
1.0,2.0,5.0,1.0,0.22,0.2273,0.80000000000000004,0.1343,4.0,0.0,7.0,0.0,16.0
1.0,2.0,6.0,1.0,0.23999999999999999,0.2273,0.69999999999999996,0.25370000000000004,4.0,0.0,7.0,0.0,90.0
1.0,2.0,7.0,1.0,0.23999999999999999,0.2273,0.59999999999999998,0.22390000000000002,4.0,0.0,7.0,0.0,280.0
1.0,2.0,8.0,1.0,0.23999999999999999,0.24239999999999998,0.59999999999999998,0.0,4.0,0.0,7.0,0.0,528.0
1.0,2.0,9.0,1.0,0.26000000000000001,0.2576,0.59999999999999998,0.19399999999999998,4.0,0.0,7.0,0.0,230.0
1.0,2.0,10.0,1.0,0.32000000000000001,0.30299999999999999,0.45000000000000001,0.25370000000000004,4.0,0.0,7.0,0.0,104.0
1.0,2.0,11.0,1.0,0.35999999999999999,0.33329999999999999,0.42999999999999999,0.25370000000000004,4.0,0.0,7.0,0.0,103.0
1.0,2.0,12.0,1.0,0.39999999999999997,0.40909999999999996,0.37,0.29850000000000004,4.0,0.0,7.0,0.0,177.0
1.0,2.0,13.0,1.0,0.39999999999999997,0.40909999999999996,0.42999999999999999,0.28360000000000002,4.0,0.0,7.0,0.0,182.0
1.0,2.0,14.0,1.0,0.45999999999999996,0.45450000000000002,0.35999999999999999,0.28360000000000002,4.0,0.0,7.0,0.0,158.0
1.0,2.0,15.0,1.0,0.52000000000000002,0.5,0.25,0.41790000000000005,4.0,0.0,7.0,0.0,174.0
1.0,2.0,16.0,1.0,0.54000000000000004,0.51519999999999999,0.26000000000000001,0.44780000000000003,4.0,0.0,7.0,0.0,286.0
1.0,2.0,17.0,1.0,0.54000000000000004,0.51519999999999999,0.23999999999999999,0.44780000000000003,4.0,0.0,7.0,0.0,529.0
1.0,2.0,18.0,1.0,0.52000000000000002,0.5,0.27000000000000002,0.41790000000000005,4.0,0.0,7.0,0.0,527.0
1.0,2.0,19.0,1.0,0.5,0.48479999999999995,0.28999999999999998,0.3881,4.0,0.0,7.0,0.0,334.0
1.0,2.0,20.0,1.0,0.47999999999999998,0.46970000000000001,0.33000000000000002,0.35820000000000002,4.0,0.0,7.0,0.0,219.0
1.0,2.0,21.0,1.0,0.45999999999999996,0.45450000000000002,0.35999999999999999,0.28360000000000002,4.0,0.0,7.0,0.0,195.0
1.0,2.0,22.0,1.0,0.44,0.43939999999999996,0.44,0.25370000000000004,4.0,0.0,7.0,0.0,92.0
1.0,2.0,23.0,1.0,0.41999999999999998,0.42420000000000002,0.5,0.16420000000000001,4.0,0.0,7.0,0.0,56.0
1.0,2.0,0.0,1.0,0.41999999999999998,0.42420000000000002,0.54000000000000004,0.1343,4.0,0.0,1.0,1.0,10.0
1.0,2.0,1.0,1.0,0.38,0.39390000000000003,0.62,0.16420000000000001,4.0,0.0,1.0,1.0,6.0
1.0,2.0,2.0,1.0,0.39999999999999997,0.40909999999999996,0.54000000000000004,0.1045,4.0,0.0,1.0,1.0,3.0
1.0,2.0,3.0,1.0,0.39999999999999997,0.40909999999999996,0.32000000000000001,0.35820000000000002,4.0,0.0,1.0,1.0,6.0
1.0,2.0,4.0,1.0,0.32000000000000001,0.28789999999999999,0.41999999999999998,0.35820000000000002,4.0,0.0,1.0,1.0,2.0
1.0,2.0,5.0,1.0,0.32000000000000001,0.28789999999999999,0.41999999999999998,0.35820000000000002,4.0,0.0,1.0,1.0,21.0
1.0,2.0,6.0,1.0,0.30000000000000004,0.2727,0.45000000000000001,0.32840000000000003,4.0,0.0,1.0,1.0,101.0
1.0,2.0,7.0,1.0,0.28000000000000003,0.2576,0.45000000000000001,0.29850000000000004,4.0,0.0,1.0,1.0,325.0
1.0,2.0,8.0,1.0,0.26000000000000001,0.24239999999999998,0.47999999999999998,0.28360000000000002,4.0,0.0,1.0,1.0,559.0
1.0,2.0,9.0,1.0,0.28000000000000003,0.2576,0.45000000000000001,0.35820000000000002,4.0,0.0,1.0,1.0,232.0
1.0,2.0,10.0,1.0,0.30000000000000004,0.2727,0.41999999999999998,0.29850000000000004,4.0,0.0,1.0,1.0,132.0
1.0,2.0,11.0,1.0,0.33999999999999997,0.31819999999999998,0.35999999999999999,0.25370000000000004,4.0,0.0,1.0,1.0,163.0
1.0,2.0,12.0,1.0,0.35999999999999999,0.34850000000000003,0.34000000000000002,0.1343,4.0,0.0,1.0,1.0,183.0
1.0,2.0,13.0,1.0,0.35999999999999999,0.36359999999999998,0.32000000000000001,0.1045,4.0,0.0,1.0,1.0,190.0
1.0,2.0,14.0,1.0,0.39999999999999997,0.40909999999999996,0.28000000000000003,0.1045,4.0,0.0,1.0,1.0,134.0
1.0,2.0,15.0,1.0,0.41999999999999998,0.42420000000000002,0.26000000000000001,0.089599999999999999,4.0,0.0,1.0,1.0,166.0
1.0,2.0,16.0,1.0,0.41999999999999998,0.42420000000000002,0.28000000000000003,0.089599999999999999,4.0,0.0,1.0,1.0,287.0
1.0,2.0,17.0,1.0,0.41999999999999998,0.42420000000000002,0.26000000000000001,0.089599999999999999,4.0,0.0,1.0,1.0,530.0
1.0,2.0,18.0,1.0,0.41999999999999998,0.42420000000000002,0.28000000000000003,0.16420000000000001,4.0,0.0,1.0,1.0,449.0
1.0,2.0,19.0,1.0,0.41999999999999998,0.42420000000000002,0.26000000000000001,0.0,4.0,0.0,1.0,1.0,306.0
1.0,2.0,20.0,1.0,0.39999999999999997,0.40909999999999996,0.29999999999999999,0.1343,4.0,0.0,1.0,1.0,204.0
1.0,2.0,21.0,1.0,0.33999999999999997,0.34850000000000003,0.46000000000000002,0.1045,4.0,0.0,1.0,1.0,188.0
1.0,2.0,22.0,1.0,0.33999999999999997,0.34850000000000003,0.46000000000000002,0.1045,4.0,0.0,1.0,1.0,101.0
1.0,2.0,23.0,1.0,0.32000000000000001,0.30299999999999999,0.53000000000000003,0.22390000000000002,4.0,0.0,1.0,1.0,65.0
1.0,2.0,0.0,1.0,0.32000000000000001,0.33329999999999999,0.53000000000000003,0.1045,4.0,0.0,2.0,1.0,32.0
1.0,2.0,1.0,1.0,0.32000000000000001,0.33329999999999999,0.48999999999999999,0.1045,4.0,0.0,2.0,1.0,6.0
1.0,2.0,2.0,1.0,0.30000000000000004,0.28789999999999999,0.56000000000000005,0.22390000000000002,4.0,0.0,2.0,1.0,4.0
1.0,2.0,3.0,1.0,0.28000000000000003,0.30299999999999999,0.69999999999999996,0.089599999999999999,4.0,0.0,2.0,1.0,2.0
1.0,2.0,5.0,1.0,0.26000000000000001,0.28789999999999999,0.75,0.089599999999999999,4.0,0.0,2.0,1.0,29.0
1.0,2.0,6.0,2.0,0.28000000000000003,0.30299999999999999,0.75,0.089599999999999999,4.0,0.0,2.0,1.0,104.0
1.0,2.0,7.0,2.0,0.26000000000000001,0.2727,0.81000000000000005,0.1343,4.0,0.0,2.0,1.0,253.0
1.0,2.0,8.0,2.0,0.28000000000000003,0.28789999999999999,0.75,0.1045,4.0,0.0,2.0,1.0,116.0
1.0,2.0,9.0,3.0,0.30000000000000004,0.30299999999999999,0.81000000000000005,0.16420000000000001,4.0,0.0,2.0,1.0,38.0
1.0,2.0,10.0,3.0,0.30000000000000004,0.30299999999999999,0.81000000000000005,0.16420000000000001,4.0,0.0,2.0,1.0,10.0
1.0,2.0,11.0,3.0,0.30000000000000004,0.28789999999999999,0.87,0.19399999999999998,4.0,0.0,2.0,1.0,10.0
1.0,2.0,12.0,3.0,0.32000000000000001,0.30299999999999999,0.93000000000000005,0.32840000000000003,4.0,0.0,2.0,1.0,70.0
1.0,2.0,13.0,2.0,0.35999999999999999,0.33329999999999999,0.93000000000000005,0.35820000000000002,4.0,0.0,2.0,1.0,76.0
1.0,2.0,14.0,2.0,0.35999999999999999,0.33329999999999999,0.93000000000000005,0.35820000000000002,4.0,0.0,2.0,1.0,56.0
1.0,2.0,15.0,2.0,0.39999999999999997,0.40909999999999996,0.81999999999999995,0.28360000000000002,4.0,0.0,2.0,1.0,90.0
1.0,2.0,16.0,3.0,0.39999999999999997,0.40909999999999996,0.81999999999999995,0.22390000000000002,4.0,0.0,2.0,1.0,167.0
1.0,2.0,17.0,2.0,0.39999999999999997,0.40909999999999996,0.87,0.16420000000000001,4.0,0.0,2.0,1.0,253.0
1.0,2.0,18.0,3.0,0.39999999999999997,0.40909999999999996,0.87,0.0,4.0,0.0,2.0,1.0,192.0
1.0,2.0,19.0,2.0,0.39999999999999997,0.40909999999999996,0.87,0.1045,4.0,0.0,2.0,1.0,102.0
1.0,2.0,20.0,3.0,0.41999999999999998,0.42420000000000002,0.88,0.16420000000000001,4.0,0.0,2.0,1.0,97.0
1.0,2.0,21.0,3.0,0.41999999999999998,0.42420000000000002,0.88,0.16420000000000001,4.0,0.0,2.0,1.0,39.0
1.0,2.0,22.0,3.0,0.41999999999999998,0.42420000000000002,0.93999999999999995,0.25370000000000004,4.0,0.0,2.0,1.0,55.0
1.0,2.0,23.0,3.0,0.41999999999999998,0.42420000000000002,0.93999999999999995,0.25370000000000004,4.0,0.0,2.0,1.0,33.0
1.0,3.0,0.0,2.0,0.41999999999999998,0.42420000000000002,0.93999999999999995,0.0,4.0,0.0,2.0,1.0,11.0
1.0,3.0,1.0,3.0,0.45999999999999996,0.45450000000000002,0.93999999999999995,0.1045,4.0,0.0,2.0,1.0,12.0
1.0,3.0,2.0,2.0,0.45999999999999996,0.45450000000000002,0.93999999999999995,0.28360000000000002,4.0,0.0,2.0,1.0,6.0
1.0,3.0,3.0,1.0,0.45999999999999996,0.45450000000000002,0.93999999999999995,0.22390000000000002,4.0,0.0,2.0,1.0,3.0
1.0,3.0,4.0,1.0,0.47999999999999998,0.46970000000000001,0.88,0.19399999999999998,4.0,0.0,2.0,1.0,5.0
1.0,3.0,5.0,1.0,0.47999999999999998,0.46970000000000001,0.88,0.16420000000000001,4.0,0.0,2.0,1.0,18.0
1.0,3.0,6.0,2.0,0.41999999999999998,0.42420000000000002,0.93999999999999995,0.0,4.0,0.0,2.0,1.0,109.0
1.0,3.0,7.0,2.0,0.44,0.43939999999999996,0.93999999999999995,0.1343,4.0,0.0,2.0,1.0,304.0
1.0,3.0,8.0,1.0,0.41999999999999998,0.42420000000000002,0.93999999999999995,0.1343,4.0,0.0,2.0,1.0,594.0
1.0,3.0,9.0,1.0,0.45999999999999996,0.45450000000000002,0.77000000000000002,0.25370000000000004,4.0,0.0,2.0,1.0,286.0
1.0,3.0,10.0,1.0,0.52000000000000002,0.5,0.55000000000000004,0.16420000000000001,4.0,0.0,2.0,1.0,133.0
1.0,3.0,11.0,1.0,0.56000000000000005,0.53029999999999999,0.42999999999999999,0.19399999999999998,4.0,0.0,2.0,1.0,168.0
1.0,3.0,12.0,1.0,0.56000000000000005,0.53029999999999999,0.37,0.22390000000000002,4.0,0.0,2.0,1.0,220.0
1.0,3.0,13.0,1.0,0.58000000000000007,0.54549999999999998,0.32000000000000001,0.25370000000000004,4.0,0.0,2.0,1.0,211.0
1.0,3.0,14.0,1.0,0.58000000000000007,0.54549999999999998,0.34999999999999998,0.22390000000000002,4.0,0.0,2.0,1.0,211.0
1.0,3.0,15.0,1.0,0.60000000000000009,0.62119999999999997,0.31,0.25370000000000004,4.0,0.0,2.0,1.0,223.0
1.0,3.0,16.0,1.0,0.58000000000000007,0.54549999999999998,0.32000000000000001,0.29850000000000004,4.0,0.0,2.0,1.0,361.0
1.0,3.0,17.0,1.0,0.56000000000000005,0.53029999999999999,0.34999999999999998,0.29850000000000004,4.0,0.0,2.0,1.0,600.0
1.0,3.0,18.0,1.0,0.54000000000000004,0.51519999999999999,0.34000000000000002,0.35820000000000002,4.0,0.0,2.0,1.0,525.0
1.0,3.0,19.0,1.0,0.47999999999999998,0.46970000000000001,0.40999999999999998,0.32840000000000003,4.0,0.0,2.0,1.0,328.0
1.0,3.0,20.0,1.0,0.44,0.43939999999999996,0.44,0.41790000000000005,4.0,0.0,2.0,1.0,254.0
1.0,3.0,21.0,1.0,0.41999999999999998,0.42420000000000002,0.46999999999999997,0.4627,4.0,0.0,2.0,1.0,197.0
1.0,3.0,22.0,1.0,0.38,0.39390000000000003,0.5,0.25370000000000004,4.0,0.0,2.0,1.0,126.0
1.0,3.0,23.0,1.0,0.35999999999999999,0.34850000000000003,0.5,0.22390000000000002,4.0,0.0,2.0,1.0,85.0
1.0,3.0,0.0,1.0,0.33999999999999997,0.33329999999999999,0.53000000000000003,0.16420000000000001,4.0,0.0,3.0,1.0,46.0
1.0,3.0,1.0,1.0,0.33999999999999997,0.31819999999999998,0.48999999999999999,0.22390000000000002,4.0,0.0,3.0,1.0,20.0
1.0,3.0,2.0,1.0,0.33999999999999997,0.31819999999999998,0.53000000000000003,0.28360000000000002,4.0,0.0,3.0,1.0,6.0
1.0,3.0,3.0,1.0,0.32000000000000001,0.31819999999999998,0.56999999999999995,0.19399999999999998,4.0,0.0,3.0,1.0,3.0
1.0,3.0,4.0,1.0,0.32000000000000001,0.34850000000000003,0.60999999999999999,0.0,4.0,0.0,3.0,1.0,2.0
1.0,3.0,5.0,1.0,0.30000000000000004,0.33329999999999999,0.69999999999999996,0.0,4.0,0.0,3.0,1.0,24.0
1.0,3.0,6.0,1.0,0.30000000000000004,0.33329999999999999,0.69999999999999996,0.0,4.0,0.0,3.0,1.0,92.0
1.0,3.0,7.0,1.0,0.30000000000000004,0.33329999999999999,0.69999999999999996,0.0,4.0,0.0,3.0,1.0,262.0
1.0,3.0,8.0,1.0,0.28000000000000003,0.30299999999999999,0.75,0.089599999999999999,4.0,0.0,3.0,1.0,549.0
1.0,3.0,9.0,1.0,0.30000000000000004,0.33329999999999999,0.81000000000000005,0.0,4.0,0.0,3.0,1.0,314.0
1.0,3.0,10.0,1.0,0.35999999999999999,0.34850000000000003,0.5,0.16420000000000001,4.0,0.0,3.0,1.0,132.0
1.0,3.0,11.0,1.0,0.38,0.39390000000000003,0.46000000000000002,0.19399999999999998,4.0,0.0,3.0,1.0,194.0
1.0,3.0,12.0,1.0,0.39999999999999997,0.40909999999999996,0.42999999999999999,0.16420000000000001,4.0,0.0,3.0,1.0,234.0
1.0,3.0,13.0,1.0,0.41999999999999998,0.42420000000000002,0.44,0.22390000000000002,4.0,0.0,3.0,1.0,222.0
1.0,3.0,14.0,2.0,0.44,0.43939999999999996,0.44,0.28360000000000002,4.0,0.0,3.0,1.0,205.0
1.0,3.0,15.0,2.0,0.41999999999999998,0.42420000000000002,0.5,0.29850000000000004,4.0,0.0,3.0,1.0,78.0
1.0,3.0,16.0,3.0,0.39999999999999997,0.40909999999999996,0.57999999999999996,0.29850000000000004,4.0,0.0,3.0,1.0,50.0
1.0,3.0,17.0,3.0,0.35999999999999999,0.34850000000000003,0.81000000000000005,0.22390000000000002,4.0,0.0,3.0,1.0,128.0
1.0,3.0,18.0,3.0,0.35999999999999999,0.34850000000000003,0.87,0.19399999999999998,4.0,0.0,3.0,1.0,160.0
1.0,3.0,19.0,3.0,0.35999999999999999,0.34850000000000003,0.87,0.19399999999999998,4.0,0.0,3.0,1.0,174.0
1.0,3.0,20.0,2.0,0.35999999999999999,0.34850000000000003,0.87,0.19399999999999998,4.0,0.0,3.0,1.0,100.0
1.0,3.0,21.0,3.0,0.35999999999999999,0.36359999999999998,0.87,0.089599999999999999,4.0,0.0,3.0,1.0,101.0
1.0,3.0,22.0,2.0,0.35999999999999999,0.37880000000000003,0.87,0.0,4.0,0.0,3.0,1.0,75.0
1.0,3.0,23.0,2.0,0.35999999999999999,0.37880000000000003,0.87,0.0,4.0,0.0,3.0,1.0,23.0
1.0,3.0,0.0,3.0,0.35999999999999999,0.36359999999999998,0.93000000000000005,0.089599999999999999,4.0,0.0,4.0,1.0,22.0
1.0,3.0,1.0,3.0,0.35999999999999999,0.37880000000000003,0.93000000000000005,0.0,4.0,0.0,4.0,1.0,44.0
1.0,3.0,2.0,3.0,0.35999999999999999,0.36359999999999998,0.93000000000000005,0.089599999999999999,4.0,0.0,4.0,1.0,38.0
1.0,3.0,3.0,2.0,0.35999999999999999,0.34850000000000003,0.93000000000000005,0.16420000000000001,4.0,0.0,4.0,1.0,21.0
1.0,3.0,4.0,2.0,0.35999999999999999,0.34850000000000003,0.93000000000000005,0.19399999999999998,4.0,0.0,4.0,1.0,2.0
1.0,3.0,5.0,2.0,0.35999999999999999,0.36359999999999998,0.93000000000000005,0.089599999999999999,4.0,0.0,4.0,1.0,2.0
1.0,3.0,6.0,2.0,0.35999999999999999,0.36359999999999998,0.93000000000000005,0.089599999999999999,4.0,0.0,4.0,1.0,7.0
1.0,3.0,7.0,2.0,0.35999999999999999,0.34850000000000003,0.93000000000000005,0.1343,4.0,0.0,4.0,1.0,16.0
1.0,3.0,8.0,3.0,0.35999999999999999,0.37880000000000003,0.93000000000000005,0.0,4.0,0.0,4.0,1.0,48.0
1.0,3.0,9.0,3.0,0.38,0.39390000000000003,0.87,0.089599999999999999,4.0,0.0,4.0,1.0,94.0
1.0,3.0,10.0,2.0,0.39999999999999997,0.40909999999999996,0.87,0.0,4.0,0.0,4.0,1.0,168.0
1.0,3.0,11.0,2.0,0.39999999999999997,0.40909999999999996,0.87,0.089599999999999999,4.0,0.0,4.0,1.0,214.0
1.0,3.0,12.0,2.0,0.41999999999999998,0.42420000000000002,0.67000000000000004,0.25370000000000004,4.0,0.0,4.0,1.0,299.0
1.0,3.0,13.0,1.0,0.44,0.43939999999999996,0.51000000000000001,0.28360000000000002,4.0,0.0,4.0,1.0,339.0
1.0,3.0,14.0,2.0,0.45999999999999996,0.45450000000000002,0.44,0.35820000000000002,4.0,0.0,4.0,1.0,430.0
1.0,3.0,15.0,1.0,0.47999999999999998,0.46970000000000001,0.28999999999999998,0.29850000000000004,4.0,0.0,4.0,1.0,399.0
1.0,3.0,16.0,1.0,0.5,0.48479999999999995,0.27000000000000002,0.29850000000000004,4.0,0.0,4.0,1.0,467.0
1.0,3.0,17.0,1.0,0.5,0.48479999999999995,0.23000000000000001,0.32840000000000003,4.0,0.0,4.0,1.0,385.0
1.0,3.0,18.0,1.0,0.5,0.48479999999999995,0.25,0.25370000000000004,4.0,0.0,4.0,1.0,303.0
1.0,3.0,19.0,1.0,0.45999999999999996,0.45450000000000002,0.33000000000000002,0.16420000000000001,4.0,0.0,4.0,1.0,225.0
1.0,3.0,20.0,1.0,0.44,0.43939999999999996,0.29999999999999999,0.1343,4.0,0.0,4.0,1.0,149.0
1.0,3.0,21.0,1.0,0.45999999999999996,0.45450000000000002,0.19,0.32840000000000003,4.0,0.0,4.0,1.0,154.0
1.0,3.0,22.0,1.0,0.44,0.43939999999999996,0.20999999999999999,0.1343,4.0,0.0,4.0,1.0,134.0
1.0,3.0,23.0,1.0,0.41999999999999998,0.42420000000000002,0.23999999999999999,0.0,4.0,0.0,4.0,1.0,106.0
1.0,3.0,0.0,2.0,0.39999999999999997,0.40909999999999996,0.29999999999999999,0.35820000000000002,4.0,0.0,5.0,1.0,72.0
1.0,3.0,1.0,2.0,0.38,0.39390000000000003,0.34000000000000002,0.19399999999999998,4.0,0.0,5.0,1.0,76.0
1.0,3.0,2.0,2.0,0.35999999999999999,0.34850000000000003,0.40000000000000002,0.16420000000000001,4.0,0.0,5.0,1.0,80.0
1.0,3.0,3.0,2.0,0.35999999999999999,0.34850000000000003,0.42999999999999999,0.1343,4.0,0.0,5.0,1.0,26.0
1.0,3.0,4.0,2.0,0.33999999999999997,0.33329999999999999,0.46000000000000002,0.19399999999999998,4.0,0.0,5.0,1.0,14.0
1.0,3.0,5.0,2.0,0.33999999999999997,0.31819999999999998,0.46000000000000002,0.22390000000000002,4.0,0.0,5.0,1.0,5.0
1.0,3.0,6.0,2.0,0.30000000000000004,0.2727,0.52000000000000002,0.29850000000000004,4.0,0.0,5.0,1.0,5.0
1.0,3.0,7.0,2.0,0.30000000000000004,0.2727,0.52000000000000002,0.29850000000000004,4.0,0.0,5.0,1.0,23.0
1.0,3.0,8.0,1.0,0.30000000000000004,0.2727,0.52000000000000002,0.32840000000000003,4.0,0.0,5.0,1.0,66.0
1.0,3.0,9.0,1.0,0.30000000000000004,0.2727,0.48999999999999999,0.44780000000000003,4.0,0.0,5.0,1.0,118.0
1.0,3.0,10.0,1.0,0.30000000000000004,0.2727,0.48999999999999999,0.32840000000000003,4.0,0.0,5.0,1.0,192.0
1.0,3.0,11.0,1.0,0.32000000000000001,0.28789999999999999,0.45000000000000001,0.3881,4.0,0.0,5.0,1.0,256.0
1.0,3.0,12.0,1.0,0.33999999999999997,0.30299999999999999,0.41999999999999998,0.35820000000000002,4.0,0.0,5.0,1.0,327.0
1.0,3.0,13.0,1.0,0.35999999999999999,0.33329999999999999,0.37,0.35820000000000002,4.0,0.0,5.0,1.0,364.0
1.0,3.0,14.0,1.0,0.35999999999999999,0.33329999999999999,0.34000000000000002,0.35820000000000002,4.0,0.0,5.0,1.0,332.0
1.0,3.0,15.0,1.0,0.35999999999999999,0.31819999999999998,0.32000000000000001,0.52239999999999998,4.0,0.0,5.0,1.0,334.0
1.0,3.0,16.0,1.0,0.35999999999999999,0.31819999999999998,0.28999999999999998,0.49250000000000005,4.0,0.0,5.0,1.0,299.0
1.0,3.0,17.0,1.0,0.33999999999999997,0.28789999999999999,0.31,0.55220000000000002,4.0,0.0,5.0,1.0,263.0
1.0,3.0,18.0,1.0,0.32000000000000001,0.2727,0.33000000000000002,0.6119,4.0,0.0,5.0,1.0,184.0
1.0,3.0,19.0,1.0,0.30000000000000004,0.2576,0.35999999999999999,0.49250000000000005,4.0,0.0,5.0,1.0,132.0
1.0,3.0,20.0,1.0,0.28000000000000003,0.2727,0.38,0.25370000000000004,4.0,0.0,5.0,1.0,88.0
1.0,3.0,21.0,1.0,0.28000000000000003,0.2727,0.35999999999999999,0.22390000000000002,4.0,0.0,5.0,1.0,79.0
1.0,3.0,22.0,1.0,0.26000000000000001,0.24239999999999998,0.40999999999999998,0.25370000000000004,4.0,0.0,5.0,1.0,62.0
1.0,3.0,23.0,1.0,0.26000000000000001,0.2576,0.40999999999999998,0.19399999999999998,4.0,0.0,5.0,1.0,26.0
1.0,3.0,0.0,1.0,0.23999999999999999,0.2273,0.44,0.19399999999999998,4.0,0.0,6.0,0.0,17.0
1.0,3.0,1.0,1.0,0.23999999999999999,0.24239999999999998,0.47999999999999998,0.1343,4.0,0.0,6.0,0.0,6.0
1.0,3.0,2.0,1.0,0.23999999999999999,0.24239999999999998,0.47999999999999998,0.1343,4.0,0.0,6.0,0.0,4.0
1.0,3.0,3.0,1.0,0.22,0.2273,0.51000000000000001,0.16420000000000001,4.0,0.0,6.0,0.0,1.0
1.0,3.0,4.0,1.0,0.19999999999999998,0.2273,0.55000000000000004,0.089599999999999999,4.0,0.0,6.0,0.0,1.0
1.0,3.0,5.0,1.0,0.19999999999999998,0.2273,0.55000000000000004,0.089599999999999999,4.0,0.0,6.0,0.0,18.0
1.0,3.0,6.0,1.0,0.17999999999999999,0.19699999999999998,0.58999999999999997,0.1343,4.0,0.0,6.0,0.0,91.0
1.0,3.0,7.0,1.0,0.17999999999999999,0.19699999999999998,0.58999999999999997,0.1343,4.0,0.0,6.0,0.0,260.0
1.0,3.0,8.0,1.0,0.19999999999999998,0.2273,0.58999999999999997,0.1045,4.0,0.0,6.0,0.0,428.0
1.0,3.0,9.0,2.0,0.22,0.2576,0.59999999999999998,0.089599999999999999,4.0,0.0,6.0,0.0,197.0
1.0,3.0,10.0,2.0,0.23999999999999999,0.2576,0.59999999999999998,0.0,4.0,0.0,6.0,0.0,86.0
1.0,3.0,11.0,2.0,0.26000000000000001,0.2727,0.56000000000000005,0.1343,4.0,0.0,6.0,0.0,103.0
1.0,3.0,12.0,2.0,0.26000000000000001,0.30299999999999999,0.52000000000000002,0.0,4.0,0.0,6.0,0.0,137.0
1.0,3.0,13.0,2.0,0.26000000000000001,0.2576,0.55000000000000004,0.29850000000000004,4.0,0.0,6.0,0.0,120.0
1.0,3.0,14.0,2.0,0.28000000000000003,0.2576,0.56999999999999995,0.35820000000000002,4.0,0.0,6.0,0.0,128.0
1.0,3.0,15.0,2.0,0.30000000000000004,0.28789999999999999,0.53000000000000003,0.19399999999999998,4.0,0.0,6.0,0.0,130.0
1.0,3.0,16.0,1.0,0.30000000000000004,0.2727,0.45000000000000001,0.29850000000000004,4.0,0.0,6.0,0.0,210.0
1.0,3.0,17.0,3.0,0.30000000000000004,0.2727,0.45000000000000001,0.29850000000000004,4.0,0.0,6.0,0.0,387.0
1.0,3.0,18.0,3.0,0.28000000000000003,0.2273,0.55000000000000004,0.65669999999999995,4.0,0.0,6.0,0.0,375.0
1.0,3.0,19.0,1.0,0.26000000000000001,0.2576,0.53000000000000003,0.22390000000000002,4.0,0.0,6.0,0.0,226.0
1.0,3.0,20.0,1.0,0.26000000000000001,0.2273,0.37,0.4627,4.0,0.0,6.0,0.0,179.0
1.0,3.0,21.0,1.0,0.26000000000000001,0.2273,0.37,0.3881,4.0,0.0,6.0,0.0,120.0
1.0,3.0,22.0,1.0,0.23999999999999999,0.21210000000000001,0.34999999999999998,0.32840000000000003,4.0,0.0,6.0,0.0,78.0
1.0,3.0,23.0,1.0,0.22,0.18179999999999999,0.37,0.58210000000000006,4.0,0.0,6.0,0.0,31.0
1.0,3.0,0.0,1.0,0.22,0.21210000000000001,0.37,0.29850000000000004,4.0,0.0,7.0,0.0,8.0
1.0,3.0,1.0,1.0,0.19999999999999998,0.19699999999999998,0.44,0.25370000000000004,4.0,0.0,7.0,0.0,6.0
1.0,3.0,2.0,1.0,0.19999999999999998,0.19699999999999998,0.44,0.22390000000000002,4.0,0.0,7.0,0.0,4.0
1.0,3.0,3.0,1.0,0.17999999999999999,0.16670000000000001,0.51000000000000001,0.28360000000000002,4.0,0.0,7.0,0.0,1.0
1.0,3.0,4.0,1.0,0.17999999999999999,0.16670000000000001,0.51000000000000001,0.29850000000000004,4.0,0.0,7.0,0.0,3.0
1.0,3.0,5.0,1.0,0.17999999999999999,0.18179999999999999,0.51000000000000001,0.22390000000000002,4.0,0.0,7.0,0.0,25.0
1.0,3.0,6.0,1.0,0.17999999999999999,0.21210000000000001,0.51000000000000001,0.1045,4.0,0.0,7.0,0.0,102.0
1.0,3.0,7.0,1.0,0.16,0.18179999999999999,0.55000000000000004,0.1343,4.0,0.0,7.0,0.0,275.0
1.0,3.0,8.0,1.0,0.16,0.18179999999999999,0.58999999999999997,0.1045,4.0,0.0,7.0,0.0,501.0
1.0,3.0,9.0,1.0,0.22,0.2727,0.46999999999999997,0.0,4.0,0.0,7.0,0.0,233.0
1.0,3.0,10.0,1.0,0.23999999999999999,0.2576,0.44,0.0,4.0,0.0,7.0,0.0,129.0
1.0,3.0,11.0,1.0,0.26000000000000001,0.2576,0.40999999999999998,0.16420000000000001,4.0,0.0,7.0,0.0,130.0
1.0,3.0,12.0,1.0,0.26000000000000001,0.2727,0.40999999999999998,0.1045,4.0,0.0,7.0,0.0,138.0
1.0,3.0,13.0,1.0,0.30000000000000004,0.30299999999999999,0.39000000000000001,0.1343,4.0,0.0,7.0,0.0,164.0
1.0,3.0,14.0,1.0,0.32000000000000001,0.30299999999999999,0.35999999999999999,0.22390000000000002,4.0,0.0,7.0,0.0,136.0
1.0,3.0,15.0,1.0,0.33999999999999997,0.30299999999999999,0.35999999999999999,0.29850000000000004,4.0,0.0,7.0,0.0,166.0
1.0,3.0,16.0,1.0,0.35999999999999999,0.33329999999999999,0.32000000000000001,0.28360000000000002,4.0,0.0,7.0,0.0,250.0
1.0,3.0,17.0,1.0,0.35999999999999999,0.33329999999999999,0.34000000000000002,0.28360000000000002,4.0,0.0,7.0,0.0,446.0
1.0,3.0,18.0,1.0,0.33999999999999997,0.30299999999999999,0.41999999999999998,0.32840000000000003,4.0,0.0,7.0,0.0,457.0
1.0,3.0,19.0,1.0,0.33999999999999997,0.30299999999999999,0.46000000000000002,0.29850000000000004,4.0,0.0,7.0,0.0,287.0
1.0,3.0,20.0,1.0,0.32000000000000001,0.31819999999999998,0.48999999999999999,0.19399999999999998,4.0,0.0,7.0,0.0,187.0
1.0,3.0,21.0,1.0,0.32000000000000001,0.31819999999999998,0.48999999999999999,0.19399999999999998,4.0,0.0,7.0,0.0,148.0
1.0,3.0,22.0,1.0,0.28000000000000003,0.2727,0.56000000000000005,0.16420000000000001,4.0,0.0,7.0,0.0,106.0
1.0,3.0,23.0,1.0,0.28000000000000003,0.2727,0.60999999999999999,0.22390000000000002,4.0,0.0,7.0,0.0,54.0
1.0,3.0,0.0,1.0,0.28000000000000003,0.2576,0.65000000000000002,0.28360000000000002,4.0,0.0,1.0,1.0,15.0
1.0,3.0,1.0,1.0,0.30000000000000004,0.2727,0.60999999999999999,0.29850000000000004,4.0,0.0,1.0,1.0,5.0
1.0,3.0,2.0,1.0,0.30000000000000004,0.28789999999999999,0.56000000000000005,0.28360000000000002,4.0,0.0,1.0,1.0,4.0
1.0,3.0,3.0,1.0,0.30000000000000004,0.2727,0.56000000000000005,0.35820000000000002,4.0,0.0,1.0,1.0,3.0
1.0,3.0,4.0,1.0,0.28000000000000003,0.2576,0.60999999999999999,0.32840000000000003,4.0,0.0,1.0,1.0,3.0
1.0,3.0,5.0,1.0,0.28000000000000003,0.2576,0.56000000000000005,0.29850000000000004,4.0,0.0,1.0,1.0,18.0
1.0,3.0,6.0,1.0,0.28000000000000003,0.2576,0.60999999999999999,0.3881,4.0,0.0,1.0,1.0,108.0
1.0,3.0,7.0,1.0,0.26000000000000001,0.2273,0.65000000000000002,0.3881,4.0,0.0,1.0,1.0,344.0
1.0,3.0,8.0,1.0,0.28000000000000003,0.2576,0.60999999999999999,0.29850000000000004,4.0,0.0,1.0,1.0,566.0
1.0,3.0,9.0,1.0,0.30000000000000004,0.2727,0.60999999999999999,0.32840000000000003,4.0,0.0,1.0,1.0,264.0
1.0,3.0,10.0,1.0,0.35999999999999999,0.33329999999999999,0.5,0.29850000000000004,4.0,0.0,1.0,1.0,147.0
1.0,3.0,11.0,1.0,0.41999999999999998,0.42420000000000002,0.38,0.29850000000000004,4.0,0.0,1.0,1.0,161.0
1.0,3.0,12.0,1.0,0.44,0.43939999999999996,0.38,0.3881,4.0,0.0,1.0,1.0,215.0
1.0,3.0,13.0,1.0,0.5,0.48479999999999995,0.34000000000000002,0.41790000000000005,4.0,0.0,1.0,1.0,205.0
1.0,3.0,14.0,1.0,0.52000000000000002,0.5,0.35999999999999999,0.32840000000000003,4.0,0.0,1.0,1.0,175.0
1.0,3.0,15.0,1.0,0.54000000000000004,0.51519999999999999,0.37,0.44780000000000003,4.0,0.0,1.0,1.0,209.0
1.0,3.0,16.0,1.0,0.56000000000000005,0.53029999999999999,0.37,0.41790000000000005,4.0,0.0,1.0,1.0,288.0
1.0,3.0,17.0,1.0,0.56000000000000005,0.53029999999999999,0.42999999999999999,0.49250000000000005,4.0,0.0,1.0,1.0,612.0
1.0,3.0,18.0,1.0,0.56000000000000005,0.53029999999999999,0.40000000000000002,0.4627,4.0,0.0,1.0,1.0,544.0
1.0,3.0,19.0,1.0,0.54000000000000004,0.51519999999999999,0.41999999999999998,0.35820000000000002,4.0,0.0,1.0,1.0,361.0
1.0,3.0,20.0,1.0,0.5,0.48479999999999995,0.51000000000000001,0.25370000000000004,4.0,0.0,1.0,1.0,260.0
1.0,3.0,21.0,1.0,0.44,0.43939999999999996,0.62,0.25370000000000004,4.0,0.0,1.0,1.0,188.0
1.0,3.0,22.0,1.0,0.45999999999999996,0.45450000000000002,0.58999999999999997,0.29850000000000004,4.0,0.0,1.0,1.0,159.0
1.0,3.0,23.0,1.0,0.44,0.43939999999999996,0.62,0.32840000000000003,4.0,0.0,1.0,1.0,62.0
1.0,3.0,0.0,1.0,0.44,0.43939999999999996,0.62,0.32840000000000003,4.0,0.0,2.0,1.0,46.0
1.0,3.0,1.0,1.0,0.45999999999999996,0.45450000000000002,0.63,0.32840000000000003,4.0,0.0,2.0,1.0,21.0
1.0,3.0,2.0,1.0,0.45999999999999996,0.45450000000000002,0.63,0.3881,4.0,0.0,2.0,1.0,11.0
1.0,3.0,3.0,1.0,0.45999999999999996,0.45450000000000002,0.63,0.3881,4.0,0.0,2.0,1.0,3.0
1.0,3.0,4.0,1.0,0.44,0.43939999999999996,0.71999999999999997,0.28360000000000002,4.0,0.0,2.0,1.0,2.0
1.0,3.0,5.0,1.0,0.41999999999999998,0.42420000000000002,0.77000000000000002,0.22390000000000002,4.0,0.0,2.0,1.0,29.0
1.0,3.0,6.0,1.0,0.41999999999999998,0.42420000000000002,0.77000000000000002,0.25370000000000004,4.0,0.0,2.0,1.0,109.0
1.0,3.0,7.0,1.0,0.41999999999999998,0.42420000000000002,0.77000000000000002,0.35820000000000002,4.0,0.0,2.0,1.0,334.0
1.0,3.0,8.0,1.0,0.44,0.43939999999999996,0.77000000000000002,0.3881,4.0,0.0,2.0,1.0,585.0
1.0,3.0,9.0,1.0,0.45999999999999996,0.45450000000000002,0.71999999999999997,0.4627,4.0,0.0,2.0,1.0,301.0
1.0,3.0,10.0,1.0,0.5,0.48479999999999995,0.68000000000000005,0.4627,4.0,0.0,2.0,1.0,138.0
1.0,3.0,11.0,2.0,0.54000000000000004,0.51519999999999999,0.59999999999999998,0.4627,4.0,0.0,2.0,1.0,204.0
1.0,3.0,12.0,2.0,0.56000000000000005,0.53029999999999999,0.59999999999999998,0.44780000000000003,4.0,0.0,2.0,1.0,251.0
1.0,3.0,13.0,2.0,0.60000000000000009,0.62119999999999997,0.48999999999999999,0.64179999999999993,4.0,0.0,2.0,1.0,233.0
1.0,3.0,14.0,2.0,0.62,0.62119999999999997,0.42999999999999999,0.64179999999999993,4.0,0.0,2.0,1.0,203.0
1.0,3.0,15.0,1.0,0.64000000000000001,0.62119999999999997,0.38,0.68659999999999999,4.0,0.0,2.0,1.0,185.0
1.0,3.0,16.0,2.0,0.62,0.62119999999999997,0.40999999999999998,0.64179999999999993,4.0,0.0,2.0,1.0,342.0
1.0,3.0,17.0,1.0,0.62,0.62119999999999997,0.38,0.65669999999999995,4.0,0.0,2.0,1.0,597.0
1.0,3.0,18.0,2.0,0.62,0.62119999999999997,0.38,0.55220000000000002,4.0,0.0,2.0,1.0,590.0
1.0,3.0,19.0,2.0,0.60000000000000009,0.62119999999999997,0.40000000000000002,0.44780000000000003,4.0,0.0,2.0,1.0,416.0
1.0,3.0,20.0,2.0,0.60000000000000009,0.62119999999999997,0.42999999999999999,0.3881,4.0,0.0,2.0,1.0,302.0
1.0,3.0,21.0,1.0,0.60000000000000009,0.62119999999999997,0.42999999999999999,0.3881,4.0,0.0,2.0,1.0,233.0
1.0,3.0,22.0,1.0,0.56000000000000005,0.53029999999999999,0.48999999999999999,0.32840000000000003,4.0,0.0,2.0,1.0,153.0
1.0,3.0,23.0,2.0,0.56000000000000005,0.53029999999999999,0.48999999999999999,0.44780000000000003,4.0,0.0,2.0,1.0,94.0
1.0,3.0,0.0,2.0,0.58000000000000007,0.54549999999999998,0.48999999999999999,0.4627,4.0,0.0,3.0,1.0,54.0
1.0,3.0,1.0,3.0,0.56000000000000005,0.53029999999999999,0.52000000000000002,0.49250000000000005,4.0,0.0,3.0,1.0,26.0
1.0,3.0,2.0,3.0,0.47999999999999998,0.46970000000000001,0.77000000000000002,0.41790000000000005,4.0,0.0,3.0,1.0,11.0
1.0,3.0,3.0,1.0,0.45999999999999996,0.45450000000000002,0.77000000000000002,0.52239999999999998,4.0,0.0,3.0,1.0,7.0
1.0,3.0,4.0,3.0,0.39999999999999997,0.40909999999999996,0.66000000000000003,0.28360000000000002,4.0,0.0,3.0,1.0,1.0
1.0,3.0,5.0,3.0,0.39999999999999997,0.40909999999999996,0.66000000000000003,0.28360000000000002,4.0,0.0,3.0,1.0,29.0
1.0,3.0,6.0,2.0,0.39999999999999997,0.40909999999999996,0.5,0.35820000000000002,4.0,0.0,3.0,1.0,85.0
1.0,3.0,7.0,2.0,0.38,0.39390000000000003,0.40000000000000002,0.29850000000000004,4.0,0.0,3.0,1.0,268.0
1.0,3.0,8.0,2.0,0.33999999999999997,0.28789999999999999,0.41999999999999998,0.52239999999999998,4.0,0.0,3.0,1.0,501.0
1.0,3.0,9.0,2.0,0.33999999999999997,0.28789999999999999,0.41999999999999998,0.52239999999999998,4.0,0.0,3.0,1.0,284.0
1.0,3.0,10.0,2.0,0.33999999999999997,0.28789999999999999,0.35999999999999999,0.49250000000000005,4.0,0.0,3.0,1.0,159.0
1.0,3.0,11.0,2.0,0.35999999999999999,0.33329999999999999,0.34000000000000002,0.35820000000000002,4.0,0.0,3.0,1.0,187.0
1.0,3.0,12.0,1.0,0.35999999999999999,0.33329999999999999,0.34000000000000002,0.41790000000000005,4.0,0.0,3.0,1.0,201.0
1.0,3.0,13.0,2.0,0.38,0.39390000000000003,0.28999999999999998,0.3881,4.0,0.0,3.0,1.0,224.0
1.0,3.0,14.0,1.0,0.41999999999999998,0.42420000000000002,0.28000000000000003,0.4627,4.0,0.0,3.0,1.0,178.0
1.0,3.0,15.0,1.0,0.45999999999999996,0.45450000000000002,0.23999999999999999,0.25370000000000004,4.0,0.0,3.0,1.0,238.0
1.0,3.0,16.0,1.0,0.47999999999999998,0.46970000000000001,0.23000000000000001,0.41790000000000005,4.0,0.0,3.0,1.0,343.0
1.0,3.0,17.0,1.0,0.45999999999999996,0.45450000000000002,0.23999999999999999,0.3881,4.0,0.0,3.0,1.0,566.0
1.0,3.0,18.0,1.0,0.44,0.43939999999999996,0.26000000000000001,0.52239999999999998,4.0,0.0,3.0,1.0,470.0
1.0,3.0,19.0,1.0,0.41999999999999998,0.42420000000000002,0.28000000000000003,0.6119,4.0,0.0,3.0,1.0,244.0
1.0,3.0,20.0,1.0,0.38,0.39390000000000003,0.32000000000000001,0.35820000000000002,4.0,0.0,3.0,1.0,159.0
1.0,3.0,21.0,1.0,0.35999999999999999,0.33329999999999999,0.34000000000000002,0.32840000000000003,4.0,0.0,3.0,1.0,141.0
1.0,3.0,22.0,1.0,0.33999999999999997,0.28789999999999999,0.31,0.49250000000000005,4.0,0.0,3.0,1.0,107.0
1.0,3.0,23.0,1.0,0.32000000000000001,0.30299999999999999,0.33000000000000002,0.29850000000000004,4.0,0.0,3.0,1.0,86.0
1.0,3.0,0.0,1.0,0.30000000000000004,0.2727,0.35999999999999999,0.35820000000000002,4.0,0.0,4.0,1.0,77.0
1.0,3.0,1.0,1.0,0.30000000000000004,0.28789999999999999,0.35999999999999999,0.25370000000000004,4.0,0.0,4.0,1.0,51.0
1.0,3.0,2.0,1.0,0.26000000000000001,0.24239999999999998,0.40999999999999998,0.25370000000000004,4.0,0.0,4.0,1.0,42.0
1.0,3.0,3.0,1.0,0.26000000000000001,0.2273,0.40999999999999998,0.29850000000000004,4.0,0.0,4.0,1.0,16.0
1.0,3.0,4.0,1.0,0.23999999999999999,0.21210000000000001,0.40999999999999998,0.35820000000000002,4.0,0.0,4.0,1.0,4.0
1.0,3.0,5.0,1.0,0.22,0.21210000000000001,0.41999999999999998,0.28360000000000002,4.0,0.0,4.0,1.0,10.0
1.0,3.0,6.0,1.0,0.22,0.21210000000000001,0.44,0.28360000000000002,4.0,0.0,4.0,1.0,12.0
1.0,3.0,7.0,1.0,0.22,0.21210000000000001,0.44,0.25370000000000004,4.0,0.0,4.0,1.0,40.0
1.0,3.0,8.0,1.0,0.22,0.21210000000000001,0.44,0.29850000000000004,4.0,0.0,4.0,1.0,111.0
1.0,3.0,9.0,1.0,0.23999999999999999,0.21210000000000001,0.40999999999999998,0.32840000000000003,4.0,0.0,4.0,1.0,148.0
1.0,3.0,10.0,1.0,0.26000000000000001,0.2273,0.34999999999999998,0.41790000000000005,4.0,0.0,4.0,1.0,223.0
1.0,3.0,11.0,1.0,0.30000000000000004,0.2727,0.33000000000000002,0.32840000000000003,4.0,0.0,4.0,1.0,274.0
1.0,3.0,12.0,1.0,0.30000000000000004,0.2727,0.33000000000000002,0.32840000000000003,4.0,0.0,4.0,1.0,329.0
1.0,3.0,13.0,1.0,0.32000000000000001,0.30299999999999999,0.28999999999999998,0.28360000000000002,4.0,0.0,4.0,1.0,357.0
1.0,3.0,14.0,1.0,0.33999999999999997,0.31819999999999998,0.27000000000000002,0.28360000000000002,4.0,0.0,4.0,1.0,379.0
1.0,3.0,15.0,1.0,0.33999999999999997,0.36359999999999998,0.25,0.0,4.0,0.0,4.0,1.0,406.0
1.0,3.0,16.0,1.0,0.35999999999999999,0.36359999999999998,0.23000000000000001,0.0,4.0,0.0,4.0,1.0,390.0
1.0,3.0,17.0,1.0,0.35999999999999999,0.37880000000000003,0.23000000000000001,0.0,4.0,0.0,4.0,1.0,354.0
1.0,3.0,18.0,1.0,0.35999999999999999,0.36359999999999998,0.20999999999999999,0.089599999999999999,4.0,0.0,4.0,1.0,297.0
1.0,3.0,19.0,1.0,0.33999999999999997,0.36359999999999998,0.25,0.0,4.0,0.0,4.0,1.0,184.0
1.0,3.0,20.0,1.0,0.32000000000000001,0.33329999999999999,0.33000000000000002,0.1343,4.0,0.0,4.0,1.0,121.0
1.0,3.0,21.0,1.0,0.30000000000000004,0.28789999999999999,0.39000000000000001,0.22390000000000002,4.0,0.0,4.0,1.0,110.0
1.0,3.0,22.0,1.0,0.26000000000000001,0.2576,0.44,0.16420000000000001,4.0,0.0,4.0,1.0,100.0
1.0,3.0,23.0,1.0,0.26000000000000001,0.2576,0.40999999999999998,0.19399999999999998,4.0,0.0,4.0,1.0,83.0
1.0,3.0,0.0,1.0,0.26000000000000001,0.28789999999999999,0.44,0.089599999999999999,4.0,0.0,5.0,1.0,69.0
1.0,3.0,1.0,1.0,0.23999999999999999,0.24239999999999998,0.52000000000000002,0.16420000000000001,4.0,0.0,5.0,1.0,61.0
1.0,3.0,3.0,1.0,0.23999999999999999,0.24239999999999998,0.59999999999999998,0.1343,4.0,0.0,5.0,1.0,66.0
1.0,3.0,4.0,1.0,0.23999999999999999,0.24239999999999998,0.59999999999999998,0.1343,4.0,0.0,5.0,1.0,22.0
1.0,3.0,5.0,1.0,0.23999999999999999,0.24239999999999998,0.59999999999999998,0.16420000000000001,4.0,0.0,5.0,1.0,7.0
1.0,3.0,6.0,1.0,0.23999999999999999,0.24239999999999998,0.69999999999999996,0.16420000000000001,4.0,0.0,5.0,1.0,10.0
1.0,3.0,7.0,1.0,0.22,0.2273,0.68999999999999995,0.1343,4.0,0.0,5.0,1.0,17.0
1.0,3.0,8.0,1.0,0.22,0.2273,0.68999999999999995,0.1343,4.0,0.0,5.0,1.0,72.0
1.0,3.0,9.0,1.0,0.26000000000000001,0.2576,0.59999999999999998,0.22390000000000002,4.0,0.0,5.0,1.0,90.0
1.0,3.0,10.0,1.0,0.32000000000000001,0.30299999999999999,0.48999999999999999,0.28360000000000002,4.0,0.0,5.0,1.0,218.0
1.0,3.0,11.0,1.0,0.35999999999999999,0.33329999999999999,0.42999999999999999,0.28360000000000002,4.0,0.0,5.0,1.0,299.0
1.0,3.0,12.0,1.0,0.39999999999999997,0.40909999999999996,0.37,0.29850000000000004,4.0,0.0,5.0,1.0,410.0
1.0,3.0,13.0,1.0,0.41999999999999998,0.42420000000000002,0.40999999999999998,0.29850000000000004,4.0,0.0,5.0,1.0,464.0
1.0,3.0,14.0,1.0,0.45999999999999996,0.45450000000000002,0.31,0.28360000000000002,4.0,0.0,5.0,1.0,501.0
1.0,3.0,15.0,1.0,0.5,0.48479999999999995,0.28999999999999998,0.29850000000000004,4.0,0.0,5.0,1.0,487.0
1.0,3.0,16.0,1.0,0.5,0.48479999999999995,0.31,0.35820000000000002,4.0,0.0,5.0,1.0,509.0
1.0,3.0,17.0,1.0,0.52000000000000002,0.5,0.27000000000000002,0.29850000000000004,4.0,0.0,5.0,1.0,498.0
1.0,3.0,18.0,1.0,0.52000000000000002,0.5,0.28999999999999998,0.28360000000000002,4.0,0.0,5.0,1.0,389.0
1.0,3.0,19.0,1.0,0.5,0.48479999999999995,0.31,0.28360000000000002,4.0,0.0,5.0,1.0,258.0
1.0,3.0,20.0,1.0,0.44,0.43939999999999996,0.46999999999999997,0.22390000000000002,4.0,0.0,5.0,1.0,171.0
1.0,3.0,21.0,1.0,0.41999999999999998,0.42420000000000002,0.54000000000000004,0.22390000000000002,4.0,0.0,5.0,1.0,147.0
1.0,3.0,22.0,1.0,0.39999999999999997,0.40909999999999996,0.54000000000000004,0.19399999999999998,4.0,0.0,5.0,1.0,94.0
1.0,3.0,23.0,1.0,0.39999999999999997,0.40909999999999996,0.5,0.16420000000000001,4.0,0.0,5.0,1.0,52.0
1.0,3.0,0.0,1.0,0.38,0.39390000000000003,0.54000000000000004,0.19399999999999998,4.0,0.0,6.0,0.0,24.0
1.0,3.0,1.0,1.0,0.38,0.39390000000000003,0.5,0.1343,4.0,0.0,6.0,0.0,10.0
1.0,3.0,2.0,1.0,0.38,0.39390000000000003,0.54000000000000004,0.1045,4.0,0.0,6.0,0.0,9.0
1.0,3.0,3.0,1.0,0.35999999999999999,0.34850000000000003,0.5,0.1343,4.0,0.0,6.0,0.0,2.0
1.0,3.0,4.0,1.0,0.33999999999999997,0.33329999999999999,0.60999999999999999,0.19399999999999998,4.0,0.0,6.0,0.0,3.0
1.0,3.0,5.0,1.0,0.33999999999999997,0.33329999999999999,0.60999999999999999,0.19399999999999998,4.0,0.0,6.0,0.0,16.0
1.0,3.0,6.0,1.0,0.33999999999999997,0.34850000000000003,0.56999999999999995,0.1045,4.0,0.0,6.0,0.0,88.0
1.0,3.0,7.0,1.0,0.33999999999999997,0.34850000000000003,0.53000000000000003,0.1045,4.0,0.0,6.0,0.0,268.0
1.0,3.0,8.0,1.0,0.33999999999999997,0.33329999999999999,0.60999999999999999,0.1343,4.0,0.0,6.0,0.0,564.0
1.0,3.0,9.0,1.0,0.38,0.39390000000000003,0.54000000000000004,0.16420000000000001,4.0,0.0,6.0,0.0,281.0
1.0,3.0,10.0,1.0,0.39999999999999997,0.40909999999999996,0.5,0.22390000000000002,4.0,0.0,6.0,0.0,137.0
1.0,3.0,11.0,1.0,0.44,0.43939999999999996,0.44,0.22390000000000002,4.0,0.0,6.0,0.0,150.0
1.0,3.0,12.0,1.0,0.47999999999999998,0.46970000000000001,0.39000000000000001,0.22390000000000002,4.0,0.0,6.0,0.0,221.0
1.0,3.0,13.0,2.0,0.54000000000000004,0.51519999999999999,0.32000000000000001,0.25370000000000004,4.0,0.0,6.0,0.0,250.0
1.0,3.0,14.0,2.0,0.58000000000000007,0.54549999999999998,0.32000000000000001,0.28360000000000002,4.0,0.0,6.0,0.0,221.0
1.0,3.0,15.0,1.0,0.56000000000000005,0.53029999999999999,0.40000000000000002,0.1343,4.0,0.0,6.0,0.0,233.0
1.0,3.0,16.0,1.0,0.62,0.62119999999999997,0.34999999999999998,0.44780000000000003,4.0,0.0,6.0,0.0,332.0
1.0,3.0,17.0,2.0,0.62,0.62119999999999997,0.38,0.41790000000000005,4.0,0.0,6.0,0.0,644.0
1.0,3.0,18.0,2.0,0.60000000000000009,0.62119999999999997,0.42999999999999999,0.19399999999999998,4.0,0.0,6.0,0.0,712.0
1.0,3.0,19.0,2.0,0.56000000000000005,0.53029999999999999,0.48999999999999999,0.22390000000000002,4.0,0.0,6.0,0.0,446.0
1.0,3.0,20.0,2.0,0.56000000000000005,0.53029999999999999,0.48999999999999999,0.22390000000000002,4.0,0.0,6.0,0.0,286.0
1.0,3.0,21.0,2.0,0.54000000000000004,0.51519999999999999,0.56000000000000005,0.22390000000000002,4.0,0.0,6.0,0.0,205.0
1.0,3.0,22.0,2.0,0.56000000000000005,0.53029999999999999,0.56000000000000005,0.22390000000000002,4.0,0.0,6.0,0.0,133.0
1.0,3.0,23.0,1.0,0.56000000000000005,0.53029999999999999,0.56000000000000005,0.22390000000000002,4.0,0.0,6.0,0.0,63.0
1.0,3.0,0.0,2.0,0.56000000000000005,0.53029999999999999,0.52000000000000002,0.19399999999999998,4.0,0.0,7.0,0.0,26.0
1.0,3.0,1.0,2.0,0.52000000000000002,0.5,0.58999999999999997,0.22390000000000002,4.0,0.0,7.0,0.0,16.0
1.0,3.0,2.0,3.0,0.52000000000000002,0.5,0.71999999999999997,0.29850000000000004,4.0,0.0,7.0,0.0,1.0
1.0,3.0,3.0,3.0,0.52000000000000002,0.5,0.71999999999999997,0.29850000000000004,4.0,0.0,7.0,0.0,2.0
1.0,3.0,4.0,2.0,0.45999999999999996,0.45450000000000002,0.81999999999999995,0.19399999999999998,4.0,0.0,7.0,0.0,1.0
1.0,3.0,5.0,2.0,0.45999999999999996,0.45450000000000002,0.81999999999999995,0.19399999999999998,4.0,0.0,7.0,0.0,24.0
1.0,3.0,6.0,3.0,0.45999999999999996,0.45450000000000002,0.81999999999999995,0.19399999999999998,4.0,0.0,7.0,0.0,113.0
1.0,3.0,7.0,2.0,0.45999999999999996,0.45450000000000002,0.81999999999999995,0.28360000000000002,4.0,0.0,7.0,0.0,308.0
1.0,3.0,8.0,1.0,0.45999999999999996,0.45450000000000002,0.81999999999999995,0.28360000000000002,4.0,0.0,7.0,0.0,593.0
1.0,3.0,9.0,1.0,0.47999999999999998,0.46970000000000001,0.81999999999999995,0.28360000000000002,4.0,0.0,7.0,0.0,342.0
1.0,3.0,10.0,1.0,0.52000000000000002,0.5,0.77000000000000002,0.22390000000000002,4.0,0.0,7.0,0.0,143.0
1.0,3.0,11.0,1.0,0.54000000000000004,0.51519999999999999,0.72999999999999998,0.28360000000000002,4.0,0.0,7.0,0.0,219.0
1.0,3.0,12.0,1.0,0.60000000000000009,0.60609999999999997,0.59999999999999998,0.28360000000000002,4.0,0.0,7.0,0.0,244.0
1.0,3.0,13.0,1.0,0.60000000000000009,0.60609999999999997,0.59999999999999998,0.3881,4.0,0.0,7.0,0.0,233.0
1.0,3.0,14.0,1.0,0.64000000000000001,0.62119999999999997,0.53000000000000003,0.32840000000000003,4.0,0.0,7.0,0.0,212.0
1.0,3.0,15.0,1.0,0.69999999999999996,0.63639999999999997,0.39000000000000001,0.22390000000000002,4.0,0.0,7.0,0.0,264.0
1.0,3.0,16.0,1.0,0.71999999999999997,0.65150000000000008,0.34000000000000002,0.3881,4.0,0.0,7.0,0.0,365.0
1.0,3.0,17.0,1.0,0.69999999999999996,0.63639999999999997,0.37,0.1045,4.0,0.0,7.0,0.0,676.0
1.0,3.0,18.0,1.0,0.69999999999999996,0.63639999999999997,0.34000000000000002,0.29850000000000004,4.0,0.0,7.0,0.0,734.0
1.0,3.0,19.0,1.0,0.64000000000000001,0.62119999999999997,0.46999999999999997,0.22390000000000002,4.0,0.0,7.0,0.0,479.0
1.0,3.0,20.0,1.0,0.60000000000000009,0.62119999999999997,0.48999999999999999,0.16420000000000001,4.0,0.0,7.0,0.0,351.0
1.0,3.0,21.0,1.0,0.58000000000000007,0.54549999999999998,0.56000000000000005,0.1045,4.0,0.0,7.0,0.0,244.0
1.0,3.0,22.0,1.0,0.56000000000000005,0.53029999999999999,0.59999999999999998,0.089599999999999999,4.0,0.0,7.0,0.0,170.0
1.0,3.0,23.0,1.0,0.56000000000000005,0.53029999999999999,0.56000000000000005,0.1343,4.0,0.0,7.0,0.0,87.0
1.0,3.0,0.0,1.0,0.54000000000000004,0.51519999999999999,0.59999999999999998,0.1045,4.0,0.0,1.0,1.0,39.0
1.0,3.0,1.0,1.0,0.52000000000000002,0.5,0.63,0.089599999999999999,4.0,0.0,1.0,1.0,27.0
1.0,3.0,2.0,1.0,0.5,0.48479999999999995,0.68000000000000005,0.19399999999999998,4.0,0.0,1.0,1.0,2.0
1.0,3.0,3.0,1.0,0.47999999999999998,0.46970000000000001,0.71999999999999997,0.19399999999999998,4.0,0.0,1.0,1.0,4.0
1.0,3.0,4.0,1.0,0.47999999999999998,0.46970000000000001,0.67000000000000004,0.089599999999999999,4.0,0.0,1.0,1.0,5.0
1.0,3.0,5.0,1.0,0.44,0.43939999999999996,0.81999999999999995,0.1343,4.0,0.0,1.0,1.0,27.0
1.0,3.0,6.0,1.0,0.44,0.43939999999999996,0.81999999999999995,0.089599999999999999,4.0,0.0,1.0,1.0,121.0
1.0,3.0,7.0,1.0,0.44,0.43939999999999996,0.81999999999999995,0.1045,4.0,0.0,1.0,1.0,368.0
1.0,3.0,8.0,1.0,0.44,0.43939999999999996,0.81999999999999995,0.0,4.0,0.0,1.0,1.0,662.0
1.0,3.0,9.0,1.0,0.52000000000000002,0.5,0.68000000000000005,0.0,4.0,0.0,1.0,1.0,351.0
1.0,3.0,10.0,1.0,0.56000000000000005,0.53029999999999999,0.56000000000000005,0.1045,4.0,0.0,1.0,1.0,188.0
1.0,3.0,11.0,2.0,0.62,0.62119999999999997,0.40999999999999998,0.16420000000000001,4.0,0.0,1.0,1.0,220.0
1.0,3.0,12.0,2.0,0.64000000000000001,0.62119999999999997,0.28999999999999998,0.0,4.0,0.0,1.0,1.0,267.0
1.0,3.0,13.0,1.0,0.65999999999999992,0.62119999999999997,0.27000000000000002,0.22390000000000002,4.0,0.0,1.0,1.0,254.0
1.0,3.0,14.0,1.0,0.69999999999999996,0.63639999999999997,0.23000000000000001,0.32840000000000003,4.0,0.0,1.0,1.0,224.0
1.0,3.0,15.0,1.0,0.69999999999999996,0.63639999999999997,0.23999999999999999,0.0,4.0,0.0,1.0,1.0,283.0
1.0,3.0,16.0,1.0,0.71999999999999997,0.63639999999999997,0.25,0.19399999999999998,4.0,0.0,1.0,1.0,356.0
1.0,3.0,17.0,1.0,0.69999999999999996,0.63639999999999997,0.28000000000000003,0.089599999999999999,4.0,0.0,1.0,1.0,782.0
1.0,3.0,18.0,1.0,0.69999999999999996,0.63639999999999997,0.32000000000000001,0.0,4.0,0.0,1.0,1.0,749.0
1.0,3.0,19.0,1.0,0.64000000000000001,0.62119999999999997,0.33000000000000002,0.16420000000000001,4.0,0.0,1.0,1.0,472.0
1.0,3.0,20.0,1.0,0.62,0.62119999999999997,0.34999999999999998,0.1045,4.0,0.0,1.0,1.0,330.0
1.0,3.0,21.0,1.0,0.60000000000000009,0.62119999999999997,0.40000000000000002,0.089599999999999999,4.0,0.0,1.0,1.0,288.0
1.0,3.0,22.0,1.0,0.52000000000000002,0.5,0.55000000000000004,0.1343,4.0,0.0,1.0,1.0,202.0
1.0,3.0,23.0,1.0,0.56000000000000005,0.53029999999999999,0.42999999999999999,0.16420000000000001,4.0,0.0,1.0,1.0,91.0
1.0,3.0,0.0,1.0,0.54000000000000004,0.51519999999999999,0.48999999999999999,0.1343,4.0,0.0,2.0,1.0,60.0
1.0,3.0,1.0,1.0,0.5,0.48479999999999995,0.58999999999999997,0.1045,4.0,0.0,2.0,1.0,23.0
1.0,3.0,2.0,1.0,0.5,0.48479999999999995,0.58999999999999997,0.0,4.0,0.0,2.0,1.0,19.0
1.0,3.0,3.0,1.0,0.5,0.48479999999999995,0.63,0.0,4.0,0.0,2.0,1.0,7.0
1.0,3.0,4.0,1.0,0.44,0.43939999999999996,0.77000000000000002,0.1045,4.0,0.0,2.0,1.0,14.0
1.0,3.0,5.0,1.0,0.45999999999999996,0.45450000000000002,0.67000000000000004,0.0,4.0,0.0,2.0,1.0,26.0
1.0,3.0,6.0,1.0,0.44,0.43939999999999996,0.71999999999999997,0.089599999999999999,4.0,0.0,2.0,1.0,117.0
1.0,3.0,7.0,1.0,0.44,0.43939999999999996,0.71999999999999997,0.089599999999999999,4.0,0.0,2.0,1.0,381.0
1.0,3.0,8.0,1.0,0.44,0.43939999999999996,0.77000000000000002,0.1045,4.0,0.0,2.0,1.0,623.0
1.0,3.0,9.0,1.0,0.47999999999999998,0.46970000000000001,0.77000000000000002,0.089599999999999999,4.0,0.0,2.0,1.0,315.0
1.0,3.0,10.0,1.0,0.52000000000000002,0.5,0.68000000000000005,0.1045,4.0,0.0,2.0,1.0,164.0
1.0,3.0,11.0,1.0,0.56000000000000005,0.53029999999999999,0.59999999999999998,0.1343,4.0,0.0,2.0,1.0,211.0
1.0,3.0,12.0,2.0,0.62,0.62119999999999997,0.5,0.1343,4.0,0.0,2.0,1.0,265.0
1.0,3.0,13.0,2.0,0.65999999999999992,0.62119999999999997,0.40999999999999998,0.089599999999999999,4.0,0.0,2.0,1.0,273.0
1.0,3.0,14.0,2.0,0.71999999999999997,0.65150000000000008,0.29999999999999999,0.1045,4.0,0.0,2.0,1.0,258.0
1.0,3.0,15.0,1.0,0.71999999999999997,0.65150000000000008,0.32000000000000001,0.22390000000000002,4.0,0.0,2.0,1.0,287.0
1.0,3.0,16.0,1.0,0.71999999999999997,0.65150000000000008,0.37,0.3881,4.0,0.0,2.0,1.0,426.0
1.0,3.0,17.0,1.0,0.69999999999999996,0.63639999999999997,0.39000000000000001,0.25370000000000004,4.0,0.0,2.0,1.0,713.0
1.0,3.0,18.0,1.0,0.65999999999999992,0.62119999999999997,0.44,0.28360000000000002,4.0,0.0,2.0,1.0,746.0
1.0,3.0,19.0,2.0,0.64000000000000001,0.62119999999999997,0.5,0.19399999999999998,4.0,0.0,2.0,1.0,425.0
1.0,3.0,20.0,2.0,0.58000000000000007,0.54549999999999998,0.59999999999999998,0.35820000000000002,4.0,0.0,2.0,1.0,330.0
1.0,3.0,21.0,1.0,0.54000000000000004,0.51519999999999999,0.68000000000000005,0.28360000000000002,4.0,0.0,2.0,1.0,243.0
1.0,3.0,22.0,1.0,0.52000000000000002,0.5,0.68000000000000005,0.1343,4.0,0.0,2.0,1.0,169.0
1.0,3.0,23.0,1.0,0.47999999999999998,0.46970000000000001,0.71999999999999997,0.19399999999999998,4.0,0.0,2.0,1.0,97.0
1.0,3.0,0.0,1.0,0.44,0.43939999999999996,0.77000000000000002,0.25370000000000004,4.0,0.0,3.0,1.0,57.0
1.0,3.0,1.0,2.0,0.41999999999999998,0.42420000000000002,0.81999999999999995,0.32840000000000003,4.0,0.0,3.0,1.0,26.0
1.0,3.0,2.0,2.0,0.41999999999999998,0.42420000000000002,0.81999999999999995,0.19399999999999998,4.0,0.0,3.0,1.0,4.0
1.0,3.0,3.0,2.0,0.39999999999999997,0.40909999999999996,0.87,0.28360000000000002,4.0,0.0,3.0,1.0,3.0
1.0,3.0,4.0,2.0,0.39999999999999997,0.40909999999999996,0.87,0.25370000000000004,4.0,0.0,3.0,1.0,3.0
1.0,3.0,5.0,2.0,0.39999999999999997,0.40909999999999996,0.87,0.22390000000000002,4.0,0.0,3.0,1.0,32.0
1.0,3.0,6.0,2.0,0.39999999999999997,0.40909999999999996,0.87,0.16420000000000001,4.0,0.0,3.0,1.0,99.0
1.0,3.0,7.0,2.0,0.39999999999999997,0.40909999999999996,0.87,0.19399999999999998,4.0,0.0,3.0,1.0,278.0
1.0,3.0,8.0,2.0,0.39999999999999997,0.40909999999999996,0.87,0.22390000000000002,4.0,0.0,3.0,1.0,562.0
1.0,3.0,9.0,2.0,0.41999999999999998,0.42420000000000002,0.81999999999999995,0.0,4.0,0.0,3.0,1.0,312.0
1.0,3.0,10.0,2.0,0.39999999999999997,0.40909999999999996,0.87,0.089599999999999999,4.0,0.0,3.0,1.0,180.0
1.0,3.0,11.0,2.0,0.44,0.43939999999999996,0.77000000000000002,0.0,4.0,0.0,3.0,1.0,207.0
1.0,3.0,12.0,2.0,0.44,0.43939999999999996,0.81999999999999995,0.1343,4.0,0.0,3.0,1.0,294.0
1.0,3.0,13.0,2.0,0.45999999999999996,0.45450000000000002,0.77000000000000002,0.089599999999999999,4.0,0.0,3.0,1.0,260.0
1.0,3.0,14.0,2.0,0.47999999999999998,0.46970000000000001,0.71999999999999997,0.0,4.0,0.0,3.0,1.0,202.0
1.0,3.0,15.0,3.0,0.45999999999999996,0.45450000000000002,0.81999999999999995,0.1045,4.0,0.0,3.0,1.0,107.0
1.0,3.0,16.0,3.0,0.47999999999999998,0.46970000000000001,0.77000000000000002,0.0,4.0,0.0,3.0,1.0,129.0
1.0,3.0,17.0,3.0,0.47999999999999998,0.46970000000000001,0.81999999999999995,0.089599999999999999,4.0,0.0,3.0,1.0,258.0
1.0,3.0,18.0,3.0,0.47999999999999998,0.46970000000000001,0.81999999999999995,0.089599999999999999,4.0,0.0,3.0,1.0,408.0
1.0,3.0,19.0,2.0,0.45999999999999996,0.45450000000000002,0.88,0.0,4.0,0.0,3.0,1.0,296.0
1.0,3.0,20.0,1.0,0.45999999999999996,0.45450000000000002,0.88,0.0,4.0,0.0,3.0,1.0,235.0
1.0,3.0,21.0,2.0,0.44,0.43939999999999996,0.93999999999999995,0.0,4.0,0.0,3.0,1.0,152.0
1.0,3.0,22.0,2.0,0.44,0.43939999999999996,0.93999999999999995,0.0,4.0,0.0,3.0,1.0,148.0
1.0,3.0,23.0,2.0,0.44,0.43939999999999996,0.93999999999999995,0.0,4.0,0.0,3.0,1.0,126.0
1.0,3.0,0.0,2.0,0.44,0.43939999999999996,0.93999999999999995,0.089599999999999999,4.0,0.0,4.0,1.0,100.0
1.0,3.0,1.0,2.0,0.44,0.43939999999999996,0.93999999999999995,0.0,4.0,0.0,4.0,1.0,69.0
1.0,3.0,2.0,2.0,0.44,0.43939999999999996,0.88,0.0,4.0,0.0,4.0,1.0,42.0
1.0,3.0,3.0,2.0,0.44,0.43939999999999996,0.88,0.0,4.0,0.0,4.0,1.0,26.0
1.0,3.0,4.0,2.0,0.41999999999999998,0.42420000000000002,0.93999999999999995,0.0,4.0,0.0,4.0,1.0,2.0
1.0,3.0,5.0,2.0,0.41999999999999998,0.42420000000000002,0.93999999999999995,0.089599999999999999,4.0,0.0,4.0,1.0,8.0
1.0,3.0,6.0,2.0,0.41999999999999998,0.42420000000000002,0.93999999999999995,0.19399999999999998,4.0,0.0,4.0,1.0,30.0
1.0,3.0,7.0,2.0,0.39999999999999997,0.40909999999999996,1.0,0.1343,4.0,0.0,4.0,1.0,86.0
1.0,3.0,8.0,2.0,0.41999999999999998,0.42420000000000002,0.93999999999999995,0.1045,4.0,0.0,4.0,1.0,218.0
1.0,3.0,9.0,2.0,0.44,0.43939999999999996,0.88,0.089599999999999999,4.0,0.0,4.0,1.0,321.0
1.0,3.0,10.0,2.0,0.5,0.48479999999999995,0.77000000000000002,0.089599999999999999,4.0,0.0,4.0,1.0,443.0
1.0,3.0,11.0,2.0,0.52000000000000002,0.5,0.77000000000000002,0.1343,4.0,0.0,4.0,1.0,585.0
1.0,3.0,12.0,1.0,0.56000000000000005,0.53029999999999999,0.68000000000000005,0.16420000000000001,4.0,0.0,4.0,1.0,651.0
1.0,3.0,13.0,1.0,0.60000000000000009,0.60609999999999997,0.59999999999999998,0.1045,4.0,0.0,4.0,1.0,686.0
1.0,3.0,14.0,1.0,0.62,0.62119999999999997,0.53000000000000003,0.089599999999999999,4.0,0.0,4.0,1.0,690.0
1.0,3.0,15.0,1.0,0.64000000000000001,0.62119999999999997,0.53000000000000003,0.1343,4.0,0.0,4.0,1.0,679.0
1.0,3.0,16.0,1.0,0.64000000000000001,0.62119999999999997,0.5,0.0,4.0,0.0,4.0,1.0,685.0
1.0,3.0,17.0,1.0,0.64000000000000001,0.62119999999999997,0.5,0.1343,4.0,0.0,4.0,1.0,648.0
1.0,3.0,18.0,1.0,0.62,0.62119999999999997,0.56999999999999995,0.29850000000000004,4.0,0.0,4.0,1.0,560.0
1.0,3.0,19.0,1.0,0.58000000000000007,0.54549999999999998,0.64000000000000001,0.28360000000000002,4.0,0.0,4.0,1.0,417.0
1.0,3.0,20.0,1.0,0.56000000000000005,0.53029999999999999,0.64000000000000001,0.19399999999999998,4.0,0.0,4.0,1.0,271.0
1.0,3.0,21.0,1.0,0.54000000000000004,0.51519999999999999,0.68000000000000005,0.16420000000000001,4.0,0.0,4.0,1.0,223.0
1.0,3.0,22.0,1.0,0.54000000000000004,0.51519999999999999,0.68000000000000005,0.0,4.0,0.0,4.0,1.0,211.0
1.0,3.0,23.0,1.0,0.5,0.48479999999999995,0.77000000000000002,0.16420000000000001,4.0,0.0,4.0,1.0,185.0
1.0,3.0,0.0,1.0,0.45999999999999996,0.45450000000000002,0.88,0.19399999999999998,4.0,0.0,5.0,1.0,107.0
1.0,3.0,1.0,1.0,0.45999999999999996,0.45450000000000002,0.81999999999999995,0.1343,4.0,0.0,5.0,1.0,113.0
1.0,3.0,2.0,2.0,0.45999999999999996,0.45450000000000002,0.81999999999999995,0.1045,4.0,0.0,5.0,1.0,56.0
1.0,3.0,3.0,2.0,0.44,0.43939999999999996,0.88,0.1343,4.0,0.0,5.0,1.0,18.0
1.0,3.0,4.0,2.0,0.41999999999999998,0.42420000000000002,0.93999999999999995,0.16420000000000001,4.0,0.0,5.0,1.0,14.0
1.0,3.0,5.0,2.0,0.39999999999999997,0.40909999999999996,0.93999999999999995,0.1045,4.0,0.0,5.0,1.0,6.0
1.0,3.0,6.0,2.0,0.39999999999999997,0.40909999999999996,0.93999999999999995,0.1045,4.0,0.0,5.0,1.0,11.0
1.0,3.0,7.0,3.0,0.41999999999999998,0.42420000000000002,0.88,0.16420000000000001,4.0,0.0,5.0,1.0,42.0
1.0,3.0,8.0,2.0,0.41999999999999998,0.42420000000000002,0.88,0.1045,4.0,0.0,5.0,1.0,96.0
1.0,3.0,9.0,2.0,0.41999999999999998,0.42420000000000002,0.88,0.089599999999999999,4.0,0.0,5.0,1.0,178.0
1.0,3.0,10.0,2.0,0.41999999999999998,0.42420000000000002,0.88,0.1045,4.0,0.0,5.0,1.0,351.0
1.0,3.0,11.0,2.0,0.44,0.43939999999999996,0.81999999999999995,0.16420000000000001,4.0,0.0,5.0,1.0,368.0
1.0,3.0,12.0,2.0,0.44,0.43939999999999996,0.88,0.1343,4.0,0.0,5.0,1.0,503.0
1.0,3.0,13.0,2.0,0.45999999999999996,0.45450000000000002,0.81999999999999995,0.16420000000000001,4.0,0.0,5.0,1.0,544.0
1.0,3.0,14.0,2.0,0.5,0.48479999999999995,0.77000000000000002,0.089599999999999999,4.0,0.0,5.0,1.0,521.0
1.0,3.0,15.0,1.0,0.54000000000000004,0.51519999999999999,0.68000000000000005,0.089599999999999999,4.0,0.0,5.0,1.0,554.0
1.0,3.0,16.0,1.0,0.54000000000000004,0.51519999999999999,0.72999999999999998,0.089599999999999999,4.0,0.0,5.0,1.0,541.0
1.0,3.0,17.0,1.0,0.56000000000000005,0.53029999999999999,0.64000000000000001,0.089599999999999999,4.0,0.0,5.0,1.0,541.0
1.0,3.0,18.0,1.0,0.56000000000000005,0.53029999999999999,0.64000000000000001,0.16420000000000001,4.0,0.0,5.0,1.0,459.0
1.0,3.0,19.0,1.0,0.56000000000000005,0.53029999999999999,0.64000000000000001,0.16420000000000001,4.0,0.0,5.0,1.0,352.0
1.0,3.0,20.0,1.0,0.52000000000000002,0.5,0.77000000000000002,0.1343,4.0,0.0,5.0,1.0,198.0
1.0,3.0,21.0,1.0,0.52000000000000002,0.5,0.71999999999999997,0.089599999999999999,4.0,0.0,5.0,1.0,173.0
1.0,3.0,22.0,1.0,0.5,0.48479999999999995,0.77000000000000002,0.1045,4.0,0.0,5.0,1.0,100.0
1.0,3.0,23.0,1.0,0.47999999999999998,0.46970000000000001,0.81999999999999995,0.16420000000000001,4.0,0.0,5.0,1.0,46.0
1.0,3.0,0.0,1.0,0.47999999999999998,0.46970000000000001,0.81999999999999995,0.1045,4.0,0.0,6.0,0.0,23.0
1.0,3.0,1.0,1.0,0.45999999999999996,0.45450000000000002,0.88,0.1045,4.0,0.0,6.0,0.0,15.0
1.0,3.0,2.0,1.0,0.45999999999999996,0.45450000000000002,0.88,0.16420000000000001,4.0,0.0,6.0,0.0,8.0
1.0,3.0,3.0,1.0,0.45999999999999996,0.45450000000000002,0.88,0.089599999999999999,4.0,0.0,6.0,0.0,2.0
1.0,3.0,4.0,1.0,0.44,0.43939999999999996,0.93999999999999995,0.0,4.0,0.0,6.0,0.0,3.0
1.0,3.0,5.0,1.0,0.44,0.43939999999999996,0.93999999999999995,0.0,4.0,0.0,6.0,0.0,31.0
1.0,3.0,6.0,1.0,0.45999999999999996,0.45450000000000002,0.88,0.1343,4.0,0.0,6.0,0.0,120.0
1.0,3.0,7.0,1.0,0.45999999999999996,0.45450000000000002,0.88,0.19399999999999998,4.0,0.0,6.0,0.0,354.0
1.0,3.0,8.0,1.0,0.45999999999999996,0.45450000000000002,0.88,0.1045,4.0,0.0,6.0,0.0,579.0
1.0,3.0,9.0,1.0,0.5,0.48479999999999995,0.71999999999999997,0.16420000000000001,4.0,0.0,6.0,0.0,331.0
1.0,3.0,10.0,1.0,0.52000000000000002,0.5,0.71999999999999997,0.1343,4.0,0.0,6.0,0.0,184.0
1.0,3.0,11.0,1.0,0.56000000000000005,0.53029999999999999,0.68000000000000005,0.16420000000000001,4.0,0.0,6.0,0.0,201.0
1.0,3.0,12.0,1.0,0.60000000000000009,0.60609999999999997,0.64000000000000001,0.25370000000000004,4.0,0.0,6.0,0.0,282.0
1.0,3.0,13.0,1.0,0.62,0.60609999999999997,0.60999999999999999,0.25370000000000004,4.0,0.0,6.0,0.0,263.0
1.0,3.0,14.0,2.0,0.64000000000000001,0.62119999999999997,0.56999999999999995,0.19399999999999998,4.0,0.0,6.0,0.0,260.0
1.0,3.0,15.0,1.0,0.64000000000000001,0.62119999999999997,0.56999999999999995,0.22390000000000002,4.0,0.0,6.0,0.0,286.0
1.0,3.0,16.0,1.0,0.65999999999999992,0.62119999999999997,0.5,0.22390000000000002,4.0,0.0,6.0,0.0,385.0
1.0,3.0,17.0,1.0,0.64000000000000001,0.62119999999999997,0.53000000000000003,0.22390000000000002,4.0,0.0,6.0,0.0,721.0
1.0,3.0,18.0,1.0,0.64000000000000001,0.62119999999999997,0.56999999999999995,0.25370000000000004,4.0,0.0,6.0,0.0,801.0
1.0,3.0,19.0,1.0,0.62,0.60609999999999997,0.60999999999999999,0.22390000000000002,4.0,0.0,6.0,0.0,549.0
1.0,3.0,20.0,1.0,0.60000000000000009,0.60609999999999997,0.64000000000000001,0.22390000000000002,4.0,0.0,6.0,0.0,330.0
1.0,3.0,21.0,1.0,0.60000000000000009,0.60609999999999997,0.64000000000000001,0.16420000000000001,4.0,0.0,6.0,0.0,223.0
1.0,3.0,22.0,2.0,0.56000000000000005,0.53029999999999999,0.72999999999999998,0.16420000000000001,4.0,0.0,6.0,0.0,148.0
1.0,3.0,23.0,2.0,0.56000000000000005,0.53029999999999999,0.78000000000000003,0.1343,4.0,0.0,6.0,0.0,54.0
1.0,3.0,0.0,2.0,0.56000000000000005,0.53029999999999999,0.78000000000000003,0.089599999999999999,4.0,0.0,7.0,0.0,29.0
1.0,3.0,1.0,1.0,0.54000000000000004,0.51519999999999999,0.88,0.0,4.0,0.0,7.0,0.0,15.0
1.0,3.0,2.0,1.0,0.54000000000000004,0.51519999999999999,0.88,0.089599999999999999,4.0,0.0,7.0,0.0,10.0
1.0,3.0,3.0,2.0,0.54000000000000004,0.51519999999999999,0.88,0.0,4.0,0.0,7.0,0.0,3.0
1.0,3.0,4.0,2.0,0.52000000000000002,0.5,0.88,0.1343,4.0,0.0,7.0,0.0,6.0
1.0,3.0,5.0,2.0,0.52000000000000002,0.5,0.93999999999999995,0.0,4.0,0.0,7.0,0.0,20.0
1.0,3.0,6.0,2.0,0.52000000000000002,0.5,0.93999999999999995,0.16420000000000001,4.0,0.0,7.0,0.0,100.0
1.0,3.0,7.0,3.0,0.52000000000000002,0.5,0.93999999999999995,0.22390000000000002,4.0,0.0,7.0,0.0,170.0
1.0,3.0,8.0,2.0,0.52000000000000002,0.5,0.88,0.1045,4.0,0.0,7.0,0.0,516.0
1.0,3.0,9.0,2.0,0.54000000000000004,0.51519999999999999,0.88,0.16420000000000001,4.0,0.0,7.0,0.0,325.0
1.0,3.0,10.0,1.0,0.54000000000000004,0.51519999999999999,0.88,0.19399999999999998,4.0,0.0,7.0,0.0,163.0
1.0,3.0,11.0,1.0,0.58000000000000007,0.54549999999999998,0.82999999999999996,0.1343,4.0,0.0,7.0,0.0,230.0
1.0,3.0,12.0,1.0,0.60000000000000009,0.57579999999999998,0.78000000000000003,0.25370000000000004,4.0,0.0,7.0,0.0,261.0
1.0,3.0,13.0,1.0,0.60000000000000009,0.57579999999999998,0.78000000000000003,0.19399999999999998,4.0,0.0,7.0,0.0,284.0
1.0,3.0,14.0,2.0,0.60000000000000009,0.59089999999999998,0.72999999999999998,0.16420000000000001,4.0,0.0,7.0,0.0,248.0
1.0,3.0,15.0,2.0,0.62,0.60609999999999997,0.68999999999999995,0.1045,4.0,0.0,7.0,0.0,244.0
1.0,3.0,16.0,1.0,0.62,0.60609999999999997,0.66000000000000003,0.22390000000000002,4.0,0.0,7.0,0.0,431.0
1.0,3.0,17.0,1.0,0.60000000000000009,0.59089999999999998,0.72999999999999998,0.19399999999999998,4.0,0.0,7.0,0.0,750.0
1.0,3.0,18.0,1.0,0.60000000000000009,0.59089999999999998,0.68999999999999995,0.25370000000000004,4.0,0.0,7.0,0.0,801.0
1.0,3.0,19.0,1.0,0.58000000000000007,0.54549999999999998,0.72999999999999998,0.1343,4.0,0.0,7.0,0.0,555.0
1.0,3.0,20.0,1.0,0.58000000000000007,0.54549999999999998,0.68000000000000005,0.089599999999999999,4.0,0.0,7.0,0.0,377.0
1.0,3.0,21.0,1.0,0.56000000000000005,0.53029999999999999,0.72999999999999998,0.0,4.0,0.0,7.0,0.0,277.0
1.0,3.0,22.0,1.0,0.54000000000000004,0.51519999999999999,0.77000000000000002,0.0,4.0,0.0,7.0,0.0,188.0
1.0,3.0,23.0,1.0,0.52000000000000002,0.5,0.82999999999999996,0.0,4.0,0.0,7.0,0.0,90.0
1.0,3.0,0.0,1.0,0.52000000000000002,0.5,0.88,0.0,4.0,0.0,1.0,1.0,33.0
1.0,3.0,1.0,1.0,0.52000000000000002,0.5,0.82999999999999996,0.089599999999999999,4.0,0.0,1.0,1.0,26.0
1.0,3.0,2.0,1.0,0.5,0.48479999999999995,0.88,0.1343,4.0,0.0,1.0,1.0,10.0
1.0,3.0,3.0,2.0,0.5,0.48479999999999995,0.88,0.19399999999999998,4.0,0.0,1.0,1.0,8.0
1.0,3.0,4.0,2.0,0.5,0.48479999999999995,0.88,0.1343,4.0,0.0,1.0,1.0,4.0
1.0,3.0,5.0,2.0,0.5,0.48479999999999995,0.88,0.1343,4.0,0.0,1.0,1.0,39.0
1.0,3.0,6.0,2.0,0.47999999999999998,0.46970000000000001,0.93999999999999995,0.22390000000000002,4.0,0.0,1.0,1.0,149.0
1.0,3.0,7.0,3.0,0.47999999999999998,0.46970000000000001,0.93999999999999995,0.19399999999999998,4.0,0.0,1.0,1.0,372.0
1.0,3.0,8.0,3.0,0.47999999999999998,0.46970000000000001,0.93999999999999995,0.1045,4.0,0.0,1.0,1.0,535.0
1.0,3.0,9.0,2.0,0.5,0.48479999999999995,0.88,0.16420000000000001,4.0,0.0,1.0,1.0,293.0
1.0,3.0,10.0,2.0,0.52000000000000002,0.5,0.82999999999999996,0.16420000000000001,4.0,0.0,1.0,1.0,154.0
1.0,3.0,11.0,2.0,0.52000000000000002,0.5,0.82999999999999996,0.16420000000000001,4.0,0.0,1.0,1.0,192.0
1.0,3.0,12.0,2.0,0.54000000000000004,0.51519999999999999,0.77000000000000002,0.0,4.0,0.0,1.0,1.0,229.0
1.0,3.0,13.0,2.0,0.54000000000000004,0.51519999999999999,0.82999999999999996,0.0,4.0,0.0,1.0,1.0,303.0
1.0,3.0,14.0,2.0,0.56000000000000005,0.53029999999999999,0.78000000000000003,0.0,4.0,0.0,1.0,1.0,225.0
1.0,3.0,15.0,2.0,0.56000000000000005,0.53029999999999999,0.78000000000000003,0.0,4.0,0.0,1.0,1.0,243.0
1.0,3.0,16.0,1.0,0.58000000000000007,0.54549999999999998,0.72999999999999998,0.0,4.0,0.0,1.0,1.0,378.0
1.0,3.0,17.0,1.0,0.60000000000000009,0.59089999999999998,0.68999999999999995,0.089599999999999999,4.0,0.0,1.0,1.0,729.0
1.0,3.0,18.0,1.0,0.60000000000000009,0.59089999999999998,0.68999999999999995,0.0,4.0,0.0,1.0,1.0,779.0
1.0,3.0,19.0,1.0,0.60000000000000009,0.60609999999999997,0.64000000000000001,0.0,4.0,0.0,1.0,1.0,582.0
1.0,3.0,20.0,1.0,0.56000000000000005,0.53029999999999999,0.78000000000000003,0.089599999999999999,4.0,0.0,1.0,1.0,374.0
1.0,3.0,21.0,1.0,0.54000000000000004,0.51519999999999999,0.82999999999999996,0.1045,4.0,0.0,1.0,1.0,251.0
1.0,3.0,22.0,1.0,0.52000000000000002,0.5,0.82999999999999996,0.16420000000000001,4.0,0.0,1.0,1.0,197.0
1.0,3.0,23.0,1.0,0.54000000000000004,0.51519999999999999,0.77000000000000002,0.0,4.0,0.0,1.0,1.0,125.0
1.0,3.0,0.0,1.0,0.52000000000000002,0.43863180592991857,0.82999999999999996,0.089599999999999999,1.0,0.0,2.0,1.0,41.0
1.0,3.0,1.0,1.0,0.52000000000000002,0.5,0.82999999999999996,0.089599999999999999,1.0,0.0,2.0,1.0,30.0
1.0,3.0,2.0,1.0,0.52000000000000002,0.5,0.82999999999999996,0.089599999999999999,1.0,0.0,2.0,1.0,6.0
1.0,3.0,3.0,1.0,0.52000000000000002,0.5,0.82999999999999996,0.089599999999999999,1.0,0.0,2.0,1.0,7.0
1.0,3.0,4.0,2.0,0.47999999999999998,0.46970000000000001,1.0,0.089599999999999999,1.0,0.0,2.0,1.0,6.0
1.0,3.0,5.0,2.0,0.47999999999999998,0.46970000000000001,1.0,0.089599999999999999,1.0,0.0,2.0,1.0,34.0
1.0,3.0,6.0,2.0,0.47999999999999998,0.46970000000000001,1.0,0.089599999999999999,1.0,0.0,2.0,1.0,136.0
1.0,3.0,7.0,2.0,0.47999999999999998,0.46970000000000001,1.0,0.089599999999999999,1.0,0.0,2.0,1.0,361.0
1.0,3.0,8.0,2.0,0.5,0.48479999999999995,0.93999999999999995,0.089599999999999999,1.0,0.0,2.0,1.0,649.0
1.0,3.0,9.0,2.0,0.5,0.48479999999999995,0.93999999999999995,0.089599999999999999,1.0,0.0,2.0,1.0,318.0
1.0,3.0,10.0,2.0,0.5,0.48479999999999995,1.0,0.089599999999999999,1.0,0.0,2.0,1.0,142.0
1.0,3.0,11.0,2.0,0.52000000000000002,0.5,0.93999999999999995,0.0,1.0,0.0,2.0,1.0,219.0
1.0,3.0,12.0,2.0,0.54000000000000004,0.51519999999999999,0.88,0.19399999999999998,1.0,0.0,2.0,1.0,272.0
1.0,3.0,13.0,1.0,0.58000000000000007,0.54549999999999998,0.78000000000000003,0.089599999999999999,1.0,0.0,2.0,1.0,298.0
1.0,3.0,14.0,1.0,0.60000000000000009,0.59089999999999998,0.72999999999999998,0.1045,1.0,0.0,2.0,1.0,257.0
1.0,3.0,15.0,1.0,0.62,0.60609999999999997,0.68999999999999995,0.19399999999999998,1.0,0.0,2.0,1.0,304.0
1.0,3.0,16.0,1.0,0.64000000000000001,0.60609999999999997,0.65000000000000002,0.19399999999999998,1.0,0.0,2.0,1.0,425.0
1.0,3.0,17.0,1.0,0.65999999999999992,0.62119999999999997,0.65000000000000002,0.16420000000000001,1.0,0.0,2.0,1.0,810.0
1.0,3.0,18.0,1.0,0.65999999999999992,0.62119999999999997,0.65000000000000002,0.16420000000000001,1.0,0.0,2.0,1.0,801.0
1.0,3.0,19.0,1.0,0.65999999999999992,0.62119999999999997,0.60999999999999999,0.0,1.0,0.0,2.0,1.0,586.0
1.0,3.0,20.0,1.0,0.62,0.59089999999999998,0.72999999999999998,0.28360000000000002,1.0,0.0,2.0,1.0,424.0
1.0,3.0,21.0,1.0,0.58000000000000007,0.54549999999999998,0.78000000000000003,0.16420000000000001,1.0,0.0,2.0,1.0,374.0
1.0,3.0,22.0,1.0,0.56000000000000005,0.53029999999999999,0.82999999999999996,0.19399999999999998,1.0,0.0,2.0,1.0,220.0
1.0,3.0,23.0,1.0,0.56000000000000005,0.53029999999999999,0.82999999999999996,0.089599999999999999,1.0,0.0,2.0,1.0,151.0
1.0,3.0,0.0,1.0,0.56000000000000005,0.53029999999999999,0.82999999999999996,0.0,1.0,0.0,3.0,1.0,95.0
1.0,3.0,1.0,1.0,0.54000000000000004,0.51519999999999999,0.88,0.0,1.0,0.0,3.0,1.0,50.0
1.0,3.0,2.0,1.0,0.54000000000000004,0.51519999999999999,0.88,0.089599999999999999,1.0,0.0,3.0,1.0,32.0
1.0,3.0,3.0,1.0,0.52000000000000002,0.5,0.88,0.1045,1.0,0.0,3.0,1.0,10.0
1.0,3.0,4.0,2.0,0.5,0.48479999999999995,0.93999999999999995,0.1045,1.0,0.0,3.0,1.0,3.0
1.0,3.0,5.0,2.0,0.5,0.48479999999999995,0.93999999999999995,0.0,1.0,0.0,3.0,1.0,34.0
1.0,3.0,6.0,2.0,0.5,0.48479999999999995,0.88,0.0,1.0,0.0,3.0,1.0,116.0
1.0,3.0,7.0,2.0,0.5,0.48479999999999995,0.93000000000000005,0.1343,1.0,0.0,3.0,1.0,346.0
1.0,3.0,8.0,2.0,0.5,0.48479999999999995,0.93999999999999995,0.1343,1.0,0.0,3.0,1.0,662.0
1.0,3.0,9.0,2.0,0.52000000000000002,0.5,0.90000000000000002,0.089599999999999999,1.0,0.0,3.0,1.0,380.0
1.0,3.0,10.0,2.0,0.56000000000000005,0.53029999999999999,0.88,0.1045,1.0,0.0,3.0,1.0,275.0
1.0,3.0,11.0,2.0,0.62,0.59089999999999998,0.72999999999999998,0.1045,1.0,0.0,3.0,1.0,318.0
1.0,3.0,12.0,2.0,0.65999999999999992,0.62119999999999997,0.60999999999999999,0.22390000000000002,1.0,0.0,3.0,1.0,471.0
1.0,3.0,13.0,2.0,0.69999999999999996,0.65150000000000008,0.47999999999999998,0.0,1.0,0.0,3.0,1.0,428.0
1.0,3.0,14.0,2.0,0.71999999999999997,0.65150000000000008,0.41999999999999998,0.1045,1.0,0.0,3.0,1.0,432.0
1.0,3.0,15.0,2.0,0.71999999999999997,0.65150000000000008,0.41999999999999998,0.1343,1.0,0.0,3.0,1.0,472.0
1.0,3.0,16.0,2.0,0.71999999999999997,0.65150000000000008,0.41999999999999998,0.16420000000000001,1.0,0.0,3.0,1.0,589.0
1.0,3.0,17.0,2.0,0.71999999999999997,0.65150000000000008,0.41999999999999998,0.16420000000000001,1.0,0.0,3.0,1.0,957.0
1.0,3.0,18.0,1.0,0.69999999999999996,0.63639999999999997,0.45000000000000001,0.16420000000000001,1.0,0.0,3.0,1.0,830.0
1.0,3.0,19.0,1.0,0.65999999999999992,0.62119999999999997,0.5,0.19399999999999998,1.0,0.0,3.0,1.0,686.0
1.0,3.0,20.0,1.0,0.65999999999999992,0.62119999999999997,0.46999999999999997,0.1343,1.0,0.0,3.0,1.0,445.0
1.0,3.0,21.0,1.0,0.62,0.62119999999999997,0.53000000000000003,0.1045,1.0,0.0,3.0,1.0,284.0
1.0,3.0,22.0,1.0,0.60000000000000009,0.60609999999999997,0.64000000000000001,0.28360000000000002,1.0,0.0,3.0,1.0,271.0
1.0,3.0,23.0,1.0,0.60000000000000009,0.59089999999999998,0.68999999999999995,0.25370000000000004,1.0,0.0,3.0,1.0,176.0
1.0,3.0,0.0,1.0,0.58000000000000007,0.54549999999999998,0.68000000000000005,0.0,1.0,0.0,4.0,1.0,156.0
1.0,3.0,1.0,1.0,0.56000000000000005,0.53029999999999999,0.72999999999999998,0.089599999999999999,1.0,0.0,4.0,1.0,128.0
1.0,3.0,2.0,1.0,0.54000000000000004,0.51519999999999999,0.77000000000000002,0.1045,1.0,0.0,4.0,1.0,69.0
1.0,3.0,3.0,1.0,0.54000000000000004,0.51519999999999999,0.77000000000000002,0.1045,1.0,0.0,4.0,1.0,32.0
1.0,3.0,4.0,1.0,0.52000000000000002,0.5,0.82999999999999996,0.089599999999999999,1.0,0.0,4.0,1.0,7.0
1.0,3.0,5.0,2.0,0.52000000000000002,0.5,0.82999999999999996,0.16420000000000001,1.0,0.0,4.0,1.0,4.0
1.0,3.0,6.0,2.0,0.52000000000000002,0.5,0.82999999999999996,0.16420000000000001,1.0,0.0,4.0,1.0,28.0
1.0,3.0,7.0,2.0,0.5,0.48479999999999995,0.88,0.1343,1.0,0.0,4.0,1.0,70.0
1.0,3.0,8.0,2.0,0.5,0.48479999999999995,0.93999999999999995,0.19399999999999998,1.0,0.0,4.0,1.0,154.0
1.0,3.0,9.0,2.0,0.52000000000000002,0.5,0.82999999999999996,0.1343,1.0,0.0,4.0,1.0,249.0
1.0,3.0,10.0,2.0,0.52000000000000002,0.5,0.88,0.19399999999999998,1.0,0.0,4.0,1.0,345.0
1.0,3.0,11.0,2.0,0.5,0.48479999999999995,0.93999999999999995,0.19399999999999998,1.0,0.0,4.0,1.0,273.0
1.0,3.0,12.0,3.0,0.52000000000000002,0.5,0.93999999999999995,0.22390000000000002,1.0,0.0,4.0,1.0,183.0
1.0,3.0,13.0,3.0,0.52000000000000002,0.5,0.93999999999999995,0.25370000000000004,1.0,0.0,4.0,1.0,196.0
1.0,3.0,14.0,3.0,0.52000000000000002,0.5,0.88,0.35820000000000002,1.0,0.0,4.0,1.0,223.0
1.0,3.0,15.0,3.0,0.5,0.48479999999999995,0.93999999999999995,0.41790000000000005,1.0,0.0,4.0,1.0,290.0
1.0,3.0,16.0,3.0,0.5,0.48479999999999995,0.93999999999999995,0.29850000000000004,1.0,0.0,4.0,1.0,177.0
1.0,3.0,17.0,3.0,0.5,0.48479999999999995,0.88,0.22390000000000002,1.0,0.0,4.0,1.0,115.0
1.0,3.0,18.0,3.0,0.45999999999999996,0.45450000000000002,0.93999999999999995,0.22390000000000002,1.0,0.0,4.0,1.0,137.0
1.0,3.0,19.0,3.0,0.45999999999999996,0.45450000000000002,0.93999999999999995,0.1343,1.0,0.0,4.0,1.0,133.0
1.0,3.0,20.0,3.0,0.44,0.43939999999999996,1.0,0.19399999999999998,1.0,0.0,4.0,1.0,111.0
1.0,3.0,21.0,3.0,0.44,0.43939999999999996,1.0,0.19399999999999998,1.0,0.0,4.0,1.0,104.0
1.0,3.0,22.0,3.0,0.44,0.43939999999999996,1.0,0.25370000000000004,1.0,0.0,4.0,1.0,83.0
1.0,3.0,23.0,2.0,0.44,0.43939999999999996,0.93999999999999995,0.28360000000000002,1.0,0.0,4.0,1.0,105.0
1.0,3.0,0.0,2.0,0.44,0.43939999999999996,0.93999999999999995,0.28360000000000002,1.0,0.0,5.0,1.0,80.0
1.0,3.0,1.0,2.0,0.41999999999999998,0.42420000000000002,1.0,0.25370000000000004,1.0,0.0,5.0,1.0,89.0
1.0,3.0,2.0,3.0,0.41999999999999998,0.42420000000000002,1.0,0.29850000000000004,1.0,0.0,5.0,1.0,35.0
1.0,3.0,3.0,3.0,0.41999999999999998,0.42420000000000002,0.93999999999999995,0.29850000000000004,1.0,0.0,5.0,1.0,18.0
1.0,3.0,4.0,2.0,0.41999999999999998,0.42420000000000002,0.93999999999999995,0.32840000000000003,1.0,0.0,5.0,1.0,8.0
1.0,3.0,5.0,2.0,0.39999999999999997,0.40909999999999996,1.0,0.25370000000000004,1.0,0.0,5.0,1.0,6.0
1.0,3.0,6.0,2.0,0.39999999999999997,0.40909999999999996,1.0,0.25370000000000004,1.0,0.0,5.0,1.0,18.0
1.0,3.0,7.0,2.0,0.39999999999999997,0.40909999999999996,0.93999999999999995,0.32840000000000003,1.0,0.0,5.0,1.0,39.0
1.0,3.0,8.0,2.0,0.39999999999999997,0.40909999999999996,0.93999999999999995,0.32840000000000003,1.0,0.0,5.0,1.0,89.0
1.0,3.0,9.0,2.0,0.39999999999999997,0.40909999999999996,0.93999999999999995,0.25370000000000004,1.0,0.0,5.0,1.0,118.0
1.0,3.0,10.0,2.0,0.39999999999999997,0.40909999999999996,0.87,0.32840000000000003,1.0,0.0,5.0,1.0,250.0
1.0,3.0,11.0,2.0,0.39999999999999997,0.40909999999999996,0.93999999999999995,0.25370000000000004,1.0,0.0,5.0,1.0,323.0
1.0,3.0,12.0,2.0,0.39999999999999997,0.40909999999999996,0.93999999999999995,0.22390000000000002,1.0,0.0,5.0,1.0,360.0
1.0,3.0,13.0,2.0,0.41999999999999998,0.42420000000000002,0.88,0.16420000000000001,1.0,0.0,5.0,1.0,367.0
1.0,3.0,14.0,2.0,0.44,0.43939999999999996,0.88,0.16420000000000001,1.0,0.0,5.0,1.0,414.0
1.0,3.0,15.0,2.0,0.44,0.43939999999999996,0.88,0.19399999999999998,1.0,0.0,5.0,1.0,421.0
1.0,3.0,16.0,1.0,0.47999999999999998,0.46970000000000001,0.77000000000000002,0.0,1.0,0.0,5.0,1.0,492.0
1.0,3.0,17.0,1.0,0.5,0.48479999999999995,0.71999999999999997,0.089599999999999999,1.0,0.0,5.0,1.0,419.0
1.0,3.0,18.0,1.0,0.5,0.48479999999999995,0.71999999999999997,0.089599999999999999,1.0,0.0,5.0,1.0,491.0
1.0,3.0,19.0,1.0,0.5,0.48479999999999995,0.71999999999999997,0.25370000000000004,1.0,0.0,5.0,1.0,375.0
1.0,3.0,20.0,1.0,0.47999999999999998,0.46970000000000001,0.77000000000000002,0.22390000000000002,1.0,0.0,5.0,1.0,259.0
1.0,3.0,21.0,1.0,0.47999999999999998,0.46970000000000001,0.77000000000000002,0.16420000000000001,1.0,0.0,5.0,1.0,149.0
1.0,3.0,22.0,1.0,0.45999999999999996,0.45450000000000002,0.81999999999999995,0.1343,1.0,0.0,5.0,1.0,111.0
1.0,3.0,23.0,1.0,0.47999999999999998,0.46970000000000001,0.81999999999999995,0.1343,1.0,0.0,5.0,1.0,65.0
1.0,3.0,0.0,2.0,0.47999999999999998,0.46970000000000001,0.81999999999999995,0.16420000000000001,1.0,0.0,6.0,0.0,33.0
1.0,3.0,1.0,1.0,0.47999999999999998,0.46970000000000001,0.81999999999999995,0.25370000000000004,1.0,0.0,6.0,0.0,28.0
1.0,3.0,2.0,1.0,0.45999999999999996,0.45450000000000002,0.88,0.22390000000000002,1.0,0.0,6.0,0.0,20.0
1.0,3.0,3.0,1.0,0.45999999999999996,0.45450000000000002,0.81999999999999995,0.19399999999999998,1.0,0.0,6.0,0.0,1.0
1.0,3.0,4.0,1.0,0.44,0.43939999999999996,0.81999999999999995,0.16420000000000001,1.0,0.0,6.0,0.0,4.0
1.0,3.0,5.0,1.0,0.44,0.43939999999999996,0.77000000000000002,0.16420000000000001,1.0,0.0,6.0,0.0,36.0
1.0,3.0,6.0,1.0,0.41999999999999998,0.42420000000000002,0.81999999999999995,0.19399999999999998,1.0,0.0,6.0,0.0,117.0
1.0,3.0,7.0,1.0,0.44,0.43939999999999996,0.71999999999999997,0.19399999999999998,1.0,0.0,6.0,0.0,370.0
1.0,3.0,8.0,1.0,0.44,0.43939999999999996,0.62,0.22390000000000002,1.0,0.0,6.0,0.0,657.0
1.0,3.0,9.0,1.0,0.45999999999999996,0.45450000000000002,0.46999999999999997,0.28360000000000002,1.0,0.0,6.0,0.0,282.0
1.0,3.0,10.0,1.0,0.5,0.48479999999999995,0.35999999999999999,0.58210000000000006,1.0,0.0,6.0,0.0,153.0
1.0,3.0,11.0,1.0,0.47999999999999998,0.46970000000000001,0.31,0.58210000000000006,1.0,0.0,6.0,0.0,178.0
1.0,3.0,12.0,1.0,0.47999999999999998,0.46970000000000001,0.33000000000000002,0.52239999999999998,1.0,0.0,6.0,0.0,279.0
1.0,3.0,13.0,1.0,0.47999999999999998,0.46970000000000001,0.28999999999999998,0.68659999999999999,1.0,0.0,6.0,0.0,301.0
1.0,3.0,14.0,1.0,0.47999999999999998,0.46970000000000001,0.33000000000000002,0.44780000000000003,1.0,0.0,6.0,0.0,217.0
1.0,3.0,15.0,1.0,0.47999999999999998,0.46970000000000001,0.28999999999999998,0.6119,1.0,0.0,6.0,0.0,223.0
1.0,3.0,16.0,1.0,0.47999999999999998,0.46970000000000001,0.25,0.64179999999999993,1.0,0.0,6.0,0.0,305.0
1.0,3.0,17.0,1.0,0.45999999999999996,0.45450000000000002,0.23999999999999999,0.44780000000000003,1.0,0.0,6.0,0.0,664.0
1.0,3.0,18.0,1.0,0.44,0.43939999999999996,0.26000000000000001,0.44780000000000003,1.0,0.0,6.0,0.0,684.0
1.0,3.0,19.0,1.0,0.41999999999999998,0.42420000000000002,0.23999999999999999,0.35820000000000002,1.0,0.0,6.0,0.0,458.0
1.0,3.0,20.0,1.0,0.39999999999999997,0.40909999999999996,0.26000000000000001,0.52239999999999998,1.0,0.0,6.0,0.0,221.0
1.0,3.0,21.0,1.0,0.38,0.39390000000000003,0.25,0.49250000000000005,1.0,0.0,6.0,0.0,186.0
1.0,3.0,22.0,1.0,0.35999999999999999,0.33329999999999999,0.25,0.35820000000000002,1.0,0.0,6.0,0.0,93.0
1.0,3.0,23.0,1.0,0.33999999999999997,0.28789999999999999,0.25,0.52239999999999998,1.0,0.0,6.0,0.0,48.0
1.0,3.0,0.0,1.0,0.32000000000000001,0.28789999999999999,0.26000000000000001,0.52239999999999998,1.0,0.0,7.0,0.0,10.0
1.0,3.0,1.0,1.0,0.30000000000000004,0.2727,0.26000000000000001,0.4627,1.0,0.0,7.0,0.0,5.0
1.0,3.0,2.0,1.0,0.26000000000000001,0.2273,0.29999999999999999,0.29850000000000004,1.0,0.0,7.0,0.0,7.0
1.0,3.0,3.0,1.0,0.26000000000000001,0.2273,0.29999999999999999,0.32840000000000003,1.0,0.0,7.0,0.0,4.0
1.0,3.0,4.0,1.0,0.23999999999999999,0.21210000000000001,0.32000000000000001,0.35820000000000002,1.0,0.0,7.0,0.0,3.0
1.0,3.0,5.0,1.0,0.22,0.21210000000000001,0.37,0.28360000000000002,1.0,0.0,7.0,0.0,17.0
1.0,3.0,6.0,1.0,0.22,0.2273,0.37,0.19399999999999998,1.0,0.0,7.0,0.0,101.0
1.0,3.0,7.0,1.0,0.22,0.2273,0.37,0.19399999999999998,1.0,0.0,7.0,0.0,286.0
1.0,3.0,8.0,1.0,0.22,0.21210000000000001,0.37,0.29850000000000004,1.0,0.0,7.0,0.0,581.0
1.0,3.0,9.0,1.0,0.23999999999999999,0.2273,0.38,0.19399999999999998,1.0,0.0,7.0,0.0,267.0
1.0,3.0,10.0,1.0,0.26000000000000001,0.2576,0.34999999999999998,0.22390000000000002,1.0,0.0,7.0,0.0,138.0
1.0,3.0,11.0,1.0,0.30000000000000004,0.30299999999999999,0.31,0.16420000000000001,1.0,0.0,7.0,0.0,175.0
1.0,3.0,12.0,1.0,0.32000000000000001,0.31819999999999998,0.31,0.16420000000000001,1.0,0.0,7.0,0.0,220.0
1.0,3.0,13.0,1.0,0.35999999999999999,0.34850000000000003,0.27000000000000002,0.0,1.0,0.0,7.0,0.0,211.0
1.0,3.0,14.0,1.0,0.39999999999999997,0.40909999999999996,0.23999999999999999,0.1343,1.0,0.0,7.0,0.0,184.0
1.0,3.0,15.0,1.0,0.41999999999999998,0.42420000000000002,0.20000000000000001,0.0,1.0,0.0,7.0,0.0,200.0
1.0,3.0,16.0,1.0,0.41999999999999998,0.42420000000000002,0.20000000000000001,0.0,1.0,0.0,7.0,0.0,305.0
1.0,3.0,17.0,1.0,0.44,0.43939999999999996,0.16,0.0,1.0,0.0,7.0,0.0,614.0
1.0,3.0,18.0,1.0,0.41999999999999998,0.42420000000000002,0.17000000000000001,0.089599999999999999,1.0,0.0,7.0,0.0,644.0
1.0,3.0,19.0,1.0,0.41999999999999998,0.42420000000000002,0.17000000000000001,0.0,1.0,0.0,7.0,0.0,417.0
1.0,3.0,20.0,1.0,0.41999999999999998,0.42420000000000002,0.17000000000000001,0.089599999999999999,1.0,0.0,7.0,0.0,294.0
1.0,3.0,21.0,1.0,0.35999999999999999,0.34850000000000003,0.37,0.16420000000000001,1.0,0.0,7.0,0.0,221.0
1.0,3.0,22.0,1.0,0.35999999999999999,0.34850000000000003,0.37,0.1343,1.0,0.0,7.0,0.0,134.0
1.0,3.0,23.0,1.0,0.35999999999999999,0.34850000000000003,0.37,0.19399999999999998,1.0,0.0,7.0,0.0,64.0
1.0,3.0,0.0,1.0,0.35999999999999999,0.33329999999999999,0.40000000000000002,0.28360000000000002,1.0,0.0,1.0,1.0,30.0
1.0,3.0,1.0,1.0,0.35999999999999999,0.33329999999999999,0.46000000000000002,0.29850000000000004,1.0,0.0,1.0,1.0,8.0
1.0,3.0,2.0,1.0,0.33999999999999997,0.30299999999999999,0.48999999999999999,0.29850000000000004,1.0,0.0,1.0,1.0,3.0
1.0,3.0,3.0,1.0,0.33999999999999997,0.30299999999999999,0.41999999999999998,0.32840000000000003,1.0,0.0,1.0,1.0,5.0
1.0,3.0,4.0,1.0,0.35999999999999999,0.33329999999999999,0.42999999999999999,0.29850000000000004,1.0,0.0,1.0,1.0,1.0
1.0,3.0,5.0,1.0,0.35999999999999999,0.33329999999999999,0.42999999999999999,0.29850000000000004,1.0,0.0,1.0,1.0,40.0
1.0,3.0,6.0,1.0,0.35999999999999999,0.33329999999999999,0.46000000000000002,0.35820000000000002,1.0,0.0,1.0,1.0,115.0
1.0,3.0,7.0,1.0,0.35999999999999999,0.33329999999999999,0.46000000000000002,0.32840000000000003,1.0,0.0,1.0,1.0,358.0
1.0,3.0,8.0,1.0,0.38,0.39390000000000003,0.46000000000000002,0.35820000000000002,1.0,0.0,1.0,1.0,658.0
1.0,3.0,9.0,1.0,0.39999999999999997,0.40909999999999996,0.42999999999999999,0.44780000000000003,1.0,0.0,1.0,1.0,314.0
1.0,3.0,10.0,1.0,0.45999999999999996,0.45450000000000002,0.40999999999999998,0.41790000000000005,1.0,0.0,1.0,1.0,173.0
1.0,3.0,11.513477088948788,1.0,0.5,0.48479999999999995,0.41999999999999998,0.3881,1.0,0.0,1.0,1.0,222.0
1.0,3.0,12.0,2.0,0.54000000000000004,0.51519999999999999,0.39000000000000001,0.35820000000000002,1.0,0.0,1.0,1.0,268.0
1.0,3.0,13.0,1.0,0.56000000000000005,0.53029999999999999,0.42999999999999999,0.32840000000000003,1.0,0.0,1.0,1.0,273.0
1.0,3.0,14.0,1.0,0.62,0.62119999999999997,0.38,0.35820000000000002,1.0,0.0,1.0,1.0,221.0
1.0,3.0,15.0,2.0,0.62,0.62119999999999997,0.40999999999999998,0.29850000000000004,1.0,0.0,1.0,1.0,199.0
1.0,3.0,16.0,3.0,0.62,0.62119999999999997,0.42999999999999999,0.089599999999999999,1.0,0.0,1.0,1.0,221.0
1.0,3.0,17.0,1.0,0.60000000000000009,0.60609999999999997,0.59999999999999998,0.22390000000000002,1.0,0.0,1.0,1.0,604.0
1.0,3.0,18.0,1.0,0.60000000000000009,0.60609999999999997,0.59999999999999998,0.22390000000000002,1.0,0.0,1.0,1.0,641.0
1.0,3.0,19.0,1.0,0.60000000000000009,0.62119999999999997,0.56000000000000005,0.19399999999999998,1.0,0.0,1.0,1.0,456.0
1.0,3.0,20.0,1.0,0.60000000000000009,0.62119999999999997,0.56000000000000005,0.29850000000000004,1.0,0.0,1.0,1.0,362.0
1.0,3.0,21.0,1.0,0.58000000000000007,0.54549999999999998,0.59999999999999998,0.25370000000000004,1.0,0.0,1.0,1.0,261.0
1.0,3.0,22.0,1.0,0.56000000000000005,0.53029999999999999,0.64000000000000001,0.1343,1.0,0.0,1.0,1.0,172.0
1.0,3.0,23.0,1.0,0.54000000000000004,0.51519999999999999,0.68000000000000005,0.1343,1.0,0.0,1.0,1.0,93.0
1.0,3.0,0.0,1.0,0.54000000000000004,0.51519999999999999,0.68000000000000005,0.19399999999999998,1.0,0.0,2.0,1.0,48.0
1.0,3.0,1.0,1.0,0.56000000000000005,0.53029999999999999,0.59999999999999998,0.1343,1.0,0.0,2.0,1.0,33.0
1.0,3.0,2.0,1.0,0.60000000000000009,0.60609999999999997,0.28000000000000003,0.29850000000000004,1.0,0.0,2.0,1.0,6.0
1.0,3.0,3.0,1.0,0.58000000000000007,0.54549999999999998,0.28000000000000003,0.25370000000000004,1.0,0.0,2.0,1.0,5.0
1.0,3.0,4.0,1.0,0.52000000000000002,0.5,0.35999999999999999,0.25370000000000004,1.0,0.0,2.0,1.0,9.0
1.0,3.0,5.0,1.0,0.5,0.48479999999999995,0.45000000000000001,0.22390000000000002,1.0,0.0,2.0,1.0,32.0
1.0,3.0,6.0,1.0,0.45999999999999996,0.45450000000000002,0.58999999999999997,0.25370000000000004,1.0,0.0,2.0,1.0,117.0
1.0,3.0,7.0,1.0,0.45999999999999996,0.45450000000000002,0.51000000000000001,0.35820000000000002,1.0,0.0,2.0,1.0,367.0
1.0,3.0,8.0,1.0,0.45999999999999996,0.45450000000000002,0.46999999999999997,0.41790000000000005,1.0,0.0,2.0,1.0,654.0
1.0,3.0,9.0,1.0,0.47999999999999998,0.46970000000000001,0.47999999999999998,0.41790000000000005,1.0,0.0,2.0,1.0,321.0
1.0,3.0,10.0,1.0,0.45999999999999996,0.45450000000000002,0.46999999999999997,0.44780000000000003,1.0,0.0,2.0,1.0,166.0
1.0,3.0,11.0,1.0,0.5,0.48479999999999995,0.45000000000000001,0.41790000000000005,1.0,0.0,2.0,1.0,220.0
1.0,3.0,12.0,1.0,0.5,0.48479999999999995,0.41999999999999998,0.49250000000000005,1.0,0.0,2.0,1.0,292.0
1.0,3.0,13.0,1.0,0.45999999999999996,0.45450000000000002,0.44,0.32840000000000003,1.0,0.0,2.0,1.0,273.0
1.0,3.0,14.0,1.0,0.5,0.48479999999999995,0.41999999999999998,0.35820000000000002,1.0,0.0,2.0,1.0,238.0
1.0,3.0,15.0,1.0,0.52000000000000002,0.5,0.39000000000000001,0.35820000000000002,1.0,0.0,2.0,1.0,307.0
1.0,3.0,16.0,1.0,0.52000000000000002,0.5,0.35999999999999999,0.32840000000000003,1.0,0.0,2.0,1.0,388.0
1.0,3.0,17.0,1.0,0.52000000000000002,0.5,0.38,0.3881,1.0,0.0,2.0,1.0,703.0
1.0,3.0,18.0,1.0,0.5,0.48479999999999995,0.39000000000000001,0.29850000000000004,1.0,0.0,2.0,1.0,681.0
1.0,3.0,19.0,1.0,0.47999999999999998,0.46970000000000001,0.39000000000000001,0.28360000000000002,1.0,0.0,2.0,1.0,468.0
1.0,3.0,20.0,1.0,0.45999999999999996,0.45450000000000002,0.38,0.29850000000000004,1.0,0.0,2.0,1.0,335.0
1.0,3.0,21.0,1.0,0.44,0.43939999999999996,0.44,0.28360000000000002,1.0,0.0,2.0,1.0,224.0
1.0,3.0,22.0,1.0,0.41999999999999998,0.42420000000000002,0.44,0.28360000000000002,1.0,0.0,2.0,1.0,152.0
1.0,3.0,23.0,1.0,0.41999999999999998,0.42420000000000002,0.46999999999999997,0.29850000000000004,1.0,0.0,2.0,1.0,94.0
1.0,3.0,0.0,1.0,0.39999999999999997,0.40909999999999996,0.46999999999999997,0.29850000000000004,1.0,0.0,3.0,1.0,59.0
1.0,3.0,1.0,1.0,0.38,0.39390000000000003,0.5,0.28360000000000002,1.0,0.0,3.0,1.0,27.0
1.0,3.0,2.0,1.0,0.35999999999999999,0.33329999999999999,0.53000000000000003,0.29850000000000004,1.0,0.0,3.0,1.0,7.0
1.0,3.0,3.0,1.0,0.33999999999999997,0.33329999999999999,0.60999999999999999,0.1343,1.0,0.0,3.0,1.0,7.0
1.0,3.0,4.0,1.0,0.33999999999999997,0.34850000000000003,0.53000000000000003,0.089599999999999999,1.0,0.0,3.0,1.0,2.0
1.0,3.0,5.0,1.0,0.32000000000000001,0.33329999999999999,0.60999999999999999,0.089599999999999999,1.0,0.0,3.0,1.0,26.0
1.0,3.0,6.0,1.0,0.32000000000000001,0.33329999999999999,0.56999999999999995,0.1343,1.0,0.0,3.0,1.0,86.0
1.0,3.0,7.0,1.0,0.32000000000000001,0.31819999999999998,0.56999999999999995,0.16420000000000001,1.0,0.0,3.0,1.0,289.0
1.0,3.0,8.0,1.0,0.32000000000000001,0.31819999999999998,0.66000000000000003,0.16420000000000001,1.0,0.0,3.0,1.0,593.0
1.0,3.0,9.0,1.0,0.33999999999999997,0.33329999999999999,0.56999999999999995,0.16420000000000001,1.0,0.0,3.0,1.0,321.0
1.0,3.0,10.0,2.0,0.35999999999999999,0.36359999999999998,0.56999999999999995,0.1045,1.0,0.0,3.0,1.0,187.0
1.0,3.0,11.0,2.0,0.35999999999999999,0.37880000000000003,0.53000000000000003,0.0,1.0,0.0,3.0,1.0,201.0
1.0,3.0,12.0,2.0,0.38,0.39390000000000003,0.54000000000000004,0.0,1.0,0.0,3.0,1.0,270.0
1.0,3.0,13.0,3.0,0.39999999999999997,0.40909999999999996,0.5,0.0,1.0,0.0,3.0,1.0,242.0
1.0,3.0,14.0,3.0,0.39999999999999997,0.40909999999999996,0.54000000000000004,0.0,1.0,0.0,3.0,1.0,229.0
1.0,3.0,15.0,3.0,0.41999999999999998,0.42420000000000002,0.54000000000000004,0.0,1.0,0.0,3.0,1.0,280.0
1.0,3.0,16.0,3.0,0.39999999999999997,0.40909999999999996,0.62,0.28360000000000002,1.0,0.0,3.0,1.0,367.0
1.0,3.0,17.0,2.0,0.39999999999999997,0.40909999999999996,0.62,0.22390000000000002,1.0,0.0,3.0,1.0,606.0
1.0,3.0,18.0,1.0,0.41999999999999998,0.42420000000000002,0.54000000000000004,0.19399999999999998,1.0,0.0,3.0,1.0,560.0
1.0,3.0,19.0,1.0,0.39999999999999997,0.40909999999999996,0.62,0.22390000000000002,1.0,0.0,3.0,1.0,395.0
1.0,3.0,20.0,1.0,0.39999999999999997,0.40909999999999996,0.62,0.16420000000000001,1.0,0.0,3.0,1.0,209.0
1.0,3.0,21.0,1.0,0.38,0.39390000000000003,0.66000000000000003,0.1343,1.0,0.0,3.0,1.0,220.0
1.0,3.0,22.0,1.0,0.35999999999999999,0.34850000000000003,0.70999999999999996,0.16420000000000001,1.0,0.0,3.0,1.0,153.0
1.0,3.0,23.0,1.0,0.35999999999999999,0.37880000000000003,0.70999999999999996,0.0,1.0,0.0,3.0,1.0,123.0
1.0,3.0,0.0,1.0,0.38,0.39390000000000003,0.81999999999999995,0.19399999999999998,1.0,0.0,4.0,1.0,92.0
1.0,3.0,1.0,2.0,0.39999999999999997,0.40909999999999996,0.76000000000000001,0.19399999999999998,1.0,0.0,4.0,1.0,82.0
1.0,3.0,2.0,2.0,0.41999999999999998,0.42420000000000002,0.77000000000000002,0.25370000000000004,1.0,0.0,4.0,1.0,69.0
1.0,3.0,3.0,1.0,0.39999999999999997,0.40909999999999996,0.81999999999999995,0.25370000000000004,1.0,0.0,4.0,1.0,31.0
1.0,3.0,4.0,1.0,0.41999999999999998,0.42420000000000002,0.77000000000000002,0.41790000000000005,1.0,0.0,4.0,1.0,8.0
1.0,3.0,5.0,1.0,0.39999999999999997,0.40909999999999996,0.81999999999999995,0.22390000000000002,1.0,0.0,4.0,1.0,5.0
1.0,3.0,6.0,2.0,0.35999999999999999,0.34850000000000003,0.87,0.16420000000000001,1.0,0.0,4.0,1.0,23.0
1.0,3.0,7.0,2.0,0.35999999999999999,0.34850000000000003,0.87,0.16420000000000001,1.0,0.0,4.0,1.0,44.0
1.0,3.0,8.0,2.0,0.35999999999999999,0.34850000000000003,0.87,0.19399999999999998,1.0,0.0,4.0,1.0,145.0
1.0,3.0,9.0,2.0,0.39999999999999997,0.40909999999999996,0.76000000000000001,0.19399999999999998,1.0,0.0,4.0,1.0,223.0
1.0,3.0,10.0,2.0,0.39999999999999997,0.40909999999999996,0.76000000000000001,0.1343,1.0,0.0,4.0,1.0,313.0
1.0,3.0,11.0,1.0,0.45999999999999996,0.45450000000000002,0.71999999999999997,0.1343,1.0,0.0,4.0,1.0,463.0
1.0,3.0,12.0,1.0,0.47999999999999998,0.46970000000000001,0.67000000000000004,0.0,1.0,0.0,4.0,1.0,621.0
1.0,3.0,13.0,1.0,0.54000000000000004,0.51519999999999999,0.59999999999999998,0.1343,1.0,0.0,4.0,1.0,638.0
1.0,3.0,14.0,2.0,0.5,0.48479999999999995,0.63,0.25370000000000004,1.0,0.0,4.0,1.0,551.0
1.0,3.0,15.0,2.0,0.52000000000000002,0.5,0.58999999999999997,0.28360000000000002,1.0,0.0,4.0,1.0,605.0
1.0,3.0,16.0,2.0,0.5,0.48479999999999995,0.63,0.29850000000000004,1.0,0.0,4.0,1.0,535.0
1.0,3.0,17.0,1.0,0.47999999999999998,0.46970000000000001,0.67000000000000004,0.41790000000000005,1.0,0.0,4.0,1.0,543.0
1.0,3.0,18.0,2.0,0.44,0.43939999999999996,0.71999999999999997,0.4627,1.0,0.0,4.0,1.0,341.0
1.0,3.0,19.0,1.0,0.41999999999999998,0.42420000000000002,0.70999999999999996,0.44780000000000003,1.0,0.0,4.0,1.0,284.0
1.0,3.0,20.0,2.0,0.39999999999999997,0.40909999999999996,0.70999999999999996,0.32840000000000003,1.0,0.0,4.0,1.0,208.0
1.0,3.0,21.0,2.0,0.39999999999999997,0.40909999999999996,0.70999999999999996,0.32840000000000003,1.0,0.0,4.0,1.0,143.0
1.0,3.0,22.0,2.0,0.38,0.39390000000000003,0.70999999999999996,0.25370000000000004,1.0,0.0,4.0,1.0,156.0
1.0,3.0,23.0,2.0,0.35999999999999999,0.33329999999999999,0.76000000000000001,0.28360000000000002,1.0,0.0,4.0,1.0,112.0
1.0,4.0,0.0,2.0,0.35999999999999999,0.33329999999999999,0.76000000000000001,0.25370000000000004,1.0,0.0,5.0,1.0,67.0
1.0,4.0,1.0,2.0,0.35999999999999999,0.34850000000000003,0.76000000000000001,0.16420000000000001,1.0,0.0,5.0,1.0,62.0
1.0,4.0,2.0,2.0,0.35999999999999999,0.34850000000000003,0.76000000000000001,0.16420000000000001,1.0,0.0,5.0,1.0,81.0
1.0,4.0,3.0,2.0,0.33999999999999997,0.33329999999999999,0.81000000000000005,0.1343,1.0,0.0,5.0,1.0,25.0
1.0,4.0,4.0,2.0,0.33999999999999997,0.34850000000000003,0.81000000000000005,0.089599999999999999,1.0,0.0,5.0,1.0,12.0
1.0,4.0,5.0,2.0,0.33999999999999997,0.34850000000000003,0.81000000000000005,0.089599999999999999,1.0,0.0,5.0,1.0,18.0
1.0,4.0,6.0,2.0,0.35999999999999999,0.34850000000000003,0.76000000000000001,0.1343,1.0,0.0,5.0,1.0,97.0
1.0,4.0,7.0,2.0,0.35999999999999999,0.34850000000000003,0.70999999999999996,0.1343,1.0,0.0,5.0,1.0,84.0
1.0,4.0,8.0,2.0,0.35999999999999999,0.36359999999999998,0.76000000000000001,0.089599999999999999,1.0,0.0,5.0,1.0,125.0
1.0,4.0,9.0,2.0,0.35999999999999999,0.34850000000000003,0.81000000000000005,0.1343,1.0,0.0,5.0,1.0,275.0
1.0,4.0,10.0,2.0,0.39999999999999997,0.40909999999999996,0.70999999999999996,0.1045,1.0,0.0,5.0,1.0,360.0
1.0,4.0,11.0,2.0,0.39999999999999997,0.40909999999999996,0.70999999999999996,0.19399999999999998,1.0,0.0,5.0,1.0,451.0
1.0,4.0,12.0,2.0,0.41999999999999998,0.42420000000000002,0.67000000000000004,0.22390000000000002,1.0,0.0,5.0,1.0,445.0
1.0,4.0,13.0,2.0,0.44,0.43939999999999996,0.62,0.19399999999999998,1.0,0.0,5.0,1.0,464.0
1.0,4.0,14.0,2.0,0.47999999999999998,0.46970000000000001,0.55000000000000004,0.22390000000000002,1.0,0.0,5.0,1.0,561.0
1.0,4.0,15.0,1.0,0.5,0.48479999999999995,0.55000000000000004,0.25370000000000004,1.0,0.0,5.0,1.0,573.0
1.0,4.0,16.0,1.0,0.52000000000000002,0.5,0.52000000000000002,0.25370000000000004,1.0,0.0,5.0,1.0,511.0
1.0,4.0,17.0,1.0,0.52000000000000002,0.5,0.55000000000000004,0.28360000000000002,1.0,0.0,5.0,1.0,555.0
1.0,4.0,18.0,1.0,0.52000000000000002,0.5,0.52000000000000002,0.29850000000000004,1.0,0.0,5.0,1.0,432.0
1.0,4.0,19.0,1.0,0.52000000000000002,0.5,0.55000000000000004,0.22390000000000002,1.0,0.0,5.0,1.0,346.0
1.0,4.0,20.0,2.0,0.5,0.48479999999999995,0.58999999999999997,0.22390000000000002,1.0,0.0,5.0,1.0,232.0
1.0,4.0,21.0,2.0,0.5,0.48479999999999995,0.58999999999999997,0.16420000000000001,1.0,0.0,5.0,1.0,134.0
1.0,4.0,22.0,3.0,0.5,0.48479999999999995,0.63,0.1045,1.0,0.0,5.0,1.0,68.0
1.0,4.0,23.0,3.0,0.45999999999999996,0.45450000000000002,0.71999999999999997,0.0,1.0,0.0,5.0,1.0,63.0
1.0,4.0,0.0,3.0,0.44,0.43939999999999996,0.81999999999999995,0.1045,1.0,0.0,6.0,0.0,17.0
1.0,4.0,1.0,3.0,0.41999999999999998,0.42420000000000002,0.88,0.089599999999999999,1.0,0.0,6.0,0.0,5.0
1.0,4.0,2.0,3.0,0.44,0.43939999999999996,0.93999999999999995,0.1343,1.0,0.0,6.0,0.0,5.0
1.0,4.0,4.0,1.0,0.39999999999999997,0.40909999999999996,0.76000000000000001,0.49250000000000005,1.0,0.0,6.0,0.0,4.0
1.0,4.0,5.0,1.0,0.39999999999999997,0.40909999999999996,0.76000000000000001,0.49250000000000005,1.0,0.0,6.0,0.0,24.0
1.0,4.0,6.0,1.0,0.35999999999999999,0.31819999999999998,0.70999999999999996,0.4627,1.0,0.0,6.0,0.0,110.0
1.0,4.0,7.0,1.0,0.33999999999999997,0.30299999999999999,0.66000000000000003,0.3881,1.0,0.0,6.0,0.0,306.0
1.0,4.0,8.0,1.0,0.35999999999999999,0.33329999999999999,0.56999999999999995,0.32840000000000003,1.0,0.0,6.0,0.0,589.0
1.0,4.0,9.0,1.0,0.38,0.39390000000000003,0.54000000000000004,0.35820000000000002,1.0,0.0,6.0,0.0,317.0
1.0,4.0,10.0,1.0,0.39999999999999997,0.40909999999999996,0.5,0.52239999999999998,1.0,0.0,6.0,0.0,204.0
1.0,4.0,11.0,1.0,0.41999999999999998,0.42420000000000002,0.46999999999999997,0.44780000000000003,1.0,0.0,6.0,0.0,209.0
1.0,4.0,12.0,1.0,0.44,0.43939999999999996,0.44,0.44780000000000003,1.0,0.0,6.0,0.0,281.0
1.0,4.0,13.0,1.0,0.45999999999999996,0.45450000000000002,0.35999999999999999,0.29850000000000004,1.0,0.0,6.0,0.0,281.0
1.0,4.0,14.0,1.0,0.45999999999999996,0.45450000000000002,0.31,0.41790000000000005,1.0,0.0,6.0,0.0,268.0
1.0,4.0,15.0,1.0,0.47999999999999998,0.46970000000000001,0.33000000000000002,0.41790000000000005,1.0,0.0,6.0,0.0,324.0
1.0,4.0,16.0,1.0,0.5,0.48479999999999995,0.34000000000000002,0.32840000000000003,1.0,0.0,6.0,0.0,395.0
1.0,4.0,17.0,1.0,0.5,0.48479999999999995,0.28999999999999998,0.28360000000000002,1.0,0.0,6.0,0.0,729.0
1.0,4.0,18.0,1.0,0.5,0.48479999999999995,0.27000000000000002,0.25370000000000004,1.0,0.0,6.0,0.0,618.0
1.0,4.0,19.0,1.0,0.5,0.48479999999999995,0.27000000000000002,0.25370000000000004,1.0,0.0,6.0,0.0,494.0
1.0,4.0,20.0,1.0,0.45999999999999996,0.45450000000000002,0.31,0.16420000000000001,1.0,0.0,6.0,0.0,329.0
1.0,4.0,21.0,1.0,0.45999999999999996,0.45450000000000002,0.28000000000000003,0.1343,1.0,0.0,6.0,0.0,238.0
1.0,4.0,22.0,1.0,0.41999999999999998,0.42420000000000002,0.44,0.19399999999999998,1.0,0.0,6.0,0.0,123.0
1.0,4.0,23.0,1.0,0.44,0.43939999999999996,0.34999999999999998,0.16420000000000001,1.0,0.0,6.0,0.0,66.0
1.0,4.0,0.0,1.0,0.39999999999999997,0.40909999999999996,0.42999999999999999,0.1343,1.0,0.0,7.0,0.0,33.0
1.0,4.0,1.0,1.0,0.38,0.39390000000000003,0.46000000000000002,0.22390000000000002,1.0,0.0,7.0,0.0,11.0
1.0,4.0,2.0,1.0,0.35999999999999999,0.34850000000000003,0.53000000000000003,0.16420000000000001,1.0,0.0,7.0,0.0,5.0
1.0,4.0,3.0,1.0,0.38,0.39390000000000003,0.46000000000000002,0.0,1.0,0.0,7.0,0.0,3.0
1.0,4.0,4.0,1.0,0.32000000000000001,0.33329999999999999,0.66000000000000003,0.089599999999999999,1.0,0.0,7.0,0.0,1.0
1.0,4.0,5.0,1.0,0.32000000000000001,0.33329999999999999,0.66000000000000003,0.089599999999999999,1.0,0.0,7.0,0.0,27.0
1.0,4.0,6.0,1.0,0.30000000000000004,0.31819999999999998,0.60999999999999999,0.089599999999999999,1.0,0.0,7.0,0.0,100.0
1.0,4.0,7.0,1.0,0.32000000000000001,0.33329999999999999,0.66000000000000003,0.089599999999999999,1.0,0.0,7.0,0.0,341.0
1.0,4.0,8.0,1.0,0.33999999999999997,0.36359999999999998,0.56999999999999995,0.0,1.0,0.0,7.0,0.0,604.0
1.0,4.0,9.0,1.0,0.41999999999999998,0.42420000000000002,0.38,0.089599999999999999,1.0,0.0,7.0,0.0,408.0
1.0,4.0,10.0,1.0,0.44,0.43939999999999996,0.33000000000000002,0.0,1.0,0.0,7.0,0.0,219.0
1.0,4.0,11.0,1.0,0.47999999999999998,0.46970000000000001,0.23000000000000001,0.0,1.0,0.0,7.0,0.0,258.0
1.0,4.0,12.0,1.0,0.52000000000000002,0.5,0.25,0.0,1.0,0.0,7.0,0.0,331.0
1.0,4.0,13.0,1.0,0.56000000000000005,0.53029999999999999,0.19,0.25370000000000004,1.0,0.0,7.0,0.0,345.0
1.0,4.0,14.0,1.0,0.56000000000000005,0.53029999999999999,0.20999999999999999,0.22390000000000002,1.0,0.0,7.0,0.0,311.0
1.0,4.0,15.0,1.0,0.60000000000000009,0.59089999999999998,0.20000000000000001,0.19399999999999998,1.0,0.0,7.0,0.0,316.0
1.0,4.0,16.0,1.0,0.62,0.60609999999999997,0.20999999999999999,0.16420000000000001,1.0,0.0,7.0,0.0,485.0
1.0,4.0,17.0,1.0,0.62,0.60609999999999997,0.17000000000000001,0.19399999999999998,1.0,0.0,7.0,0.0,757.0
1.0,4.0,18.0,1.0,0.60000000000000009,0.60609999999999997,0.26000000000000001,0.16420000000000001,1.0,0.0,7.0,0.0,800.0
1.0,4.0,19.0,1.0,0.56000000000000005,0.53029999999999999,0.26000000000000001,0.1045,1.0,0.0,7.0,0.0,558.0
1.0,4.0,20.0,1.0,0.56000000000000005,0.53029999999999999,0.23999999999999999,0.1343,1.0,0.0,7.0,0.0,379.0
1.0,4.0,21.0,1.0,0.54000000000000004,0.51519999999999999,0.45000000000000001,0.0,1.0,0.0,7.0,0.0,243.0
1.0,4.0,22.0,1.0,0.5,0.48479999999999995,0.51000000000000001,0.0,1.0,0.0,7.0,0.0,158.0
1.0,4.0,23.0,1.0,0.5,0.48479999999999995,0.58999999999999997,0.0,1.0,0.0,7.0,0.0,79.0
1.0,4.0,0.0,1.0,0.47999999999999998,0.46970000000000001,0.47999999999999998,0.0,1.0,0.0,1.0,1.0,41.0
1.0,4.0,1.0,1.0,0.45999999999999996,0.45450000000000002,0.58999999999999997,0.0,1.0,0.0,1.0,1.0,11.0
1.0,4.0,2.0,1.0,0.45999999999999996,0.45450000000000002,0.51000000000000001,0.0,1.0,0.0,1.0,1.0,5.0
1.0,4.0,3.0,1.0,0.44,0.43939999999999996,0.57999999999999996,0.089599999999999999,1.0,0.0,1.0,1.0,3.0
1.0,4.0,4.0,1.0,0.41999999999999998,0.42420000000000002,0.67000000000000004,0.089599999999999999,1.0,0.0,1.0,1.0,1.0
1.0,4.0,5.0,1.0,0.41999999999999998,0.42420000000000002,0.67000000000000004,0.089599999999999999,1.0,0.0,1.0,1.0,27.0
1.0,4.0,6.0,2.0,0.41999999999999998,0.42420000000000002,0.57999999999999996,0.0,1.0,0.0,1.0,1.0,126.0
1.0,4.0,7.0,2.0,0.44,0.43939999999999996,0.62,0.0,1.0,0.0,1.0,1.0,366.0
1.0,4.0,8.0,2.0,0.44,0.43939999999999996,0.71999999999999997,0.1045,1.0,0.0,1.0,1.0,684.0
1.0,4.0,9.0,2.0,0.47999999999999998,0.46970000000000001,0.55000000000000004,0.1343,1.0,0.0,1.0,1.0,363.0
1.0,4.0,10.0,2.0,0.54000000000000004,0.51519999999999999,0.45000000000000001,0.1343,1.0,0.0,1.0,1.0,167.0
1.0,4.0,11.0,2.0,0.60000000000000009,0.62119999999999997,0.42999999999999999,0.35820000000000002,1.0,0.0,1.0,1.0,213.0
1.0,4.0,12.0,2.0,0.60000000000000009,0.62119999999999997,0.46000000000000002,0.41790000000000005,1.0,0.0,1.0,1.0,283.0
1.0,4.0,13.0,2.0,0.60000000000000009,0.62119999999999997,0.46000000000000002,0.25370000000000004,1.0,0.0,1.0,1.0,251.0
1.0,4.0,14.0,2.0,0.62,0.62119999999999997,0.46000000000000002,0.19399999999999998,1.0,0.0,1.0,1.0,258.0
1.0,4.0,15.0,2.0,0.64000000000000001,0.62119999999999997,0.44,0.28360000000000002,1.0,0.0,1.0,1.0,268.0
1.0,4.0,16.0,2.0,0.64000000000000001,0.62119999999999997,0.44,0.28360000000000002,1.0,0.0,1.0,1.0,390.0
1.0,4.0,17.0,1.0,0.65999999999999992,0.62119999999999997,0.40999999999999998,0.29850000000000004,1.0,0.0,1.0,1.0,744.0
1.0,4.0,18.0,1.0,0.65999999999999992,0.62119999999999997,0.40999999999999998,0.25370000000000004,1.0,0.0,1.0,1.0,759.0
1.0,4.0,19.0,1.0,0.65999999999999992,0.62119999999999997,0.39000000000000001,0.22390000000000002,1.0,0.0,1.0,1.0,494.0
1.0,4.0,20.0,1.0,0.64000000000000001,0.62119999999999997,0.27000000000000002,0.22390000000000002,1.0,0.0,1.0,1.0,372.0
1.0,4.0,21.0,1.0,0.60000000000000009,0.60609999999999997,0.23000000000000001,0.32840000000000003,1.0,0.0,1.0,1.0,298.0
1.0,4.0,22.0,1.0,0.56000000000000005,0.53029999999999999,0.22,0.16420000000000001,1.0,0.0,1.0,1.0,181.0
1.0,4.0,23.0,1.0,0.52000000000000002,0.5,0.23000000000000001,0.41790000000000005,1.0,0.0,1.0,1.0,131.0
1.0,4.0,0.0,1.0,0.52000000000000002,0.5,0.23000000000000001,0.41790000000000005,1.0,0.0,2.0,1.0,45.0
1.0,4.0,1.0,1.0,0.47999999999999998,0.46970000000000001,0.27000000000000002,0.32840000000000003,1.0,0.0,2.0,1.0,13.0
1.0,4.0,2.0,1.0,0.45999999999999996,0.45450000000000002,0.33000000000000002,0.44780000000000003,1.0,0.0,2.0,1.0,18.0
1.0,4.0,3.0,1.0,0.41999999999999998,0.42420000000000002,0.40999999999999998,0.29850000000000004,1.0,0.0,2.0,1.0,5.0
1.0,4.0,4.0,1.0,0.38,0.39390000000000003,0.42999999999999999,0.28360000000000002,1.0,0.0,2.0,1.0,1.0
1.0,4.0,5.0,1.0,0.38,0.39390000000000003,0.42999999999999999,0.28360000000000002,1.0,0.0,2.0,1.0,29.0
1.0,4.0,6.0,1.0,0.35999999999999999,0.33329999999999999,0.46000000000000002,0.32840000000000003,1.0,0.0,2.0,1.0,126.0
1.0,4.0,7.0,1.0,0.33999999999999997,0.33329999999999999,0.48999999999999999,0.19399999999999998,1.0,0.0,2.0,1.0,354.0
1.0,4.0,8.0,1.0,0.35999999999999999,0.34850000000000003,0.46000000000000002,0.22390000000000002,1.0,0.0,2.0,1.0,638.0
1.0,4.0,9.0,1.0,0.39999999999999997,0.40909999999999996,0.37,0.25370000000000004,1.0,0.0,2.0,1.0,351.0
1.0,4.0,10.0,1.0,0.41999999999999998,0.42420000000000002,0.34999999999999998,0.28360000000000002,1.0,0.0,2.0,1.0,246.0
1.0,4.0,11.0,2.0,0.41999999999999998,0.42420000000000002,0.38,0.22390000000000002,1.0,0.0,2.0,1.0,268.0
1.0,4.0,12.0,1.0,0.44,0.43939999999999996,0.33000000000000002,0.0,1.0,0.0,2.0,1.0,276.0
1.0,4.0,13.0,1.0,0.45999999999999996,0.45450000000000002,0.31,0.0,1.0,0.0,2.0,1.0,291.0
1.0,4.0,14.0,1.0,0.45999999999999996,0.45450000000000002,0.33000000000000002,0.16420000000000001,1.0,0.0,2.0,1.0,287.0
1.0,4.0,15.0,1.0,0.5,0.48479999999999995,0.31,0.1045,1.0,0.0,2.0,1.0,269.0
1.0,4.0,16.0,1.0,0.5,0.48479999999999995,0.31,0.19399999999999998,1.0,0.0,2.0,1.0,402.0
1.0,4.0,17.0,1.0,0.5,0.48479999999999995,0.31,0.16420000000000001,1.0,0.0,2.0,1.0,822.0
1.0,4.0,18.0,1.0,0.5,0.48479999999999995,0.31,0.1045,1.0,0.0,2.0,1.0,698.0
1.0,4.0,19.0,1.0,0.47999999999999998,0.46970000000000001,0.31,0.25370000000000004,1.0,0.0,2.0,1.0,487.0
1.0,4.0,20.0,1.0,0.44,0.43939999999999996,0.40999999999999998,0.19399999999999998,1.0,0.0,2.0,1.0,312.0
1.0,4.0,21.0,1.0,0.41999999999999998,0.42420000000000002,0.46999999999999997,0.19399999999999998,1.0,0.0,2.0,1.0,234.0
1.0,4.0,22.0,1.0,0.39999999999999997,0.40909999999999996,0.46999999999999997,0.19399999999999998,1.0,0.0,2.0,1.0,149.0
1.0,4.0,23.0,1.0,0.39999999999999997,0.40909999999999996,0.5,0.1343,1.0,0.0,2.0,1.0,136.0
1.0,4.0,0.0,1.0,0.39999999999999997,0.40909999999999996,0.42999999999999999,0.0,1.0,0.0,3.0,1.0,61.0
1.0,4.0,1.0,1.0,0.35999999999999999,0.34850000000000003,0.62,0.1343,1.0,0.0,3.0,1.0,38.0
1.0,4.0,2.0,1.0,0.35999999999999999,0.33329999999999999,0.5,0.3881,1.0,0.0,3.0,1.0,11.0
1.0,4.0,3.0,1.0,0.33999999999999997,0.30299999999999999,0.53000000000000003,0.32840000000000003,1.0,0.0,3.0,1.0,8.0
1.0,4.0,4.0,1.0,0.33999999999999997,0.31819999999999998,0.48999999999999999,0.25370000000000004,1.0,0.0,3.0,1.0,5.0
1.0,4.0,5.0,1.0,0.32000000000000001,0.30299999999999999,0.53000000000000003,0.32840000000000003,1.0,0.0,3.0,1.0,23.0
1.0,4.0,6.0,1.0,0.30000000000000004,0.2727,0.48999999999999999,0.3881,1.0,0.0,3.0,1.0,80.0
1.0,4.0,7.0,1.0,0.30000000000000004,0.28789999999999999,0.48999999999999999,0.28360000000000002,1.0,0.0,3.0,1.0,246.0
1.0,4.0,8.0,1.0,0.30000000000000004,0.2727,0.48999999999999999,0.32840000000000003,1.0,0.0,3.0,1.0,508.0
1.0,4.0,9.0,1.0,0.33999999999999997,0.30299999999999999,0.41999999999999998,0.32840000000000003,1.0,0.0,3.0,1.0,376.0
1.0,4.0,10.0,1.0,0.35999999999999999,0.33329999999999999,0.40000000000000002,0.32840000000000003,1.0,0.0,3.0,1.0,238.0
1.0,4.0,11.0,1.0,0.39999999999999997,0.40909999999999996,0.37,0.29850000000000004,1.0,0.0,3.0,1.0,291.0
1.0,4.0,12.0,1.0,0.41999999999999998,0.42420000000000002,0.34999999999999998,0.29850000000000004,1.0,0.0,3.0,1.0,337.0
1.0,4.0,13.0,1.0,0.44,0.43939999999999996,0.33000000000000002,0.32840000000000003,1.0,0.0,3.0,1.0,411.0
1.0,4.0,14.0,1.0,0.47999999999999998,0.46970000000000001,0.28999999999999998,0.3881,1.0,0.0,3.0,1.0,490.0
1.0,4.0,15.0,1.0,0.5,0.48479999999999995,0.27000000000000002,0.28360000000000002,1.0,0.0,3.0,1.0,537.0
1.0,4.0,16.0,1.0,0.5,0.48479999999999995,0.22,0.41790000000000005,1.0,0.0,3.0,1.0,536.0
1.0,4.0,17.0,1.0,0.52000000000000002,0.5,0.23000000000000001,0.41790000000000005,1.0,0.0,3.0,1.0,655.0
1.0,4.0,18.0,1.0,0.5,0.48479999999999995,0.22,0.4627,1.0,0.0,3.0,1.0,484.0
1.0,4.0,19.0,1.0,0.47999999999999998,0.46970000000000001,0.23000000000000001,0.29850000000000004,1.0,0.0,3.0,1.0,412.0
1.0,4.0,20.0,1.0,0.45999999999999996,0.45450000000000002,0.23999999999999999,0.28360000000000002,1.0,0.0,3.0,1.0,252.0
1.0,4.0,21.0,1.0,0.44,0.43939999999999996,0.26000000000000001,0.1343,1.0,0.0,3.0,1.0,190.0
1.0,4.0,22.0,1.0,0.39999999999999997,0.40909999999999996,0.34999999999999998,0.22390000000000002,1.0,0.0,3.0,1.0,158.0
1.0,4.0,23.0,1.0,0.41999999999999998,0.42420000000000002,0.29999999999999999,0.28360000000000002,1.0,0.0,3.0,1.0,113.0
1.0,4.0,0.0,1.0,0.41999999999999998,0.42420000000000002,0.26000000000000001,0.29850000000000004,1.0,0.0,4.0,1.0,94.0
1.0,4.0,1.0,1.0,0.39999999999999997,0.40909999999999996,0.28000000000000003,0.25370000000000004,1.0,0.0,4.0,1.0,69.0
1.0,4.0,2.0,1.0,0.35999999999999999,0.33329999999999999,0.28999999999999998,0.35820000000000002,1.0,0.0,4.0,1.0,36.0
1.0,4.0,3.0,1.0,0.35999999999999999,0.33329999999999999,0.32000000000000001,0.25370000000000004,1.0,0.0,4.0,1.0,28.0
1.0,4.0,4.0,1.0,0.32000000000000001,0.31819999999999998,0.35999999999999999,0.16420000000000001,1.0,0.0,4.0,1.0,7.0
1.0,4.0,5.0,1.0,0.32000000000000001,0.31819999999999998,0.33000000000000002,0.16420000000000001,1.0,0.0,4.0,1.0,2.0
1.0,4.0,6.0,1.0,0.32000000000000001,0.31819999999999998,0.35999999999999999,0.19399999999999998,1.0,0.0,4.0,1.0,19.0
1.0,4.0,7.0,1.0,0.32000000000000001,0.30299999999999999,0.33000000000000002,0.28360000000000002,1.0,0.0,4.0,1.0,54.0
1.0,4.0,8.0,1.0,0.33999999999999997,0.31819999999999998,0.34000000000000002,0.25370000000000004,1.0,0.0,4.0,1.0,123.0
1.0,4.0,9.0,1.0,0.39999999999999997,0.40909999999999996,0.29999999999999999,0.25370000000000004,1.0,0.0,4.0,1.0,276.0
1.0,4.0,10.0,1.0,0.41999999999999998,0.42420000000000002,0.28000000000000003,0.25370000000000004,1.0,0.0,4.0,1.0,363.0
1.0,4.0,11.0,1.0,0.44,0.43939999999999996,0.23999999999999999,0.29850000000000004,1.0,0.0,4.0,1.0,495.0
1.0,4.0,12.0,1.0,0.45999999999999996,0.45450000000000002,0.23000000000000001,0.3881,1.0,0.0,4.0,1.0,590.0
1.0,4.0,13.0,1.0,0.5,0.48479999999999995,0.22,0.19399999999999998,1.0,0.0,4.0,1.0,643.0
1.0,4.0,14.0,1.0,0.5,0.48479999999999995,0.22,0.29850000000000004,1.0,0.0,4.0,1.0,578.0
1.0,4.0,15.0,1.0,0.52000000000000002,0.5,0.19,0.41790000000000005,1.0,0.0,4.0,1.0,626.0
1.0,4.0,16.0,1.0,0.54000000000000004,0.51519999999999999,0.19,0.3881,1.0,0.0,4.0,1.0,615.0
1.0,4.0,17.0,1.0,0.54000000000000004,0.51519999999999999,0.19,0.41790000000000005,1.0,0.0,4.0,1.0,567.0
1.0,4.0,18.0,1.0,0.54000000000000004,0.51519999999999999,0.17999999999999999,0.29850000000000004,1.0,0.0,4.0,1.0,517.0
1.0,4.0,19.0,1.0,0.54000000000000004,0.51519999999999999,0.16,0.32840000000000003,1.0,0.0,4.0,1.0,413.0
1.0,4.0,20.0,1.0,0.5,0.48479999999999995,0.20000000000000001,0.22390000000000002,1.0,0.0,4.0,1.0,208.0
1.0,4.0,21.0,1.0,0.5,0.48479999999999995,0.20000000000000001,0.19399999999999998,1.0,0.0,4.0,1.0,234.0
1.0,4.0,22.0,1.0,0.47999999999999998,0.46970000000000001,0.20000000000000001,0.19399999999999998,1.0,0.0,4.0,1.0,182.0
1.0,4.0,23.0,1.0,0.45999999999999996,0.45450000000000002,0.23000000000000001,0.22390000000000002,1.0,0.0,4.0,1.0,118.0
1.0,4.0,0.0,1.0,0.44,0.43939999999999996,0.23999999999999999,0.22390000000000002,1.0,0.0,5.0,1.0,85.0
1.0,4.0,1.0,1.0,0.44,0.43939999999999996,0.23999999999999999,0.22390000000000002,1.0,0.0,5.0,1.0,64.0
1.0,4.0,2.0,1.0,0.44,0.43939999999999996,0.23999999999999999,0.22390000000000002,1.0,0.0,5.0,1.0,32.0
1.0,4.0,3.0,1.0,0.41999999999999998,0.42420000000000002,0.26000000000000001,0.1343,1.0,0.0,5.0,1.0,26.0
1.0,4.0,4.0,1.0,0.39999999999999997,0.40909999999999996,0.40000000000000002,0.0,1.0,0.0,5.0,1.0,7.0
1.0,4.0,5.0,1.0,0.38,0.39390000000000003,0.46000000000000002,0.0,1.0,0.0,5.0,1.0,12.0
1.0,4.0,6.0,1.0,0.35999999999999999,0.37880000000000003,0.37,0.0,1.0,0.0,5.0,1.0,28.0
1.0,4.0,7.0,1.0,0.38,0.39390000000000003,0.27000000000000002,0.16420000000000001,1.0,0.0,5.0,1.0,37.0
1.0,4.0,8.0,1.0,0.39999999999999997,0.40909999999999996,0.29999999999999999,0.19399999999999998,1.0,0.0,5.0,1.0,84.0
1.0,4.0,9.0,1.0,0.44,0.43939999999999996,0.26000000000000001,0.22390000000000002,1.0,0.0,5.0,1.0,179.0
1.0,4.0,10.0,1.0,0.5,0.48479999999999995,0.25,0.22390000000000002,1.0,0.0,5.0,1.0,299.0
1.0,4.0,11.0,1.0,0.5,0.48479999999999995,0.25,0.28360000000000002,1.0,0.0,5.0,1.0,404.0
1.0,4.0,12.0,1.0,0.54000000000000004,0.51519999999999999,0.23999999999999999,0.25370000000000004,1.0,0.0,5.0,1.0,457.0
1.0,4.0,13.0,1.0,0.58000000000000007,0.54549999999999998,0.23000000000000001,0.16420000000000001,1.0,0.0,5.0,1.0,483.0
1.0,4.0,14.0,1.0,0.60000000000000009,0.59089999999999998,0.17999999999999999,0.44780000000000003,1.0,0.0,5.0,1.0,503.0
1.0,4.0,15.0,1.0,0.62,0.60609999999999997,0.17000000000000001,0.35820000000000002,1.0,0.0,5.0,1.0,486.0
1.0,4.0,16.0,1.0,0.64000000000000001,0.60609999999999997,0.19,0.32840000000000003,1.0,0.0,5.0,1.0,476.0
1.0,4.0,17.0,1.0,0.62,0.60609999999999997,0.22,0.29850000000000004,1.0,0.0,5.0,1.0,411.0
1.0,4.0,18.0,1.0,0.62,0.60609999999999997,0.25,0.32840000000000003,1.0,0.0,5.0,1.0,310.0
1.0,4.0,19.0,1.0,0.60000000000000009,0.60609999999999997,0.23000000000000001,0.3881,1.0,0.0,5.0,1.0,276.0
1.0,4.0,20.0,1.0,0.56000000000000005,0.53029999999999999,0.28000000000000003,0.41790000000000005,1.0,0.0,5.0,1.0,211.0
1.0,4.0,21.0,1.0,0.52000000000000002,0.5,0.34000000000000002,0.22390000000000002,1.0,0.0,5.0,1.0,130.0
1.0,4.0,22.0,1.0,0.5,0.48479999999999995,0.35999999999999999,0.22390000000000002,1.0,0.0,5.0,1.0,118.0
1.0,4.0,23.0,1.0,0.5,0.48479999999999995,0.39000000000000001,0.25370000000000004,1.0,0.0,5.0,1.0,51.0
1.0,4.0,0.0,1.0,0.47999999999999998,0.46970000000000001,0.39000000000000001,0.28360000000000002,1.0,0.0,6.0,0.0,37.0
1.0,4.0,1.0,1.0,0.45999999999999996,0.45450000000000002,0.40999999999999998,0.1343,1.0,0.0,6.0,0.0,16.0
1.0,4.0,2.0,1.0,0.45999999999999996,0.45450000000000002,0.31,0.19399999999999998,1.0,0.0,6.0,0.0,6.0
1.0,4.0,3.0,1.0,0.44,0.43939999999999996,0.29999999999999999,0.16420000000000001,1.0,0.0,6.0,0.0,3.0
1.0,4.0,4.0,1.0,0.44,0.43939999999999996,0.23999999999999999,0.19399999999999998,1.0,0.0,6.0,0.0,5.0
1.0,4.0,5.0,1.0,0.44,0.43939999999999996,0.23999999999999999,0.19399999999999998,1.0,0.0,6.0,0.0,32.0
1.0,4.0,6.0,1.0,0.41999999999999998,0.42420000000000002,0.26000000000000001,0.22390000000000002,1.0,0.0,6.0,0.0,111.0
1.0,4.0,7.0,1.0,0.41999999999999998,0.42420000000000002,0.28000000000000003,0.19399999999999998,1.0,0.0,6.0,0.0,331.0
1.0,4.0,8.0,1.0,0.44,0.43939999999999996,0.29999999999999999,0.19399999999999998,1.0,0.0,6.0,0.0,617.0
1.0,4.0,9.0,1.0,0.45999999999999996,0.45450000000000002,0.31,0.35820000000000002,1.0,0.0,6.0,0.0,286.0
1.0,4.0,10.0,1.0,0.5,0.48479999999999995,0.27000000000000002,0.49250000000000005,1.0,0.0,6.0,0.0,178.0
1.0,4.0,11.0,1.0,0.52000000000000002,0.5,0.27000000000000002,0.41790000000000005,1.0,0.0,6.0,0.0,223.0
1.0,4.0,12.0,1.0,0.54000000000000004,0.51519999999999999,0.28000000000000003,0.71640000000000004,1.0,0.0,6.0,0.0,280.0
1.0,4.0,13.0,1.0,0.54000000000000004,0.51519999999999999,0.28000000000000003,0.58210000000000006,1.0,0.0,6.0,0.0,281.0
1.0,4.0,14.0,1.0,0.56000000000000005,0.53029999999999999,0.28000000000000003,0.55220000000000002,1.0,0.0,6.0,0.0,218.0
1.0,4.0,15.0,1.0,0.58000000000000007,0.54549999999999998,0.28000000000000003,0.55220000000000002,1.0,0.0,6.0,0.0,255.0
1.0,4.0,16.0,1.0,0.56000000000000005,0.53029999999999999,0.29999999999999999,0.41790000000000005,1.0,0.0,6.0,0.0,391.0
1.0,4.0,17.0,1.0,0.54000000000000004,0.51519999999999999,0.32000000000000001,0.41790000000000005,1.0,0.0,6.0,0.0,632.0
1.0,4.0,18.0,1.0,0.54000000000000004,0.51519999999999999,0.34000000000000002,0.29850000000000004,1.0,0.0,6.0,0.0,646.0
1.0,4.0,19.0,1.0,0.52000000000000002,0.5,0.34000000000000002,0.35820000000000002,1.0,0.0,6.0,0.0,421.0
1.0,4.0,20.0,1.0,0.5,0.48479999999999995,0.35999999999999999,0.44780000000000003,1.0,0.0,6.0,0.0,276.0
1.0,4.0,21.0,3.0,0.47999999999999998,0.46970000000000001,0.40999999999999998,0.41790000000000005,1.0,0.0,6.0,0.0,165.0
1.0,4.0,22.0,2.0,0.45999999999999996,0.45450000000000002,0.40999999999999998,0.49250000000000005,1.0,0.0,6.0,0.0,108.0
1.0,4.0,23.0,1.0,0.44,0.43939999999999996,0.44,0.29850000000000004,1.0,0.0,6.0,0.0,67.0
1.0,4.0,0.0,2.0,0.44,0.43939999999999996,0.46999999999999997,0.28360000000000002,1.0,0.0,7.0,0.0,26.0
1.0,4.0,1.0,1.0,0.41999999999999998,0.42420000000000002,0.5,0.22390000000000002,1.0,0.0,7.0,0.0,9.0
1.0,4.0,2.0,1.0,0.35999999999999999,0.34850000000000003,0.70999999999999996,0.1343,1.0,0.0,7.0,0.0,2.0
1.0,4.0,3.0,1.0,0.35999999999999999,0.34850000000000003,0.70999999999999996,0.1343,1.0,0.0,7.0,0.0,2.0
1.0,4.0,4.0,1.0,0.33999999999999997,0.33329999999999999,0.70999999999999996,0.1343,1.0,0.0,7.0,0.0,2.0
1.0,4.0,5.0,1.0,0.33999999999999997,0.33329999999999999,0.70999999999999996,0.1343,1.0,0.0,7.0,0.0,24.0
1.0,4.0,6.0,1.0,0.33999999999999997,0.34850000000000003,0.70999999999999996,0.1045,1.0,0.0,7.0,0.0,103.0
1.0,4.0,7.0,1.0,0.33999999999999997,0.34850000000000003,0.70999999999999996,0.1045,1.0,0.0,7.0,0.0,384.0
1.0,4.0,8.0,1.0,0.38,0.39390000000000003,0.62,0.1343,1.0,0.0,7.0,0.0,692.0
1.0,4.0,9.0,1.0,0.41999999999999998,0.42420000000000002,0.67000000000000004,0.19399999999999998,1.0,0.0,7.0,0.0,319.0
1.0,4.0,10.0,1.0,0.45999999999999996,0.45450000000000002,0.46999999999999997,0.16420000000000001,1.0,0.0,7.0,0.0,181.0
1.0,4.0,11.0,1.0,0.5,0.48479999999999995,0.35999999999999999,0.0,1.0,0.0,7.0,0.0,239.0
1.0,4.0,12.0,1.0,0.54000000000000004,0.51519999999999999,0.22,0.28360000000000002,1.0,0.0,7.0,0.0,259.0
1.0,4.0,13.0,1.0,0.52000000000000002,0.5,0.23000000000000001,0.16420000000000001,1.0,0.0,7.0,0.0,283.0
1.0,4.0,14.0,1.0,0.54000000000000004,0.51519999999999999,0.23999999999999999,0.19399999999999998,1.0,0.0,7.0,0.0,224.0
1.0,4.0,15.0,1.0,0.56000000000000005,0.53029999999999999,0.20999999999999999,0.29850000000000004,1.0,0.0,7.0,0.0,203.0
1.0,4.0,16.0,1.0,0.58000000000000007,0.54549999999999998,0.20999999999999999,0.25370000000000004,1.0,0.0,7.0,0.0,362.0
1.0,4.0,17.0,1.0,0.56000000000000005,0.53029999999999999,0.20999999999999999,0.52239999999999998,1.0,0.0,7.0,0.0,744.0
1.0,4.0,18.0,1.0,0.54000000000000004,0.51519999999999999,0.22,0.41790000000000005,1.0,0.0,7.0,0.0,704.0
1.0,4.0,19.0,1.0,0.52000000000000002,0.5,0.20000000000000001,0.35820000000000002,1.0,0.0,7.0,0.0,479.0
1.0,4.0,20.0,1.0,0.45999999999999996,0.45450000000000002,0.28000000000000003,0.3881,1.0,0.0,7.0,0.0,282.0
1.0,4.0,21.0,1.0,0.44,0.43939999999999996,0.29999999999999999,0.44780000000000003,1.0,0.0,7.0,0.0,206.0
1.0,4.0,22.0,1.0,0.39999999999999997,0.40909999999999996,0.37,0.49250000000000005,1.0,0.0,7.0,0.0,127.0
1.0,4.0,23.0,1.0,0.35999999999999999,0.33329999999999999,0.40000000000000002,0.41790000000000005,1.0,0.0,7.0,0.0,62.0
1.0,4.0,0.0,1.0,0.33999999999999997,0.30299999999999999,0.35999999999999999,0.41790000000000005,1.0,0.0,1.0,1.0,30.0
1.0,4.0,1.0,1.0,0.33999999999999997,0.31819999999999998,0.39000000000000001,0.28360000000000002,1.0,0.0,1.0,1.0,12.0
1.0,4.0,2.0,1.0,0.32000000000000001,0.30299999999999999,0.45000000000000001,0.28360000000000002,1.0,0.0,1.0,1.0,2.0
1.0,4.0,3.0,1.0,0.30000000000000004,0.28789999999999999,0.48999999999999999,0.22390000000000002,1.0,0.0,1.0,1.0,2.0
1.0,4.0,5.0,1.0,0.28000000000000003,0.2727,0.56000000000000005,0.19399999999999998,1.0,0.0,1.0,1.0,27.0
1.0,4.0,6.0,1.0,0.28000000000000003,0.28789999999999999,0.56000000000000005,0.1045,1.0,0.0,1.0,1.0,106.0
1.0,4.0,7.0,1.0,0.28000000000000003,0.28789999999999999,0.52000000000000002,0.1343,1.0,0.0,1.0,1.0,321.0
1.0,4.0,8.0,1.0,0.30000000000000004,0.28789999999999999,0.48999999999999999,0.22390000000000002,1.0,0.0,1.0,1.0,595.0
1.0,4.0,9.0,2.0,0.32000000000000001,0.30299999999999999,0.48999999999999999,0.29850000000000004,1.0,0.0,1.0,1.0,302.0
1.0,4.0,10.0,2.0,0.33999999999999997,0.30299999999999999,0.48999999999999999,0.32840000000000003,1.0,0.0,1.0,1.0,153.0
1.0,4.0,11.0,2.0,0.38,0.39390000000000003,0.42999999999999999,0.32840000000000003,1.0,0.0,1.0,1.0,180.0
1.0,4.0,12.0,2.0,0.35999999999999999,0.33329999999999999,0.46000000000000002,0.3881,1.0,0.0,1.0,1.0,182.0
1.0,4.0,13.0,2.0,0.39999999999999997,0.40909999999999996,0.40000000000000002,0.35820000000000002,1.0,0.0,1.0,1.0,163.0
1.0,4.0,14.0,1.0,0.35999999999999999,0.34850000000000003,0.56999999999999995,0.19399999999999998,1.0,0.0,1.0,1.0,135.0
1.0,4.0,15.0,3.0,0.38,0.39390000000000003,0.46000000000000002,0.22390000000000002,1.0,0.0,1.0,1.0,202.0
1.0,4.0,16.0,1.0,0.44,0.43939999999999996,0.33000000000000002,0.29850000000000004,1.0,0.0,1.0,1.0,307.0
1.0,4.0,17.0,1.0,0.41999999999999998,0.42420000000000002,0.34999999999999998,0.3881,1.0,0.0,1.0,1.0,579.0
1.0,4.0,18.0,3.0,0.39999999999999997,0.40909999999999996,0.42999999999999999,0.41790000000000005,1.0,0.0,1.0,1.0,585.0
1.0,4.0,19.0,1.0,0.39999999999999997,0.40909999999999996,0.40000000000000002,0.35820000000000002,1.0,0.0,1.0,1.0,384.0
1.0,4.0,20.0,1.0,0.35999999999999999,0.33329999999999999,0.46000000000000002,0.32840000000000003,1.0,0.0,1.0,1.0,235.0
1.0,4.0,21.0,1.0,0.33999999999999997,0.30299999999999999,0.56999999999999995,0.3881,1.0,0.0,1.0,1.0,165.0
1.0,4.0,22.0,1.0,0.33999999999999997,0.30299999999999999,0.56999999999999995,0.32840000000000003,1.0,0.0,1.0,1.0,134.0
1.0,4.0,23.0,1.0,0.33999999999999997,0.30299999999999999,0.56999999999999995,0.29850000000000004,1.0,0.0,1.0,1.0,61.0
1.0,4.0,0.0,1.0,0.32000000000000001,0.30299999999999999,0.66000000000000003,0.28360000000000002,1.0,0.0,2.0,1.0,23.0
1.0,4.0,1.0,1.0,0.32000000000000001,0.30299999999999999,0.66000000000000003,0.22390000000000002,1.0,0.0,2.0,1.0,9.0
1.0,4.0,2.0,1.0,0.32000000000000001,0.30299999999999999,0.60999999999999999,0.28360000000000002,1.0,0.0,2.0,1.0,4.0
1.0,4.0,3.0,1.0,0.32000000000000001,0.30299999999999999,0.60999999999999999,0.25370000000000004,1.0,0.0,2.0,1.0,5.0
1.0,4.0,4.0,1.0,0.30000000000000004,0.28789999999999999,0.60999999999999999,0.22390000000000002,1.0,0.0,2.0,1.0,1.0
1.0,4.0,5.0,1.0,0.30000000000000004,0.28789999999999999,0.60999999999999999,0.22390000000000002,1.0,0.0,2.0,1.0,21.0
1.0,4.0,6.0,1.0,0.30000000000000004,0.28789999999999999,0.65000000000000002,0.25370000000000004,1.0,0.0,2.0,1.0,96.0
1.0,4.0,7.0,1.0,0.30000000000000004,0.2727,0.65000000000000002,0.32840000000000003,1.0,0.0,2.0,1.0,306.0
1.0,4.0,8.0,1.0,0.32000000000000001,0.30299999999999999,0.66000000000000003,0.32840000000000003,1.0,0.0,2.0,1.0,624.0
1.0,4.0,9.0,1.0,0.35999999999999999,0.33329999999999999,0.56999999999999995,0.35820000000000002,1.0,0.0,2.0,1.0,287.0
1.0,4.0,10.0,1.0,0.39999999999999997,0.40909999999999996,0.5,0.29850000000000004,1.0,0.0,2.0,1.0,141.0
1.0,4.0,11.0,1.0,0.41999999999999998,0.42420000000000002,0.46999999999999997,0.29850000000000004,1.0,0.0,2.0,1.0,224.0
1.0,4.0,12.0,1.0,0.45999999999999996,0.45450000000000002,0.40999999999999998,0.44780000000000003,1.0,0.0,2.0,1.0,259.0
1.0,4.0,13.0,1.0,0.47999999999999998,0.46970000000000001,0.35999999999999999,0.44780000000000003,1.0,0.0,2.0,1.0,203.0
1.0,4.0,14.0,1.0,0.5,0.48479999999999995,0.31,0.32840000000000003,1.0,0.0,2.0,1.0,224.0
1.0,4.0,15.0,1.0,0.47999999999999998,0.46970000000000001,0.31,0.25370000000000004,1.0,0.0,2.0,1.0,211.0
1.0,4.0,16.0,1.0,0.47999999999999998,0.46970000000000001,0.31,0.28360000000000002,1.0,0.0,2.0,1.0,353.0
1.0,4.0,17.0,1.0,0.5,0.48479999999999995,0.27000000000000002,0.3881,1.0,0.0,2.0,1.0,656.0
1.0,4.0,18.0,1.0,0.5,0.48479999999999995,0.27000000000000002,0.3881,1.0,0.0,2.0,1.0,610.0
1.0,4.0,19.0,1.0,0.45999999999999996,0.45450000000000002,0.31,0.29850000000000004,1.0,0.0,2.0,1.0,433.0
1.0,4.0,20.0,1.0,0.44,0.43939999999999996,0.33000000000000002,0.25370000000000004,1.0,0.0,2.0,1.0,280.0
1.0,4.0,21.0,1.0,0.41999999999999998,0.42420000000000002,0.34999999999999998,0.1343,1.0,0.0,2.0,1.0,187.0
1.0,4.0,22.0,1.0,0.41999999999999998,0.42420000000000002,0.34999999999999998,0.19399999999999998,1.0,0.0,2.0,1.0,158.0
1.0,4.0,23.0,1.0,0.41999999999999998,0.42420000000000002,0.34999999999999998,0.19399999999999998,1.0,0.0,2.0,1.0,94.0
1.0,4.0,0.0,1.0,0.39999999999999997,0.40909999999999996,0.37,0.25370000000000004,1.0,0.0,3.0,1.0,55.0
1.0,4.0,1.0,1.0,0.35999999999999999,0.34850000000000003,0.46000000000000002,0.19399999999999998,1.0,0.0,3.0,1.0,30.0
1.0,4.0,2.0,1.0,0.33999999999999997,0.33329999999999999,0.48999999999999999,0.19399999999999998,1.0,0.0,3.0,1.0,11.0
1.0,4.0,3.0,1.0,0.33999999999999997,0.33329999999999999,0.60999999999999999,0.16420000000000001,1.0,0.0,3.0,1.0,11.0
1.0,4.0,4.0,2.0,0.33999999999999997,0.33329999999999999,0.53000000000000003,0.1343,1.0,0.0,3.0,1.0,5.0
1.0,4.0,5.0,2.0,0.33999999999999997,0.33329999999999999,0.53000000000000003,0.16420000000000001,1.0,0.0,3.0,1.0,21.0
1.0,4.0,6.0,1.0,0.32000000000000001,0.31819999999999998,0.56999999999999995,0.16420000000000001,1.0,0.0,3.0,1.0,84.0
1.0,4.0,7.0,1.0,0.33999999999999997,0.31819999999999998,0.60999999999999999,0.22390000000000002,1.0,0.0,3.0,1.0,296.0
1.0,4.0,8.0,1.0,0.38,0.39390000000000003,0.46000000000000002,0.16420000000000001,1.0,0.0,3.0,1.0,563.0
1.0,4.0,9.0,1.0,0.41999999999999998,0.42420000000000002,0.40999999999999998,0.16420000000000001,1.0,0.0,3.0,1.0,330.0
1.0,4.0,10.0,1.0,0.44,0.43939999999999996,0.38,0.19399999999999998,1.0,0.0,3.0,1.0,192.0
1.0,4.0,11.0,1.0,0.45999999999999996,0.45450000000000002,0.35999999999999999,0.1343,1.0,0.0,3.0,1.0,233.0
1.0,4.0,12.0,1.0,0.5,0.48479999999999995,0.31,0.0,1.0,0.0,3.0,1.0,322.0
1.0,4.0,13.0,1.0,0.52000000000000002,0.5,0.27000000000000002,0.28360000000000002,1.0,0.0,3.0,1.0,358.0
1.0,4.0,14.0,1.0,0.52000000000000002,0.5,0.27000000000000002,0.0,1.0,0.0,3.0,1.0,348.0
1.0,4.0,15.0,1.0,0.54000000000000004,0.51519999999999999,0.28000000000000003,0.25370000000000004,1.0,0.0,3.0,1.0,352.0
1.0,4.0,16.0,1.0,0.56000000000000005,0.53029999999999999,0.26000000000000001,0.25370000000000004,1.0,0.0,3.0,1.0,463.0
1.0,4.0,17.0,1.0,0.56000000000000005,0.53029999999999999,0.23999999999999999,0.16420000000000001,1.0,0.0,3.0,1.0,738.0
1.0,4.0,18.0,1.0,0.54000000000000004,0.51519999999999999,0.26000000000000001,0.1343,1.0,0.0,3.0,1.0,671.0
1.0,4.0,19.0,1.0,0.54000000000000004,0.51519999999999999,0.23999999999999999,0.16420000000000001,1.0,0.0,3.0,1.0,427.0
1.0,4.0,20.0,1.0,0.5,0.48479999999999995,0.28999999999999998,0.1343,1.0,0.0,3.0,1.0,286.0
1.0,4.0,21.0,1.0,0.5,0.48479999999999995,0.35999999999999999,0.0,1.0,0.0,3.0,1.0,189.0
1.0,4.0,22.0,1.0,0.44,0.43939999999999996,0.62,0.1045,1.0,0.0,3.0,1.0,215.0
1.0,4.0,23.0,1.0,0.41999999999999998,0.42420000000000002,0.62,0.089599999999999999,1.0,0.0,3.0,1.0,198.0
1.0,4.0,0.0,1.0,0.39999999999999997,0.40909999999999996,0.57999999999999996,0.1343,1.0,0.0,4.0,1.0,96.0
1.0,4.0,1.0,1.0,0.39999999999999997,0.40909999999999996,0.57999999999999996,0.1343,1.0,0.0,4.0,1.0,70.0
1.0,4.0,2.0,1.0,0.38,0.39390000000000003,0.66000000000000003,0.1343,1.0,0.0,4.0,1.0,56.0
1.0,4.0,3.0,1.0,0.35999999999999999,0.36359999999999998,0.66000000000000003,0.089599999999999999,1.0,0.0,4.0,1.0,32.0
1.0,4.0,4.0,1.0,0.35999999999999999,0.36359999999999998,0.70999999999999996,0.1045,1.0,0.0,4.0,1.0,14.0
1.0,4.0,5.0,1.0,0.35999999999999999,0.36359999999999998,0.66000000000000003,0.1045,1.0,0.0,4.0,1.0,7.0
1.0,4.0,6.0,1.0,0.33999999999999997,0.33329999999999999,0.76000000000000001,0.16420000000000001,1.0,0.0,4.0,1.0,21.0
1.0,4.0,7.0,1.0,0.35999999999999999,0.36359999999999998,0.70999999999999996,0.1045,1.0,0.0,4.0,1.0,64.0
1.0,4.0,8.0,1.0,0.35999999999999999,0.34850000000000003,0.70999999999999996,0.1343,1.0,0.0,4.0,1.0,160.0
1.0,4.0,9.0,1.0,0.41999999999999998,0.42420000000000002,0.54000000000000004,0.1343,1.0,0.0,4.0,1.0,265.0
1.0,4.0,10.0,1.0,0.45999999999999996,0.45450000000000002,0.51000000000000001,0.16420000000000001,1.0,0.0,4.0,1.0,406.0
1.0,4.0,11.0,1.0,0.52000000000000002,0.5,0.45000000000000001,0.19399999999999998,1.0,0.0,4.0,1.0,564.0
1.0,4.0,12.0,1.0,0.58000000000000007,0.54549999999999998,0.34999999999999998,0.25370000000000004,1.0,0.0,4.0,1.0,678.0
1.0,4.0,13.0,1.0,0.62,0.62119999999999997,0.33000000000000002,0.29850000000000004,1.0,0.0,4.0,1.0,678.0
1.0,4.0,14.0,2.0,0.64000000000000001,0.62119999999999997,0.27000000000000002,0.44780000000000003,1.0,0.0,4.0,1.0,660.0
1.0,4.0,15.0,2.0,0.64000000000000001,0.62119999999999997,0.27000000000000002,0.35820000000000002,1.0,0.0,4.0,1.0,658.0
1.0,4.0,16.0,2.0,0.64000000000000001,0.62119999999999997,0.27000000000000002,0.35820000000000002,1.0,0.0,4.0,1.0,582.0
1.0,4.0,17.0,2.0,0.62,0.62119999999999997,0.33000000000000002,0.25370000000000004,1.0,0.0,4.0,1.0,560.0
1.0,4.0,18.0,2.0,0.62,0.62119999999999997,0.34999999999999998,0.22390000000000002,1.0,0.0,4.0,1.0,481.0
1.0,4.0,19.0,2.0,0.60000000000000009,0.62119999999999997,0.40000000000000002,0.16420000000000001,1.0,0.0,4.0,1.0,459.0
1.0,4.0,20.0,2.0,0.56000000000000005,0.53029999999999999,0.46000000000000002,0.1343,1.0,0.0,4.0,1.0,321.0
1.0,4.0,21.0,2.0,0.56000000000000005,0.53029999999999999,0.42999999999999999,0.1343,1.0,0.0,4.0,1.0,220.0
1.0,4.0,22.0,2.0,0.54000000000000004,0.51519999999999999,0.52000000000000002,0.16420000000000001,1.0,0.0,4.0,1.0,212.0
1.0,4.0,23.0,2.0,0.54000000000000004,0.51519999999999999,0.56000000000000005,0.19399999999999998,1.0,0.0,4.0,1.0,196.0
1.0,4.0,0.0,2.0,0.54000000000000004,0.51519999999999999,0.56000000000000005,0.19399999999999998,1.0,1.0,5.0,1.0,124.0
1.0,4.0,1.0,2.0,0.54000000000000004,0.51519999999999999,0.56000000000000005,0.16420000000000001,1.0,1.0,5.0,1.0,106.0
1.0,4.0,2.0,2.0,0.54000000000000004,0.51519999999999999,0.56000000000000005,0.1045,1.0,1.0,5.0,1.0,74.0
1.0,4.0,3.0,2.0,0.52000000000000002,0.5,0.58999999999999997,0.1343,1.0,1.0,5.0,1.0,45.0
1.0,4.0,4.0,2.0,0.54000000000000004,0.51519999999999999,0.52000000000000002,0.0,1.0,1.0,5.0,1.0,12.0
1.0,4.0,5.0,1.0,0.5,0.48479999999999995,0.68000000000000005,0.16420000000000001,1.0,1.0,5.0,1.0,10.0
1.0,4.0,6.0,1.0,0.5,0.48479999999999995,0.63,0.1343,1.0,1.0,5.0,1.0,16.0
1.0,4.0,7.0,1.0,0.5,0.48479999999999995,0.63,0.1045,1.0,1.0,5.0,1.0,46.0
1.0,4.0,8.0,1.0,0.52000000000000002,0.5,0.58999999999999997,0.0,1.0,1.0,5.0,1.0,97.0
1.0,4.0,9.0,1.0,0.54000000000000004,0.51519999999999999,0.56000000000000005,0.22390000000000002,1.0,1.0,5.0,1.0,251.0
1.0,4.0,10.0,1.0,0.58000000000000007,0.54549999999999998,0.53000000000000003,0.22390000000000002,1.0,1.0,5.0,1.0,421.0
1.0,4.0,11.0,1.0,0.62,0.62119999999999997,0.46000000000000002,0.29850000000000004,1.0,1.0,5.0,1.0,528.0
1.0,4.0,12.0,1.0,0.64000000000000001,0.62119999999999997,0.44,0.28360000000000002,1.0,1.0,5.0,1.0,635.0
1.0,4.0,13.0,1.0,0.65999999999999992,0.62119999999999997,0.44,0.28360000000000002,1.0,1.0,5.0,1.0,681.0
1.0,4.0,14.0,1.0,0.69999999999999996,0.63639999999999997,0.39000000000000001,0.28360000000000002,1.0,1.0,5.0,1.0,628.0
1.0,4.0,15.0,1.0,0.69999999999999996,0.63639999999999997,0.39000000000000001,0.3881,1.0,1.0,5.0,1.0,617.0
1.0,4.0,16.0,1.0,0.71999999999999997,0.65150000000000008,0.39000000000000001,0.35820000000000002,1.0,1.0,5.0,1.0,616.0
1.0,4.0,17.0,1.0,0.69999999999999996,0.63639999999999997,0.41999999999999998,0.32840000000000003,1.0,1.0,5.0,1.0,623.0
1.0,4.0,18.0,1.0,0.69999999999999996,0.63639999999999997,0.41999999999999998,0.25370000000000004,1.0,1.0,5.0,1.0,479.0
1.0,4.0,19.0,1.0,0.69999999999999996,0.63639999999999997,0.41999999999999998,0.25370000000000004,1.0,1.0,5.0,1.0,379.0
1.0,4.0,20.0,1.0,0.64000000000000001,0.62119999999999997,0.5,0.22390000000000002,1.0,1.0,5.0,1.0,291.0
1.0,4.0,21.0,1.0,0.62,0.62119999999999997,0.56999999999999995,0.25370000000000004,1.0,1.0,5.0,1.0,229.0
1.0,4.0,22.0,1.0,0.67999999999999994,0.63639999999999997,0.44,0.35820000000000002,1.0,1.0,5.0,1.0,134.0
1.0,4.0,23.0,1.0,0.65999999999999992,0.62119999999999997,0.5,0.3881,1.0,1.0,5.0,1.0,90.0
1.0,4.0,0.0,1.0,0.64000000000000001,0.62119999999999997,0.53000000000000003,0.32840000000000003,1.0,0.0,6.0,0.0,41.0
1.0,4.0,1.0,1.0,0.62,0.60609999999999997,0.60999999999999999,0.35820000000000002,1.0,0.0,6.0,0.0,28.0
1.0,4.0,2.0,1.0,0.60000000000000009,0.60609999999999997,0.64000000000000001,0.25370000000000004,1.0,0.0,6.0,0.0,14.0
1.0,4.0,3.0,1.0,0.58000000000000007,0.54549999999999998,0.68000000000000005,0.19399999999999998,1.0,0.0,6.0,0.0,8.0
1.0,4.0,4.0,1.0,0.54000000000000004,0.51519999999999999,0.77000000000000002,0.22390000000000002,1.0,0.0,6.0,0.0,6.0
1.0,4.0,5.0,1.0,0.54000000000000004,0.51519999999999999,0.77000000000000002,0.22390000000000002,1.0,0.0,6.0,0.0,38.0
1.0,4.0,6.0,1.0,0.52000000000000002,0.5,0.82999999999999996,0.16420000000000001,1.0,0.0,6.0,0.0,133.0
1.0,4.0,7.0,1.0,0.52000000000000002,0.5,0.82999999999999996,0.1343,1.0,0.0,6.0,0.0,387.0
1.0,4.0,8.0,2.0,0.56000000000000005,0.53029999999999999,0.82999999999999996,0.16420000000000001,1.0,0.0,6.0,0.0,597.0
1.0,4.0,9.0,1.0,0.62,0.60609999999999997,0.68999999999999995,0.22390000000000002,1.0,0.0,6.0,0.0,297.0
1.0,4.0,10.0,1.0,0.62,0.60609999999999997,0.68999999999999995,0.25370000000000004,1.0,0.0,6.0,0.0,224.0
1.0,4.0,11.0,1.0,0.64000000000000001,0.60609999999999997,0.65000000000000002,0.25370000000000004,1.0,0.0,6.0,0.0,251.0
1.0,4.0,12.0,1.0,0.67999999999999994,0.63639999999999997,0.56999999999999995,0.25370000000000004,1.0,0.0,6.0,0.0,271.0
1.0,4.0,13.0,1.0,0.73999999999999999,0.66670000000000007,0.45000000000000001,0.29850000000000004,1.0,0.0,6.0,0.0,263.0
1.0,4.0,14.0,1.0,0.76000000000000001,0.68180000000000007,0.45000000000000001,0.32840000000000003,1.0,0.0,6.0,0.0,288.0
1.0,4.0,15.0,1.0,0.79999999999999993,0.69700000000000006,0.33000000000000002,0.44780000000000003,1.0,0.0,6.0,0.0,275.0
1.0,4.0,16.0,1.0,0.79999999999999993,0.69700000000000006,0.33000000000000002,0.4627,1.0,0.0,6.0,0.0,358.0
1.0,4.0,17.0,1.0,0.79999999999999993,0.69700000000000006,0.33000000000000002,0.3881,1.0,0.0,6.0,0.0,712.0
1.0,4.0,18.0,1.0,0.79999999999999993,0.69700000000000006,0.31,0.3881,1.0,0.0,6.0,0.0,676.0
1.0,4.0,19.0,1.0,0.76000000000000001,0.66670000000000007,0.34999999999999998,0.3881,1.0,0.0,6.0,0.0,522.0
1.0,4.0,20.0,1.0,0.73999999999999999,0.65150000000000008,0.37,0.29850000000000004,1.0,0.0,6.0,0.0,375.0
1.0,4.0,21.0,1.0,0.67999999999999994,0.63639999999999997,0.51000000000000001,0.25370000000000004,1.0,0.0,6.0,0.0,271.0
1.0,4.0,22.0,1.0,0.67999999999999994,0.63639999999999997,0.51000000000000001,0.25370000000000004,1.0,0.0,6.0,0.0,214.0
1.0,4.0,23.0,1.0,0.69999999999999996,0.63639999999999997,0.45000000000000001,0.29850000000000004,1.0,0.0,6.0,0.0,121.0
1.0,4.0,0.0,1.0,0.65999999999999992,0.62119999999999997,0.54000000000000004,0.19399999999999998,1.0,0.0,7.0,0.0,43.0
1.0,4.0,1.0,1.0,0.64000000000000001,0.62119999999999997,0.56999999999999995,0.16420000000000001,1.0,0.0,7.0,0.0,11.0
1.0,4.0,2.0,1.0,0.56000000000000005,0.53029999999999999,0.82999999999999996,0.1045,1.0,0.0,7.0,0.0,4.0
1.0,4.0,3.0,1.0,0.56000000000000005,0.53029999999999999,0.82999999999999996,0.089599999999999999,1.0,0.0,7.0,0.0,6.0
1.0,4.0,4.0,1.0,0.65999999999999992,0.62119999999999997,0.44,0.22390000000000002,1.0,0.0,7.0,0.0,9.0
1.0,4.0,5.0,1.0,0.60000000000000009,0.62119999999999997,0.53000000000000003,0.25370000000000004,1.0,0.0,7.0,0.0,30.0
1.0,4.0,6.0,1.0,0.60000000000000009,0.62119999999999997,0.46000000000000002,0.25370000000000004,1.0,0.0,7.0,0.0,144.0
1.0,4.0,7.0,1.0,0.60000000000000009,0.62119999999999997,0.42999999999999999,0.25370000000000004,1.0,0.0,7.0,0.0,461.0
1.0,4.0,8.0,1.0,0.60000000000000009,0.62119999999999997,0.42999999999999999,0.22390000000000002,1.0,0.0,7.0,0.0,673.0
1.0,4.0,9.0,1.0,0.60000000000000009,0.62119999999999997,0.38,0.49250000000000005,1.0,0.0,7.0,0.0,400.0
1.0,4.0,10.0,1.0,0.60000000000000009,0.62119999999999997,0.38,0.41790000000000005,1.0,0.0,7.0,0.0,217.0
1.0,4.0,11.0,1.0,0.60000000000000009,0.62119999999999997,0.33000000000000002,0.41790000000000005,1.0,0.0,7.0,0.0,239.0
1.0,4.0,12.0,1.0,0.60000000000000009,0.62119999999999997,0.33000000000000002,0.35820000000000002,1.0,0.0,7.0,0.0,244.0
1.0,4.0,13.0,1.0,0.62,0.62119999999999997,0.28999999999999998,0.25370000000000004,1.0,0.0,7.0,0.0,239.0
1.0,4.0,14.0,1.0,0.64000000000000001,0.62119999999999997,0.27000000000000002,0.28360000000000002,1.0,0.0,7.0,0.0,257.0
1.0,4.0,15.0,1.0,0.65999999999999992,0.62119999999999997,0.23999999999999999,0.32840000000000003,1.0,0.0,7.0,0.0,308.0
1.0,4.0,16.0,1.0,0.67999999999999994,0.62119999999999997,0.22,0.35820000000000002,1.0,0.0,7.0,0.0,370.0
1.0,4.0,17.0,1.0,0.64000000000000001,0.60609999999999997,0.25,0.29850000000000004,1.0,0.0,7.0,0.0,781.0
1.0,4.0,18.0,1.0,0.64000000000000001,0.60609999999999997,0.25,0.28360000000000002,1.0,0.0,7.0,0.0,775.0
1.0,4.0,19.0,1.0,0.60000000000000009,0.60609999999999997,0.26000000000000001,0.25370000000000004,1.0,0.0,7.0,0.0,537.0
1.0,4.0,20.0,1.0,0.60000000000000009,0.60609999999999997,0.23000000000000001,0.28360000000000002,1.0,0.0,7.0,0.0,402.0
1.0,4.0,21.0,1.0,0.56000000000000005,0.53029999999999999,0.26000000000000001,0.29850000000000004,1.0,0.0,7.0,0.0,297.0
1.0,4.0,22.0,1.0,0.54000000000000004,0.51519999999999999,0.29999999999999999,0.25370000000000004,1.0,0.0,7.0,0.0,162.0
1.0,4.0,23.0,1.0,0.54000000000000004,0.51519999999999999,0.32000000000000001,0.22390000000000002,1.0,0.0,7.0,0.0,82.0
1.0,4.0,0.0,1.0,0.54000000000000004,0.51519999999999999,0.32000000000000001,0.16420000000000001,1.0,0.0,1.0,1.0,38.0
1.0,4.0,1.0,1.0,0.52000000000000002,0.5,0.34000000000000002,0.19399999999999998,1.0,0.0,1.0,1.0,14.0
1.0,4.0,2.0,2.0,0.5,0.48479999999999995,0.41999999999999998,0.19399999999999998,1.0,0.0,1.0,1.0,9.0
1.0,4.0,3.0,2.0,0.5,0.48479999999999995,0.41999999999999998,0.22390000000000002,1.0,0.0,1.0,1.0,6.0
1.0,4.0,4.0,2.0,0.5,0.48479999999999995,0.41999999999999998,0.28360000000000002,1.0,0.0,1.0,1.0,7.0
1.0,4.0,5.0,2.0,0.5,0.48479999999999995,0.39000000000000001,0.28360000000000002,1.0,0.0,1.0,1.0,34.0
1.0,4.0,6.0,2.0,0.5,0.48479999999999995,0.39000000000000001,0.28360000000000002,1.0,0.0,1.0,1.0,134.0
1.0,4.0,7.0,2.0,0.5,0.48479999999999995,0.39000000000000001,0.19399999999999998,1.0,0.0,1.0,1.0,418.0
1.0,4.0,8.0,3.0,0.5,0.48479999999999995,0.39000000000000001,0.19399999999999998,1.0,0.0,1.0,1.0,576.0
1.0,4.0,9.0,3.0,0.47999999999999998,0.46970000000000001,0.44,0.29850000000000004,1.0,0.0,1.0,1.0,265.0
1.0,4.0,10.0,3.0,0.47999999999999998,0.46970000000000001,0.46999999999999997,0.22390000000000002,1.0,0.0,1.0,1.0,147.0
1.0,4.0,11.0,3.0,0.45999999999999996,0.45450000000000002,0.46999999999999997,0.25370000000000004,1.0,0.0,1.0,1.0,119.0
1.0,4.0,12.0,3.0,0.45999999999999996,0.45450000000000002,0.51000000000000001,0.1045,1.0,0.0,1.0,1.0,110.0
1.0,4.0,13.0,3.0,0.45999999999999996,0.45450000000000002,0.58999999999999997,0.0,1.0,0.0,1.0,1.0,64.0
1.0,4.0,14.0,3.0,0.44,0.43939999999999996,0.71999999999999997,0.1045,1.0,0.0,1.0,1.0,51.0
1.0,4.0,15.0,3.0,0.41999999999999998,0.42420000000000002,0.77000000000000002,0.19399999999999998,1.0,0.0,1.0,1.0,98.0
1.0,4.0,16.0,2.0,0.41999999999999998,0.42420000000000002,0.77000000000000002,0.22390000000000002,1.0,0.0,1.0,1.0,235.0
1.0,4.0,17.0,2.0,0.41999999999999998,0.42420000000000002,0.77000000000000002,0.19399999999999998,1.0,0.0,1.0,1.0,488.0
1.0,4.0,18.0,2.0,0.41999999999999998,0.42420000000000002,0.77000000000000002,0.0,1.0,0.0,1.0,1.0,505.0
1.0,4.0,19.0,2.0,0.41999999999999998,0.42420000000000002,0.77000000000000002,0.1343,1.0,0.0,1.0,1.0,368.0
1.0,4.0,20.0,2.0,0.41999999999999998,0.42420000000000002,0.77000000000000002,0.1045,1.0,0.0,1.0,1.0,260.0
1.0,4.0,21.0,2.0,0.41999999999999998,0.42420000000000002,0.81999999999999995,0.089599999999999999,1.0,0.0,1.0,1.0,189.0
1.0,4.0,22.0,2.0,0.41999999999999998,0.42420000000000002,0.77000000000000002,0.089599999999999999,1.0,0.0,1.0,1.0,162.0
1.0,4.0,23.0,2.0,0.41999999999999998,0.42420000000000002,0.77000000000000002,0.0,1.0,0.0,1.0,1.0,70.0
1.0,4.0,0.0,3.0,0.41999999999999998,0.42420000000000002,0.77000000000000002,0.0,1.0,0.0,2.0,1.0,25.0
1.0,4.0,1.0,3.0,0.41999999999999998,0.42420000000000002,0.77000000000000002,0.1045,1.0,0.0,2.0,1.0,13.0
1.0,4.0,2.0,2.0,0.41999999999999998,0.42420000000000002,0.77000000000000002,0.0,1.0,0.0,2.0,1.0,6.0
1.0,4.0,3.0,2.0,0.41999999999999998,0.42420000000000002,0.77000000000000002,0.0,1.0,0.0,2.0,1.0,4.0
1.0,4.0,4.0,2.0,0.41999999999999998,0.42420000000000002,0.70999999999999996,0.0,1.0,0.0,2.0,1.0,4.0
1.0,4.0,5.0,1.0,0.39999999999999997,0.40909999999999996,0.81999999999999995,0.0,1.0,0.0,2.0,1.0,30.0
1.0,4.0,6.0,2.0,0.39999999999999997,0.40909999999999996,0.81999999999999995,0.1045,1.0,0.0,2.0,1.0,120.0
1.0,4.0,7.0,2.0,0.39999999999999997,0.40909999999999996,0.81999999999999995,0.1343,1.0,0.0,2.0,1.0,406.0
1.0,4.0,8.0,2.0,0.41999999999999998,0.42420000000000002,0.81999999999999995,0.1045,1.0,0.0,2.0,1.0,677.0
1.0,4.0,9.0,2.0,0.45999999999999996,0.45450000000000002,0.71999999999999997,0.0,1.0,0.0,2.0,1.0,301.0
1.0,4.0,10.0,1.0,0.47999999999999998,0.46970000000000001,0.63,0.089599999999999999,1.0,0.0,2.0,1.0,189.0
1.0,4.0,11.0,1.0,0.52000000000000002,0.5,0.47999999999999998,0.0,1.0,0.0,2.0,1.0,229.0
1.0,4.0,12.0,1.0,0.54000000000000004,0.51519999999999999,0.48999999999999999,0.0,1.0,0.0,2.0,1.0,264.0
1.0,4.0,13.0,1.0,0.56000000000000005,0.53029999999999999,0.46000000000000002,0.0,1.0,0.0,2.0,1.0,238.0
1.0,4.0,14.0,1.0,0.58000000000000007,0.54549999999999998,0.42999999999999999,0.0,1.0,0.0,2.0,1.0,237.0
1.0,4.0,15.0,1.0,0.60000000000000009,0.62119999999999997,0.42999999999999999,0.0,1.0,0.0,2.0,1.0,262.0
1.0,4.0,16.0,1.0,0.62,0.62119999999999997,0.40999999999999998,0.1045,1.0,0.0,2.0,1.0,387.0
1.0,4.0,17.0,1.0,0.60000000000000009,0.62119999999999997,0.42999999999999999,0.089599999999999999,1.0,0.0,2.0,1.0,748.0
1.0,4.0,18.0,1.0,0.60000000000000009,0.62119999999999997,0.42999999999999999,0.089599999999999999,1.0,0.0,2.0,1.0,776.0
1.0,4.0,19.0,1.0,0.58000000000000007,0.54549999999999998,0.46000000000000002,0.1343,1.0,0.0,2.0,1.0,586.0
1.0,4.0,20.0,1.0,0.56000000000000005,0.53029999999999999,0.48999999999999999,0.22390000000000002,1.0,0.0,2.0,1.0,404.0
1.0,4.0,21.0,1.0,0.52000000000000002,0.5,0.55000000000000004,0.1045,1.0,0.0,2.0,1.0,267.0
1.0,4.0,22.0,1.0,0.52000000000000002,0.5,0.58999999999999997,0.19399999999999998,1.0,0.0,2.0,1.0,248.0
1.0,4.0,23.0,1.0,0.5,0.48479999999999995,0.63,0.1045,1.0,0.0,2.0,1.0,144.0
1.0,4.0,0.0,1.0,0.47999999999999998,0.46970000000000001,0.67000000000000004,0.1045,1.0,0.0,3.0,1.0,64.0
1.0,4.0,1.0,1.0,0.45999999999999996,0.45450000000000002,0.81999999999999995,0.19399999999999998,1.0,0.0,3.0,1.0,25.0
1.0,4.0,2.0,1.0,0.44,0.43939999999999996,0.88,0.19399999999999998,1.0,0.0,3.0,1.0,21.0
1.0,4.0,3.0,1.0,0.44,0.43939999999999996,0.88,0.1045,1.0,0.0,3.0,1.0,10.0
1.0,4.0,4.0,1.0,0.41999999999999998,0.42420000000000002,0.93999999999999995,0.1045,1.0,0.0,3.0,1.0,3.0
1.0,4.0,5.0,1.0,0.41999999999999998,0.42420000000000002,0.93999999999999995,0.0,1.0,0.0,3.0,1.0,25.0
1.0,4.0,6.0,1.0,0.41999999999999998,0.42420000000000002,0.88,0.0,1.0,0.0,3.0,1.0,113.0
1.0,4.0,7.0,1.0,0.41999999999999998,0.42420000000000002,0.93999999999999995,0.0,1.0,0.0,3.0,1.0,359.0
1.0,4.0,8.0,1.0,0.44,0.43939999999999996,0.93999999999999995,0.0,1.0,0.0,3.0,1.0,700.0
1.0,4.0,9.0,1.0,0.45999999999999996,0.45450000000000002,0.88,0.089599999999999999,1.0,0.0,3.0,1.0,359.0
1.0,4.0,10.0,1.0,0.5,0.48479999999999995,0.77000000000000002,0.19399999999999998,1.0,0.0,3.0,1.0,237.0
1.0,4.0,11.0,1.0,0.54000000000000004,0.51519999999999999,0.68000000000000005,0.16420000000000001,1.0,0.0,3.0,1.0,254.0
1.0,4.0,12.0,1.0,0.58000000000000007,0.54549999999999998,0.53000000000000003,0.19399999999999998,1.0,0.0,3.0,1.0,362.0
1.0,4.0,13.0,1.0,0.62,0.62119999999999997,0.42999999999999999,0.19399999999999998,1.0,0.0,3.0,1.0,381.0
1.0,4.0,14.0,1.0,0.64000000000000001,0.62119999999999997,0.44,0.22390000000000002,1.0,0.0,3.0,1.0,394.0
1.0,4.0,15.0,1.0,0.64000000000000001,0.62119999999999997,0.46999999999999997,0.19399999999999998,1.0,0.0,3.0,1.0,407.0
1.0,4.0,16.0,1.0,0.65999999999999992,0.62119999999999997,0.44,0.19399999999999998,1.0,0.0,3.0,1.0,580.0
1.0,4.0,17.0,1.0,0.64000000000000001,0.62119999999999997,0.46999999999999997,0.28360000000000002,1.0,0.0,3.0,1.0,819.0
1.0,4.0,18.0,1.0,0.62,0.62119999999999997,0.5,0.28360000000000002,1.0,0.0,3.0,1.0,668.0
1.0,4.0,19.0,1.0,0.60000000000000009,0.62119999999999997,0.53000000000000003,0.19399999999999998,1.0,0.0,3.0,1.0,492.0
1.0,4.0,20.0,1.0,0.58000000000000007,0.54549999999999998,0.56000000000000005,0.16420000000000001,1.0,0.0,3.0,1.0,341.0
1.0,4.0,21.0,1.0,0.56000000000000005,0.53029999999999999,0.68000000000000005,0.1343,1.0,0.0,3.0,1.0,287.0
1.0,4.0,22.0,1.0,0.54000000000000004,0.51519999999999999,0.68000000000000005,0.25370000000000004,1.0,0.0,3.0,1.0,202.0
1.0,4.0,23.0,1.0,0.52000000000000002,0.5,0.71999999999999997,0.1343,1.0,0.0,3.0,1.0,187.0
1.0,4.0,0.0,1.0,0.52000000000000002,0.5,0.77000000000000002,0.22390000000000002,1.0,0.0,4.0,1.0,142.0
1.0,4.0,1.0,1.0,0.52000000000000002,0.5,0.77000000000000002,0.22390000000000002,1.0,0.0,4.0,1.0,88.0
1.0,4.0,2.0,1.0,0.52000000000000002,0.5,0.77000000000000002,0.1343,1.0,0.0,4.0,1.0,81.0
1.0,4.0,3.0,1.0,0.5,0.48479999999999995,0.81999999999999995,0.22390000000000002,1.0,0.0,4.0,1.0,29.0
1.0,4.0,4.0,1.0,0.5,0.48479999999999995,0.81999999999999995,0.25370000000000004,1.0,0.0,4.0,1.0,9.0
1.0,4.0,5.0,1.0,0.5,0.48479999999999995,0.81999999999999995,0.25370000000000004,1.0,0.0,4.0,1.0,1.0
1.0,4.0,6.0,1.0,0.5,0.48479999999999995,0.81999999999999995,0.22390000000000002,1.0,0.0,4.0,1.0,31.0
1.0,4.0,7.0,1.0,0.5,0.48479999999999995,0.81999999999999995,0.28360000000000002,1.0,0.0,4.0,1.0,76.0
1.0,4.0,8.0,1.0,0.52000000000000002,0.5,0.81000000000000005,0.25370000000000004,1.0,0.0,4.0,1.0,201.0
1.0,4.0,9.0,1.0,0.54000000000000004,0.51519999999999999,0.77000000000000002,0.16420000000000001,1.0,0.0,4.0,1.0,331.0
1.0,4.0,10.0,1.0,0.60000000000000009,0.60609999999999997,0.64000000000000001,0.28360000000000002,1.0,0.0,4.0,1.0,482.0
1.0,4.0,11.0,1.0,0.62,0.60609999999999997,0.60999999999999999,0.32840000000000003,1.0,0.0,4.0,1.0,608.0
1.0,4.0,12.0,1.0,0.64000000000000001,0.62119999999999997,0.56999999999999995,0.22390000000000002,1.0,0.0,4.0,1.0,640.0
1.0,4.0,13.0,1.0,0.65999999999999992,0.62119999999999997,0.54000000000000004,0.22390000000000002,1.0,0.0,4.0,1.0,649.0
1.0,4.0,14.0,1.0,0.69999999999999996,0.63639999999999997,0.45000000000000001,0.28360000000000002,1.0,0.0,4.0,1.0,609.0
1.0,4.0,15.0,1.0,0.71999999999999997,0.65150000000000008,0.39000000000000001,0.25370000000000004,1.0,0.0,4.0,1.0,628.0
1.0,4.0,16.0,1.0,0.69999999999999996,0.63639999999999997,0.41999999999999998,0.32840000000000003,1.0,0.0,4.0,1.0,639.0
1.0,4.0,17.0,2.0,0.73999999999999999,0.65150000000000008,0.29999999999999999,0.3881,1.0,0.0,4.0,1.0,568.0
1.0,4.0,18.0,2.0,0.67999999999999994,0.63639999999999997,0.46999999999999997,0.49250000000000005,1.0,0.0,4.0,1.0,416.0
1.0,4.0,19.0,3.0,0.56000000000000005,0.53029999999999999,0.72999999999999998,0.49250000000000005,1.0,0.0,4.0,1.0,54.0
1.0,4.0,20.0,3.0,0.5,0.48479999999999995,0.81999999999999995,0.29850000000000004,1.0,0.0,4.0,1.0,39.0
1.0,4.0,21.0,3.0,0.5,0.48479999999999995,0.81999999999999995,0.3881,1.0,0.0,4.0,1.0,102.0
1.0,4.0,22.0,1.0,0.47999999999999998,0.46970000000000001,0.81999999999999995,0.29850000000000004,1.0,0.0,4.0,1.0,110.0
1.0,4.0,23.0,2.0,0.45999999999999996,0.45450000000000002,0.81999999999999995,0.28360000000000002,1.0,0.0,4.0,1.0,91.0
1.0,4.0,0.0,2.0,0.45999999999999996,0.45450000000000002,0.81999999999999995,0.19399999999999998,1.0,0.0,5.0,1.0,117.0
1.0,4.0,1.0,2.0,0.45999999999999996,0.45450000000000002,0.81999999999999995,0.32840000000000003,1.0,0.0,5.0,1.0,73.0
1.0,4.0,2.0,1.0,0.45999999999999996,0.45450000000000002,0.71999999999999997,0.28360000000000002,1.0,0.0,5.0,1.0,56.0
1.0,4.0,3.0,2.0,0.44,0.43939999999999996,0.81999999999999995,0.16420000000000001,1.0,0.0,5.0,1.0,40.0
1.0,4.0,4.0,2.0,0.44,0.43939999999999996,0.77000000000000002,0.16420000000000001,1.0,0.0,5.0,1.0,7.0
1.0,4.0,5.0,2.0,0.44,0.43939999999999996,0.77000000000000002,0.22390000000000002,1.0,0.0,5.0,1.0,6.0
1.0,4.0,6.0,2.0,0.44,0.43939999999999996,0.71999999999999997,0.32840000000000003,1.0,0.0,5.0,1.0,12.0
1.0,4.0,7.0,3.0,0.41999999999999998,0.42420000000000002,0.77000000000000002,0.3881,1.0,0.0,5.0,1.0,24.0
1.0,4.0,8.0,3.0,0.39999999999999997,0.40909999999999996,0.81999999999999995,0.25370000000000004,1.0,0.0,5.0,1.0,51.0
1.0,4.0,9.0,3.0,0.39999999999999997,0.40909999999999996,0.81999999999999995,0.25370000000000004,1.0,0.0,5.0,1.0,79.0
1.0,4.0,10.0,3.0,0.38,0.39390000000000003,0.81999999999999995,0.32840000000000003,1.0,0.0,5.0,1.0,68.0
1.0,4.0,11.0,3.0,0.38,0.39390000000000003,0.87,0.29850000000000004,1.0,0.0,5.0,1.0,77.0
1.0,4.0,12.0,3.0,0.38,0.39390000000000003,0.87,0.32840000000000003,1.0,0.0,5.0,1.0,61.0
1.0,4.0,13.0,3.0,0.38,0.39390000000000003,0.81999999999999995,0.35820000000000002,1.0,0.0,5.0,1.0,52.0
1.0,4.0,14.0,3.0,0.38,0.39390000000000003,0.87,0.32840000000000003,1.0,0.0,5.0,1.0,53.0
1.0,4.0,15.0,3.0,0.38,0.39390000000000003,0.87,0.3881,1.0,0.0,5.0,1.0,38.0
1.0,4.0,16.0,3.0,0.38,0.39390000000000003,0.87,0.44780000000000003,1.0,0.0,5.0,1.0,36.0
1.0,4.0,17.0,3.0,0.35999999999999999,0.31819999999999998,0.93000000000000005,0.44780000000000003,1.0,0.0,5.0,1.0,27.0
1.0,4.0,18.0,3.0,0.35999999999999999,0.31819999999999998,0.93000000000000005,0.44780000000000003,1.0,0.0,5.0,1.0,39.0
1.0,4.0,19.0,3.0,0.35999999999999999,0.31819999999999998,0.87,0.52239999999999998,1.0,0.0,5.0,1.0,35.0
1.0,4.0,20.0,3.0,0.35999999999999999,0.33329999999999999,0.93000000000000005,0.41790000000000005,1.0,0.0,5.0,1.0,35.0
1.0,4.0,21.0,3.0,0.35999999999999999,0.33329999999999999,0.87,0.3881,1.0,0.0,5.0,1.0,11.0
1.0,4.0,22.0,3.0,0.33999999999999997,0.28789999999999999,0.87,0.52239999999999998,1.0,0.0,5.0,1.0,13.0
1.0,4.0,23.0,3.0,0.35999999999999999,0.31819999999999998,0.81000000000000005,0.4627,1.0,0.0,5.0,1.0,17.0
1.0,4.0,0.0,3.0,0.35999999999999999,0.33329999999999999,0.81000000000000005,0.41790000000000005,1.0,0.0,6.0,0.0,6.0
1.0,4.0,1.0,3.0,0.33999999999999997,0.30299999999999999,0.87,0.35820000000000002,1.0,0.0,6.0,0.0,2.0
1.0,4.0,2.0,2.0,0.32000000000000001,0.30299999999999999,0.87,0.32840000000000003,1.0,0.0,6.0,0.0,4.0
1.0,4.0,3.0,2.0,0.32000000000000001,0.30299999999999999,0.81000000000000005,0.28360000000000002,1.0,0.0,6.0,0.0,1.0
1.0,4.0,4.0,3.0,0.30000000000000004,0.28789999999999999,0.81000000000000005,0.28360000000000002,1.0,0.0,6.0,0.0,3.0
1.0,4.0,5.0,3.0,0.30000000000000004,0.28789999999999999,0.81000000000000005,0.28360000000000002,1.0,0.0,6.0,0.0,14.0
1.0,4.0,6.0,2.0,0.30000000000000004,0.2727,0.81000000000000005,0.29850000000000004,1.0,0.0,6.0,0.0,45.0
1.0,4.0,7.0,3.0,0.30000000000000004,0.28789999999999999,0.81000000000000005,0.25370000000000004,1.0,0.0,6.0,0.0,207.0
1.0,4.0,8.0,2.0,0.30000000000000004,0.2727,0.75,0.32840000000000003,1.0,0.0,6.0,0.0,482.0
1.0,4.0,9.0,2.0,0.30000000000000004,0.2727,0.75,0.3881,1.0,0.0,6.0,0.0,272.0
1.0,4.0,10.0,2.0,0.32000000000000001,0.30299999999999999,0.69999999999999996,0.32840000000000003,1.0,0.0,6.0,0.0,100.0
1.0,4.0,11.0,2.0,0.32000000000000001,0.28789999999999999,0.69999999999999996,0.35820000000000002,1.0,0.0,6.0,0.0,101.0
1.0,4.0,12.0,3.0,0.33999999999999997,0.30299999999999999,0.70999999999999996,0.35820000000000002,1.0,0.0,6.0,0.0,129.0
1.0,4.0,13.0,3.0,0.33999999999999997,0.30299999999999999,0.66000000000000003,0.3881,1.0,0.0,6.0,0.0,107.0
1.0,4.0,14.0,3.0,0.35999999999999999,0.31819999999999998,0.62,0.44780000000000003,1.0,0.0,6.0,0.0,114.0
1.0,4.0,15.0,2.0,0.35999999999999999,0.33329999999999999,0.62,0.3881,1.0,0.0,6.0,0.0,112.0
1.0,4.0,16.0,3.0,0.30000000000000004,0.2727,0.81000000000000005,0.35820000000000002,1.0,0.0,6.0,0.0,103.0
1.0,4.0,17.0,3.0,0.30000000000000004,0.2727,0.81999999999999995,0.32840000000000003,1.0,0.0,6.0,0.0,232.0
1.0,4.0,18.0,3.0,0.32000000000000001,0.33329999999999999,0.81000000000000005,0.1343,1.0,0.0,6.0,0.0,379.0
1.0,4.0,19.0,2.0,0.33999999999999997,0.31819999999999998,0.76000000000000001,0.22390000000000002,1.0,0.0,6.0,0.0,298.0
1.0,4.0,20.0,2.0,0.32000000000000001,0.31819999999999998,0.76000000000000001,0.16420000000000001,1.0,0.0,6.0,0.0,203.0
1.0,4.0,21.0,2.0,0.32000000000000001,0.30299999999999999,0.81000000000000005,0.22390000000000002,1.0,0.0,6.0,0.0,152.0
1.0,4.0,22.0,1.0,0.32000000000000001,0.31819999999999998,0.76000000000000001,0.19399999999999998,1.0,0.0,6.0,0.0,89.0
1.0,4.0,23.0,1.0,0.32000000000000001,0.31819999999999998,0.76000000000000001,0.16420000000000001,1.0,0.0,6.0,0.0,59.0
1.0,4.0,0.0,2.0,0.32000000000000001,0.33329999999999999,0.76000000000000001,0.1343,1.0,0.0,7.0,0.0,13.0
1.0,4.0,1.0,2.0,0.32000000000000001,0.33329999999999999,0.81000000000000005,0.1343,1.0,0.0,7.0,0.0,7.0
1.0,4.0,2.0,1.0,0.32000000000000001,0.31819999999999998,0.81000000000000005,0.19399999999999998,1.0,0.0,7.0,0.0,3.0
1.0,4.0,3.0,1.0,0.32000000000000001,0.30299999999999999,0.81000000000000005,0.22390000000000002,1.0,0.0,7.0,0.0,2.0
1.0,4.0,4.0,1.0,0.30000000000000004,0.28789999999999999,0.69999999999999996,0.19399999999999998,1.0,0.0,7.0,0.0,3.0
1.0,4.0,5.0,1.0,0.30000000000000004,0.28789999999999999,0.69999999999999996,0.19399999999999998,1.0,0.0,7.0,0.0,22.0
1.0,4.0,6.0,1.0,0.30000000000000004,0.28789999999999999,0.69999999999999996,0.22390000000000002,1.0,0.0,7.0,0.0,120.0
1.0,4.0,7.0,1.0,0.32000000000000001,0.30299999999999999,0.66000000000000003,0.28360000000000002,1.0,0.0,7.0,0.0,390.0
1.0,4.0,8.0,1.0,0.33999999999999997,0.31819999999999998,0.60999999999999999,0.25370000000000004,1.0,0.0,7.0,0.0,611.0
1.0,4.0,9.0,1.0,0.39999999999999997,0.40909999999999996,0.46999999999999997,0.35820000000000002,1.0,0.0,7.0,0.0,308.0
1.0,4.0,10.0,1.0,0.41999999999999998,0.42420000000000002,0.46999999999999997,0.29850000000000004,1.0,0.0,7.0,0.0,162.0
1.0,4.0,11.0,1.0,0.45999999999999996,0.45450000000000002,0.31,0.3881,1.0,0.0,7.0,0.0,184.0
1.0,4.0,12.0,1.0,0.47999999999999998,0.46970000000000001,0.28999999999999998,0.3881,1.0,0.0,7.0,0.0,224.0
1.0,4.0,13.0,1.0,0.5,0.48479999999999995,0.28999999999999998,0.3881,1.0,0.0,7.0,0.0,224.0
1.0,4.0,14.0,1.0,0.5,0.48479999999999995,0.25,0.3881,1.0,0.0,7.0,0.0,216.0
1.0,4.0,15.0,1.0,0.5,0.48479999999999995,0.23000000000000001,0.41790000000000005,1.0,0.0,7.0,0.0,236.0
1.0,4.0,16.0,1.0,0.5,0.48479999999999995,0.23000000000000001,0.19399999999999998,1.0,0.0,7.0,0.0,362.0
1.0,4.0,17.0,1.0,0.52000000000000002,0.5,0.22,0.3881,1.0,0.0,7.0,0.0,691.0
1.0,4.0,18.0,1.0,0.5,0.48479999999999995,0.17999999999999999,0.0,1.0,0.0,7.0,0.0,632.0
1.0,4.0,19.0,1.0,0.5,0.48479999999999995,0.17999999999999999,0.25370000000000004,1.0,0.0,7.0,0.0,482.0
1.0,4.0,20.0,1.0,0.47999999999999998,0.46970000000000001,0.20999999999999999,0.32840000000000003,1.0,0.0,7.0,0.0,285.0
1.0,4.0,21.0,2.0,0.45999999999999996,0.45450000000000002,0.28000000000000003,0.16420000000000001,1.0,0.0,7.0,0.0,226.0
1.0,4.0,22.0,1.0,0.44,0.43939999999999996,0.34999999999999998,0.1045,1.0,0.0,7.0,0.0,157.0
1.0,4.0,23.0,1.0,0.41999999999999998,0.42420000000000002,0.38,0.089599999999999999,1.0,0.0,7.0,0.0,73.0
1.0,4.0,0.0,1.0,0.44,0.43939999999999996,0.38,0.0,1.0,0.0,1.0,1.0,36.0
1.0,4.0,1.0,1.0,0.41999999999999998,0.42420000000000002,0.40999999999999998,0.0,1.0,0.0,1.0,1.0,25.0
1.0,4.0,2.0,1.0,0.35999999999999999,0.37880000000000003,0.62,0.0,1.0,0.0,1.0,1.0,7.0
1.0,4.0,3.0,1.0,0.32000000000000001,0.33329999999999999,0.69999999999999996,0.089599999999999999,1.0,0.0,1.0,1.0,3.0
1.0,4.0,4.0,1.0,0.33999999999999997,0.34850000000000003,0.66000000000000003,0.089599999999999999,1.0,0.0,1.0,1.0,6.0
1.0,4.0,5.0,1.0,0.33999999999999997,0.36359999999999998,0.66000000000000003,0.0,1.0,0.0,1.0,1.0,24.0
1.0,4.0,6.0,1.0,0.33999999999999997,0.36359999999999998,0.66000000000000003,0.0,1.0,0.0,1.0,1.0,106.0
1.0,4.0,7.0,1.0,0.33999999999999997,0.36359999999999998,0.70999999999999996,0.0,1.0,0.0,1.0,1.0,389.0
1.0,4.0,8.0,1.0,0.35999999999999999,0.36359999999999998,0.76000000000000001,0.089599999999999999,1.0,0.0,1.0,1.0,654.0
1.0,4.0,9.0,1.0,0.41999999999999998,0.42420000000000002,0.54000000000000004,0.0,1.0,0.0,1.0,1.0,321.0
1.0,4.0,10.0,1.0,0.52000000000000002,0.5,0.34000000000000002,0.0,1.0,0.0,1.0,1.0,182.0
1.0,4.0,11.0,1.0,0.52000000000000002,0.5,0.32000000000000001,0.1343,1.0,0.0,1.0,1.0,219.0
1.0,4.0,12.0,1.0,0.54000000000000004,0.51519999999999999,0.28000000000000003,0.28360000000000002,1.0,0.0,1.0,1.0,269.0
1.0,4.0,13.0,1.0,0.56000000000000005,0.53029999999999999,0.26000000000000001,0.22390000000000002,1.0,0.0,1.0,1.0,228.0
1.0,4.0,14.0,1.0,0.56000000000000005,0.53029999999999999,0.22,0.35820000000000002,1.0,0.0,1.0,1.0,223.0
1.0,4.0,15.0,1.0,0.58000000000000007,0.54549999999999998,0.19,0.16420000000000001,1.0,0.0,1.0,1.0,229.0
1.0,4.0,16.0,1.0,0.60000000000000009,0.59089999999999998,0.20000000000000001,0.32840000000000003,1.0,0.0,1.0,1.0,376.0
1.0,4.0,17.0,1.0,0.60000000000000009,0.59089999999999998,0.20000000000000001,0.29850000000000004,1.0,0.0,1.0,1.0,732.0
1.0,4.0,18.0,1.0,0.60000000000000009,0.59089999999999998,0.20000000000000001,0.28360000000000002,1.0,0.0,1.0,1.0,709.0
1.0,4.0,19.0,1.0,0.60000000000000009,0.59089999999999998,0.20000000000000001,0.19399999999999998,1.0,0.0,1.0,1.0,543.0
1.0,4.0,20.0,1.0,0.56000000000000005,0.53029999999999999,0.22,0.089599999999999999,1.0,0.0,1.0,1.0,380.0
1.0,4.0,21.0,1.0,0.52000000000000002,0.5,0.52000000000000002,0.1343,1.0,0.0,1.0,1.0,239.0
1.0,4.0,22.0,1.0,0.5,0.48479999999999995,0.51000000000000001,0.0,1.0,0.0,1.0,1.0,192.0
1.0,4.0,23.0,2.0,0.5,0.48479999999999995,0.51000000000000001,0.089599999999999999,1.0,0.0,1.0,1.0,104.0
1.0,4.0,0.0,2.0,0.47999999999999998,0.46970000000000001,0.63,0.0,1.0,0.0,2.0,1.0,43.0
1.0,4.0,1.0,2.0,0.47999999999999998,0.46970000000000001,0.47999999999999998,0.089599999999999999,1.0,0.0,2.0,1.0,23.0
1.0,4.0,2.0,2.0,0.47999999999999998,0.46970000000000001,0.55000000000000004,0.1045,1.0,0.0,2.0,1.0,13.0
1.0,4.0,3.0,2.0,0.47999999999999998,0.46970000000000001,0.55000000000000004,0.089599999999999999,1.0,0.0,2.0,1.0,6.0
1.0,4.0,4.0,2.0,0.47999999999999998,0.46970000000000001,0.58999999999999997,0.089599999999999999,1.0,0.0,2.0,1.0,3.0
1.0,4.0,5.0,2.0,0.47999999999999998,0.46970000000000001,0.63,0.1343,1.0,0.0,2.0,1.0,17.0
1.0,4.0,6.0,2.0,0.47999999999999998,0.46970000000000001,0.63,0.25370000000000004,1.0,0.0,2.0,1.0,127.0
1.0,4.0,7.0,3.0,0.45999999999999996,0.45450000000000002,0.81999999999999995,0.35820000000000002,1.0,0.0,2.0,1.0,225.0
1.0,4.0,8.0,3.0,0.45999999999999996,0.45450000000000002,0.81999999999999995,0.19399999999999998,1.0,0.0,2.0,1.0,362.0
1.0,4.0,9.0,3.0,0.45999999999999996,0.45450000000000002,0.88,0.16420000000000001,1.0,0.0,2.0,1.0,201.0
1.0,4.0,10.0,2.0,0.45999999999999996,0.45450000000000002,0.93999999999999995,0.16420000000000001,1.0,0.0,2.0,1.0,139.0
1.0,4.0,11.0,2.0,0.45999999999999996,0.45450000000000002,0.93999999999999995,0.22390000000000002,1.0,0.0,2.0,1.0,151.0
1.0,4.0,12.0,2.0,0.52000000000000002,0.5,0.82999999999999996,0.1343,1.0,0.0,2.0,1.0,204.0
1.0,4.0,13.0,2.0,0.5,0.48479999999999995,0.81999999999999995,0.16420000000000001,1.0,0.0,2.0,1.0,197.0
1.0,4.0,14.0,2.0,0.54000000000000004,0.51519999999999999,0.77000000000000002,0.19399999999999998,1.0,0.0,2.0,1.0,169.0
1.0,4.0,15.0,2.0,0.52000000000000002,0.5,0.82999999999999996,0.32840000000000003,1.0,0.0,2.0,1.0,204.0
1.0,4.0,16.0,2.0,0.52000000000000002,0.5,0.82999999999999996,0.22390000000000002,1.0,0.0,2.0,1.0,318.0
1.0,4.0,17.0,1.0,0.54000000000000004,0.51519999999999999,0.77000000000000002,0.16420000000000001,1.0,0.0,2.0,1.0,614.0
1.0,4.0,18.0,2.0,0.54000000000000004,0.51519999999999999,0.77000000000000002,0.19399999999999998,1.0,0.0,2.0,1.0,664.0
1.0,4.0,19.0,2.0,0.54000000000000004,0.51519999999999999,0.77000000000000002,0.22390000000000002,1.0,0.0,2.0,1.0,464.0
1.0,4.0,20.0,1.0,0.54000000000000004,0.51519999999999999,0.77000000000000002,0.19399999999999998,1.0,0.0,2.0,1.0,337.0
1.0,4.0,21.0,1.0,0.52000000000000002,0.5,0.82999999999999996,0.22390000000000002,1.0,0.0,2.0,1.0,250.0
1.0,4.0,22.0,1.0,0.52000000000000002,0.5,0.82999999999999996,0.16420000000000001,1.0,0.0,2.0,1.0,183.0
1.0,4.0,23.0,1.0,0.5,0.48479999999999995,0.88,0.16420000000000001,1.0,0.0,2.0,1.0,112.0
1.0,4.0,0.0,1.0,0.54000000000000004,0.51519999999999999,0.68000000000000005,0.55220000000000002,1.0,0.0,3.0,1.0,73.0
1.0,4.0,1.0,1.0,0.5,0.48479999999999995,0.58999999999999997,0.44780000000000003,1.0,0.0,3.0,1.0,35.0
1.0,4.0,2.0,1.0,0.47999999999999998,0.46970000000000001,0.58999999999999997,0.41790000000000005,1.0,0.0,3.0,1.0,22.0
1.0,4.0,3.0,1.0,0.44,0.43939999999999996,0.46999999999999997,0.49250000000000005,1.0,0.0,3.0,1.0,3.0
1.0,4.0,4.0,1.0,0.41999999999999998,0.42420000000000002,0.44,0.25370000000000004,1.0,0.0,3.0,1.0,6.0
1.0,4.0,5.0,1.0,0.41999999999999998,0.42420000000000002,0.44,0.35820000000000002,1.0,0.0,3.0,1.0,19.0
1.0,4.0,6.0,1.0,0.39999999999999997,0.40909999999999996,0.42999999999999999,0.25370000000000004,1.0,0.0,3.0,1.0,120.0
1.0,4.0,7.0,1.0,0.38,0.39390000000000003,0.5,0.28360000000000002,1.0,0.0,3.0,1.0,315.0
1.0,4.0,8.0,1.0,0.39999999999999997,0.40909999999999996,0.5,0.0,1.0,0.0,3.0,1.0,592.0
1.0,4.0,9.0,1.0,0.41999999999999998,0.42420000000000002,0.44,0.49250000000000005,1.0,0.0,3.0,1.0,334.0
1.0,4.0,10.0,1.0,0.44,0.43939999999999996,0.38,0.41790000000000005,1.0,0.0,3.0,1.0,236.0
1.0,4.0,11.0,1.0,0.44,0.43939999999999996,0.38,0.32840000000000003,1.0,0.0,3.0,1.0,233.0
1.0,4.0,12.0,1.0,0.45999999999999996,0.45450000000000002,0.35999999999999999,0.35820000000000002,1.0,0.0,3.0,1.0,307.0
1.0,4.0,13.0,1.0,0.45999999999999996,0.45450000000000002,0.33000000000000002,0.3881,1.0,0.0,3.0,1.0,306.0
1.0,4.0,14.0,1.0,0.45999999999999996,0.45450000000000002,0.33000000000000002,0.32840000000000003,1.0,0.0,3.0,1.0,300.0
1.0,4.0,15.0,1.0,0.52000000000000002,0.5,0.28999999999999998,0.49250000000000005,1.0,0.0,3.0,1.0,324.0
1.0,4.0,16.0,1.0,0.52000000000000002,0.5,0.28999999999999998,0.25370000000000004,1.0,0.0,3.0,1.0,440.0
1.0,4.0,17.0,1.0,0.54000000000000004,0.51519999999999999,0.23999999999999999,0.3881,1.0,0.0,3.0,1.0,702.0
1.0,4.0,18.0,1.0,0.52000000000000002,0.5,0.25,0.35820000000000002,1.0,0.0,3.0,1.0,654.0
1.0,4.0,19.0,1.0,0.5,0.48479999999999995,0.27000000000000002,0.3881,1.0,0.0,3.0,1.0,441.0
1.0,4.0,20.0,1.0,0.45999999999999996,0.45450000000000002,0.31,0.28360000000000002,1.0,0.0,3.0,1.0,289.0
1.0,4.0,21.0,1.0,0.44,0.43939999999999996,0.33000000000000002,0.29850000000000004,1.0,0.0,3.0,1.0,208.0
1.0,4.0,22.0,1.0,0.41999999999999998,0.42420000000000002,0.38,0.25370000000000004,1.0,0.0,3.0,1.0,158.0
1.0,4.0,23.0,1.0,0.39999999999999997,0.40909999999999996,0.40000000000000002,0.25370000000000004,1.0,0.0,3.0,1.0,116.0
1.0,4.0,0.0,1.0,0.38,0.39390000000000003,0.42999999999999999,0.16420000000000001,1.0,0.0,4.0,1.0,103.0
1.0,4.0,1.0,1.0,0.35999999999999999,0.33329999999999999,0.5,0.29850000000000004,1.0,0.0,4.0,1.0,67.0
1.0,4.0,2.0,1.0,0.35999999999999999,0.34850000000000003,0.42999999999999999,0.16420000000000001,1.0,0.0,4.0,1.0,57.0
1.0,4.0,3.0,1.0,0.33999999999999997,0.31819999999999998,0.48999999999999999,0.22390000000000002,1.0,0.0,4.0,1.0,26.0
1.0,4.0,4.0,1.0,0.33999999999999997,0.33329999999999999,0.48999999999999999,0.16420000000000001,1.0,0.0,4.0,1.0,2.0
1.0,4.0,5.0,1.0,0.33999999999999997,0.33329999999999999,0.46000000000000002,0.1343,1.0,0.0,4.0,1.0,5.0
1.0,4.0,6.0,1.0,0.33999999999999997,0.33329999999999999,0.48999999999999999,0.19399999999999998,1.0,0.0,4.0,1.0,28.0
1.0,4.0,7.0,1.0,0.33999999999999997,0.33329999999999999,0.48999999999999999,0.16420000000000001,1.0,0.0,4.0,1.0,55.0
1.0,4.0,8.0,1.0,0.38,0.39390000000000003,0.40000000000000002,0.1343,1.0,0.0,4.0,1.0,158.0
1.0,4.0,9.0,2.0,0.38,0.39390000000000003,0.37,0.0,1.0,0.0,4.0,1.0,214.0
1.0,4.0,10.0,2.0,0.38,0.39390000000000003,0.40000000000000002,0.16420000000000001,1.0,0.0,4.0,1.0,291.0
1.0,4.0,11.0,2.0,0.38,0.39390000000000003,0.40000000000000002,0.1045,1.0,0.0,4.0,1.0,358.0
1.0,4.0,12.0,2.0,0.38,0.39390000000000003,0.42999999999999999,0.0,1.0,0.0,4.0,1.0,381.0
1.0,4.0,13.0,2.0,0.39999999999999997,0.40909999999999996,0.37,0.0,1.0,0.0,4.0,1.0,389.0
1.0,4.0,14.0,1.0,0.41999999999999998,0.42420000000000002,0.38,0.1045,1.0,0.0,4.0,1.0,440.0
1.0,4.0,15.0,1.0,0.41999999999999998,0.42420000000000002,0.40999999999999998,0.22390000000000002,1.0,0.0,4.0,1.0,408.0
1.0,4.0,16.0,2.0,0.44,0.43939999999999996,0.38,0.19399999999999998,1.0,0.0,4.0,1.0,376.0
1.0,4.0,17.0,2.0,0.41999999999999998,0.42420000000000002,0.40999999999999998,0.1343,1.0,0.0,4.0,1.0,322.0
1.0,4.0,18.0,3.0,0.39999999999999997,0.40909999999999996,0.46999999999999997,0.0,1.0,0.0,4.0,1.0,90.0
1.0,4.0,19.0,3.0,0.35999999999999999,0.34850000000000003,0.70999999999999996,0.1343,1.0,0.0,4.0,1.0,139.0
1.0,4.0,20.0,2.0,0.38,0.39390000000000003,0.66000000000000003,0.0,1.0,0.0,4.0,1.0,102.0
1.0,4.0,21.0,3.0,0.35999999999999999,0.34850000000000003,0.70999999999999996,0.19399999999999998,1.0,0.0,4.0,1.0,84.0
1.0,4.0,22.0,2.0,0.35999999999999999,0.34850000000000003,0.70999999999999996,0.1343,1.0,0.0,4.0,1.0,83.0
1.0,4.0,23.0,2.0,0.38,0.39390000000000003,0.76000000000000001,0.089599999999999999,1.0,0.0,4.0,1.0,42.0
1.0,4.0,0.0,3.0,0.35999999999999999,0.34850000000000003,0.81000000000000005,0.1343,1.0,0.0,5.0,1.0,36.0
1.0,4.0,1.0,2.0,0.35999999999999999,0.34850000000000003,0.81000000000000005,0.1343,1.0,0.0,5.0,1.0,42.0
1.0,4.0,2.0,2.0,0.35999999999999999,0.36359999999999998,0.87,0.1045,1.0,0.0,5.0,1.0,40.0
1.0,4.0,3.0,2.0,0.35999999999999999,0.34850000000000003,0.87,0.19399999999999998,1.0,0.0,5.0,1.0,16.0
1.0,4.0,4.0,2.0,0.35999999999999999,0.34850000000000003,0.87,0.1343,1.0,0.0,5.0,1.0,4.0
1.0,4.0,5.0,1.0,0.33999999999999997,0.36359999999999998,0.87,0.0,1.0,0.0,5.0,1.0,6.0
1.0,4.0,6.0,1.0,0.33999999999999997,0.33329999999999999,0.87,0.1343,1.0,0.0,5.0,1.0,7.0
1.0,4.0,7.0,2.0,0.33999999999999997,0.33329999999999999,0.87,0.1343,1.0,0.0,5.0,1.0,27.0
1.0,4.0,8.0,1.0,0.38,0.39390000000000003,0.76000000000000001,0.1343,1.0,0.0,5.0,1.0,107.0
1.0,4.0,9.0,1.0,0.39999999999999997,0.40909999999999996,0.70999999999999996,0.1343,1.0,0.0,5.0,1.0,185.0
1.0,4.0,10.0,1.0,0.41999999999999998,0.42420000000000002,0.67000000000000004,0.089599999999999999,1.0,0.0,5.0,1.0,380.0
1.0,4.0,11.0,1.0,0.45999999999999996,0.45450000000000002,0.51000000000000001,0.0,1.0,0.0,5.0,1.0,411.0
1.0,4.0,12.0,1.0,0.47999999999999998,0.46970000000000001,0.44,0.1045,1.0,0.0,5.0,1.0,584.0
1.0,4.0,13.0,1.0,0.5,0.48479999999999995,0.45000000000000001,0.1045,1.0,0.0,5.0,1.0,595.0
1.0,4.0,14.0,1.0,0.54000000000000004,0.51519999999999999,0.34000000000000002,0.0,1.0,0.0,5.0,1.0,653.0
1.0,4.0,15.0,1.0,0.56000000000000005,0.53029999999999999,0.37,0.1343,1.0,0.0,5.0,1.0,603.0
1.0,4.0,16.0,1.0,0.60000000000000009,0.60609999999999997,0.28000000000000003,0.19399999999999998,1.0,0.0,5.0,1.0,587.0
1.0,4.0,17.0,1.0,0.62,0.60609999999999997,0.27000000000000002,0.29850000000000004,1.0,0.0,5.0,1.0,522.0
1.0,4.0,18.0,1.0,0.60000000000000009,0.60609999999999997,0.26000000000000001,0.28360000000000002,1.0,0.0,5.0,1.0,487.0
1.0,4.0,19.0,1.0,0.56000000000000005,0.53029999999999999,0.34999999999999998,0.1343,1.0,0.0,5.0,1.0,375.0
1.0,4.0,20.0,1.0,0.56000000000000005,0.53029999999999999,0.32000000000000001,0.089599999999999999,1.0,0.0,5.0,1.0,243.0
1.0,4.0,21.0,1.0,0.52000000000000002,0.5,0.47999999999999998,0.1343,1.0,0.0,5.0,1.0,204.0
1.0,4.0,22.0,1.0,0.5,0.48479999999999995,0.45000000000000001,0.0,1.0,0.0,5.0,1.0,108.0
1.0,4.0,23.0,1.0,0.47999999999999998,0.46970000000000001,0.58999999999999997,0.0,1.0,0.0,5.0,1.0,82.0
1.0,4.0,0.0,1.0,0.44,0.43939999999999996,0.71999999999999997,0.1045,1.0,0.0,6.0,0.0,48.0
1.0,4.0,1.0,1.0,0.41999999999999998,0.42420000000000002,0.77000000000000002,0.089599999999999999,1.0,0.0,6.0,0.0,24.0
1.0,4.0,2.0,1.0,0.41999999999999998,0.42420000000000002,0.70999999999999996,0.1343,1.0,0.0,6.0,0.0,8.0
1.0,4.0,3.0,1.0,0.39999999999999997,0.40909999999999996,0.76000000000000001,0.16420000000000001,1.0,0.0,6.0,0.0,4.0
1.0,4.0,4.0,1.0,0.38,0.39390000000000003,0.62,0.25370000000000004,1.0,0.0,6.0,0.0,2.0
1.0,4.0,5.0,1.0,0.38,0.39390000000000003,0.62,0.25370000000000004,1.0,0.0,6.0,0.0,20.0
1.0,4.0,6.0,1.0,0.39999999999999997,0.40909999999999996,0.46999999999999997,0.19399999999999998,1.0,0.0,6.0,0.0,123.0
1.0,4.0,7.0,1.0,0.39999999999999997,0.40909999999999996,0.5,0.19399999999999998,1.0,0.0,6.0,0.0,349.0
1.0,4.0,8.0,1.0,0.39999999999999997,0.40909999999999996,0.42999999999999999,0.19399999999999998,1.0,0.0,6.0,0.0,596.0
1.0,4.0,9.0,2.0,0.39999999999999997,0.40909999999999996,0.42999999999999999,0.19399999999999998,1.0,0.0,6.0,0.0,268.0
1.0,4.0,10.0,2.0,0.41999999999999998,0.42420000000000002,0.40999999999999998,0.16420000000000001,1.0,0.0,6.0,0.0,157.0
1.0,4.0,11.0,2.0,0.44,0.43939999999999996,0.44,0.1045,1.0,0.0,6.0,0.0,163.0
1.0,4.0,12.0,2.0,0.44,0.43939999999999996,0.46999999999999997,0.1343,1.0,0.0,6.0,0.0,225.0
1.0,4.0,13.0,2.0,0.47999999999999998,0.46970000000000001,0.51000000000000001,0.089599999999999999,1.0,0.0,6.0,0.0,247.0
1.0,4.0,14.0,2.0,0.5,0.48479999999999995,0.55000000000000004,0.1343,1.0,0.0,6.0,0.0,218.0
1.0,4.0,15.0,2.0,0.52000000000000002,0.5,0.55000000000000004,0.1045,1.0,0.0,6.0,0.0,231.0
1.0,4.0,16.0,1.0,0.56000000000000005,0.53029999999999999,0.59999999999999998,0.19399999999999998,1.0,0.0,6.0,0.0,347.0
1.0,4.0,17.0,1.0,0.56000000000000005,0.53029999999999999,0.59999999999999998,0.16420000000000001,1.0,0.0,6.0,0.0,683.0
1.0,4.0,18.0,2.0,0.56000000000000005,0.53029999999999999,0.59999999999999998,0.22390000000000002,1.0,0.0,6.0,0.0,664.0
1.0,4.0,19.0,2.0,0.54000000000000004,0.51519999999999999,0.64000000000000001,0.25370000000000004,1.0,0.0,6.0,0.0,471.0
1.0,4.0,20.0,2.0,0.52000000000000002,0.5,0.58999999999999997,0.19399999999999998,1.0,0.0,6.0,0.0,309.0
1.0,4.0,21.0,2.0,0.52000000000000002,0.5,0.58999999999999997,0.19399999999999998,1.0,0.0,6.0,0.0,221.0
1.0,4.0,22.0,2.0,0.52000000000000002,0.5,0.55000000000000004,0.16420000000000001,1.0,0.0,6.0,0.0,134.0
1.0,4.0,23.0,2.0,0.52000000000000002,0.5,0.55000000000000004,0.22390000000000002,1.0,0.0,6.0,0.0,60.0
1.0,5.0,0.0,2.0,0.5,0.48479999999999995,0.58999999999999997,0.19399999999999998,1.0,0.0,7.0,0.0,35.0
1.0,5.0,1.0,2.0,0.5,0.48479999999999995,0.63,0.1343,1.0,0.0,7.0,0.0,21.0
1.0,5.0,2.0,2.0,0.5,0.48479999999999995,0.71999999999999997,0.089599999999999999,1.0,0.0,7.0,0.0,8.0
1.0,5.0,3.0,2.0,0.5,0.48479999999999995,0.77000000000000002,0.0,1.0,0.0,7.0,0.0,3.0
1.0,5.0,4.0,2.0,0.52000000000000002,0.5,0.71999999999999997,0.089599999999999999,1.0,0.0,7.0,0.0,8.0
1.0,5.0,5.0,2.0,0.52000000000000002,0.5,0.71999999999999997,0.089599999999999999,1.0,0.0,7.0,0.0,17.0
1.0,5.0,6.0,3.0,0.52000000000000002,0.5,0.77000000000000002,0.1045,1.0,0.0,7.0,0.0,26.0
1.0,5.0,7.0,2.0,0.5,0.48479999999999995,0.93999999999999995,0.25370000000000004,1.0,0.0,7.0,0.0,169.0
1.0,5.0,8.0,2.0,0.52000000000000002,0.5,0.93999999999999995,0.28360000000000002,1.0,0.0,7.0,0.0,557.0
1.0,5.0,9.0,2.0,0.54000000000000004,0.51519999999999999,0.88,0.19399999999999998,1.0,0.0,7.0,0.0,349.0
1.0,5.0,10.0,1.0,0.62,0.59089999999999998,0.78000000000000003,0.25370000000000004,1.0,0.0,7.0,0.0,174.0
1.0,5.0,11.0,2.0,0.65999999999999992,0.62119999999999997,0.65000000000000002,0.28360000000000002,1.0,0.0,7.0,0.0,229.0
1.0,5.0,12.0,2.0,0.69999999999999996,0.65150000000000008,0.57999999999999996,0.22390000000000002,1.0,0.0,7.0,0.0,269.0
1.0,5.0,13.0,2.0,0.71999999999999997,0.66670000000000007,0.51000000000000001,0.22390000000000002,1.0,0.0,7.0,0.0,249.0
1.0,5.0,14.0,2.0,0.73999999999999999,0.66670000000000007,0.47999999999999998,0.25370000000000004,1.0,0.0,7.0,0.0,204.0
1.0,5.0,15.0,2.0,0.73999999999999999,0.66670000000000007,0.45000000000000001,0.22390000000000002,1.0,0.0,7.0,0.0,234.0
1.0,5.0,16.0,1.0,0.73999999999999999,0.66670000000000007,0.45000000000000001,0.19399999999999998,1.0,0.0,7.0,0.0,354.0
1.0,5.0,17.0,1.0,0.73999999999999999,0.66670000000000007,0.47999999999999998,0.089599999999999999,1.0,0.0,7.0,0.0,681.0
1.0,5.0,18.0,1.0,0.69999999999999996,0.65150000000000008,0.54000000000000004,0.1343,1.0,0.0,7.0,0.0,743.0
1.0,5.0,19.0,1.0,0.69999999999999996,0.65150000000000008,0.54000000000000004,0.1343,1.0,0.0,7.0,0.0,487.0
1.0,5.0,20.0,1.0,0.65999999999999992,0.62119999999999997,0.60999999999999999,0.16420000000000001,1.0,0.0,7.0,0.0,335.0
1.0,5.0,21.0,1.0,0.64000000000000001,0.60609999999999997,0.65000000000000002,0.1343,1.0,0.0,7.0,0.0,282.0
1.0,5.0,22.0,1.0,0.64000000000000001,0.60609999999999997,0.65000000000000002,0.0,1.0,0.0,7.0,0.0,211.0
1.0,5.0,23.0,1.0,0.60000000000000009,0.57579999999999998,0.78000000000000003,0.0,1.0,0.0,7.0,0.0,95.0
1.0,5.0,0.0,1.0,0.60000000000000009,0.57579999999999998,0.78000000000000003,0.1045,1.0,0.0,1.0,1.0,47.0
1.0,5.0,1.0,1.0,0.56000000000000005,0.53029999999999999,0.82999999999999996,0.0,1.0,0.0,1.0,1.0,15.0
1.0,5.0,2.0,1.0,0.56000000000000005,0.53029999999999999,0.82999999999999996,0.0,1.0,0.0,1.0,1.0,16.0
1.0,5.0,3.0,1.0,0.56000000000000005,0.53029999999999999,0.82999999999999996,0.089599999999999999,1.0,0.0,1.0,1.0,6.0
1.0,5.0,4.0,1.0,0.54000000000000004,0.51519999999999999,0.88,0.0,1.0,0.0,1.0,1.0,4.0
1.0,5.0,5.0,1.0,0.54000000000000004,0.51519999999999999,0.90000000000000002,0.1343,1.0,0.0,1.0,1.0,33.0
1.0,5.0,6.0,3.0,0.56000000000000005,0.53029999999999999,0.83999999999999997,0.0,1.0,0.0,1.0,1.0,120.0
1.0,5.0,7.0,2.0,0.54000000000000004,0.51519999999999999,0.88,0.19399999999999998,1.0,0.0,1.0,1.0,358.0
1.0,5.0,8.0,2.0,0.56000000000000005,0.53029999999999999,0.88,0.0,1.0,0.0,1.0,1.0,666.0
1.0,5.0,9.0,2.0,0.56000000000000005,0.53029999999999999,0.88,0.0,1.0,0.0,1.0,1.0,315.0
1.0,5.0,10.0,2.0,0.58000000000000007,0.54549999999999998,0.82999999999999996,0.1045,1.0,0.0,1.0,1.0,175.0
1.0,5.0,11.0,2.0,0.58000000000000007,0.54549999999999998,0.81000000000000005,0.1343,1.0,0.0,1.0,1.0,184.0
1.0,5.0,12.0,2.0,0.58000000000000007,0.54549999999999998,0.82999999999999996,0.22390000000000002,1.0,0.0,1.0,1.0,245.0
1.0,5.0,13.0,2.0,0.58000000000000007,0.54549999999999998,0.78000000000000003,0.19399999999999998,1.0,0.0,1.0,1.0,228.0
1.0,5.0,14.0,1.0,0.62,0.60609999999999997,0.68999999999999995,0.089599999999999999,1.0,0.0,1.0,1.0,240.0
1.0,5.0,15.0,1.0,0.64000000000000001,0.60609999999999997,0.65000000000000002,0.19399999999999998,1.0,0.0,1.0,1.0,256.0
1.0,5.0,16.0,1.0,0.64000000000000001,0.60609999999999997,0.65000000000000002,0.16420000000000001,1.0,0.0,1.0,1.0,367.0
1.0,5.0,17.0,1.0,0.60000000000000009,0.59089999999999998,0.72999999999999998,0.25370000000000004,1.0,0.0,1.0,1.0,729.0
1.0,5.0,18.0,1.0,0.56000000000000005,0.53029999999999999,0.72999999999999998,0.22390000000000002,1.0,0.0,1.0,1.0,813.0
1.0,5.0,19.0,1.0,0.54000000000000004,0.51519999999999999,0.77000000000000002,0.25370000000000004,1.0,0.0,1.0,1.0,504.0
1.0,5.0,20.0,1.0,0.52000000000000002,0.5,0.77000000000000002,0.25370000000000004,1.0,0.0,1.0,1.0,338.0
1.0,5.0,21.0,1.0,0.52000000000000002,0.5,0.77000000000000002,0.22390000000000002,1.0,0.0,1.0,1.0,239.0
1.0,5.0,22.0,1.0,0.5,0.48479999999999995,0.81999999999999995,0.22390000000000002,1.0,0.0,1.0,1.0,173.0
1.0,5.0,23.0,2.0,0.5,0.48479999999999995,0.77000000000000002,0.25370000000000004,1.0,0.0,1.0,1.0,98.0
1.0,5.0,0.0,2.0,0.47999999999999998,0.46970000000000001,0.81999999999999995,0.22390000000000002,1.0,0.0,2.0,1.0,90.0
1.0,5.0,1.0,2.0,0.45999999999999996,0.45450000000000002,0.88,0.1045,1.0,0.0,2.0,1.0,24.0
1.0,5.0,2.0,2.0,0.45999999999999996,0.45450000000000002,0.88,0.1343,1.0,0.0,2.0,1.0,17.0
1.0,5.0,3.0,2.0,0.45999999999999996,0.45450000000000002,0.88,0.0,1.0,0.0,2.0,1.0,6.0
1.0,5.0,4.0,2.0,0.45999999999999996,0.45450000000000002,0.88,0.25370000000000004,1.0,0.0,2.0,1.0,2.0
1.0,5.0,5.0,2.0,0.45999999999999996,0.45450000000000002,0.88,0.25370000000000004,1.0,0.0,2.0,1.0,21.0
1.0,5.0,6.0,2.0,0.45999999999999996,0.45450000000000002,0.88,0.16420000000000001,1.0,0.0,2.0,1.0,136.0
1.0,5.0,7.0,3.0,0.44,0.43939999999999996,0.93999999999999995,0.1045,1.0,0.0,2.0,1.0,384.0
1.0,5.0,8.0,3.0,0.45999999999999996,0.45450000000000002,0.88,0.19399999999999998,1.0,0.0,2.0,1.0,627.0
1.0,5.0,9.0,2.0,0.47999999999999998,0.46970000000000001,0.88,0.1045,1.0,0.0,2.0,1.0,304.0
1.0,5.0,10.0,2.0,0.52000000000000002,0.5,0.77000000000000002,0.0,1.0,0.0,2.0,1.0,168.0
1.0,5.0,11.0,1.0,0.54000000000000004,0.51519999999999999,0.77000000000000002,0.0,1.0,0.0,2.0,1.0,201.0
1.0,5.0,12.0,1.0,0.56000000000000005,0.53029999999999999,0.72999999999999998,0.1343,1.0,0.0,2.0,1.0,301.0
1.0,5.0,13.0,1.0,0.60000000000000009,0.59089999999999998,0.68999999999999995,0.19399999999999998,1.0,0.0,2.0,1.0,265.0
1.0,5.0,14.0,1.0,0.64000000000000001,0.60609999999999997,0.65000000000000002,0.19399999999999998,1.0,0.0,2.0,1.0,204.0
1.0,5.0,15.0,1.0,0.65999999999999992,0.62119999999999997,0.60999999999999999,0.19399999999999998,1.0,0.0,2.0,1.0,283.0
1.0,5.0,16.0,1.0,0.67999999999999994,0.63639999999999997,0.56999999999999995,0.16420000000000001,1.0,0.0,2.0,1.0,370.0
1.0,5.0,17.0,1.0,0.71999999999999997,0.66670000000000007,0.54000000000000004,0.1343,1.0,0.0,2.0,1.0,704.0
1.0,5.0,18.0,1.0,0.71999999999999997,0.66670000000000007,0.57999999999999996,0.1343,1.0,0.0,2.0,1.0,706.0
1.0,5.0,19.0,1.0,0.69999999999999996,0.65150000000000008,0.60999999999999999,0.19399999999999998,1.0,0.0,2.0,1.0,522.0
1.0,5.0,20.0,1.0,0.64000000000000001,0.60609999999999997,0.72999999999999998,0.19399999999999998,1.0,0.0,2.0,1.0,420.0
1.0,5.0,21.0,1.0,0.62,0.59089999999999998,0.78000000000000003,0.1343,1.0,0.0,2.0,1.0,299.0
1.0,5.0,22.0,1.0,0.62,0.59089999999999998,0.78000000000000003,0.0,1.0,0.0,2.0,1.0,246.0
1.0,5.0,23.0,1.0,0.60000000000000009,0.56059999999999999,0.82999999999999996,0.0,1.0,0.0,2.0,1.0,121.0
1.0,5.0,0.0,1.0,0.60000000000000009,0.57579999999999998,0.78000000000000003,0.32840000000000003,1.0,0.0,3.0,1.0,89.0
1.0,5.0,1.0,1.0,0.60000000000000009,0.57579999999999998,0.78000000000000003,0.1045,1.0,0.0,3.0,1.0,48.0
1.0,5.0,2.0,1.0,0.58000000000000007,0.54549999999999998,0.82999999999999996,0.1343,1.0,0.0,3.0,1.0,11.0
1.0,5.0,3.0,1.0,0.56000000000000005,0.53029999999999999,0.88,0.22390000000000002,1.0,0.0,3.0,1.0,14.0
1.0,5.0,4.0,1.0,0.56000000000000005,0.53029999999999999,0.88,0.19399999999999998,1.0,0.0,3.0,1.0,4.0
1.0,5.0,5.0,1.0,0.56000000000000005,0.53029999999999999,0.88,0.19399999999999998,1.0,0.0,3.0,1.0,24.0
1.0,5.0,6.0,1.0,0.54000000000000004,0.51519999999999999,0.93999999999999995,0.1045,1.0,0.0,3.0,1.0,135.0
1.0,5.0,7.0,1.0,0.56000000000000005,0.53029999999999999,0.88,0.0,1.0,0.0,3.0,1.0,356.0
1.0,5.0,8.0,1.0,0.56000000000000005,0.53029999999999999,0.88,0.0,1.0,0.0,3.0,1.0,618.0
1.0,5.0,9.0,1.0,0.60000000000000009,0.57579999999999998,0.78000000000000003,0.0,1.0,0.0,3.0,1.0,294.0
1.0,5.0,10.0,2.0,0.62,0.59089999999999998,0.72999999999999998,0.1343,1.0,0.0,3.0,1.0,199.0
1.0,5.0,11.0,2.0,0.69999999999999996,0.65150000000000008,0.60999999999999999,0.0,1.0,0.0,3.0,1.0,258.0
1.0,5.0,12.0,3.0,0.62,0.59089999999999998,0.78000000000000003,0.35820000000000002,1.0,0.0,3.0,1.0,171.0
1.0,5.0,13.0,2.0,0.64000000000000001,0.60609999999999997,0.72999999999999998,0.0,1.0,0.0,3.0,1.0,278.0
1.0,5.0,14.0,2.0,0.65999999999999992,0.62119999999999997,0.73999999999999999,0.28360000000000002,1.0,0.0,3.0,1.0,242.0
1.0,5.0,15.0,2.0,0.71999999999999997,0.68180000000000007,0.62,0.1045,1.0,0.0,3.0,1.0,343.0
1.0,5.0,16.0,1.0,0.76000000000000001,0.68180000000000007,0.47999999999999998,0.16420000000000001,1.0,0.0,3.0,1.0,440.0
1.0,5.0,17.0,1.0,0.69999999999999996,0.65150000000000008,0.54000000000000004,0.4627,1.0,0.0,3.0,1.0,643.0
1.0,5.0,18.0,1.0,0.69999999999999996,0.65150000000000008,0.54000000000000004,0.4627,1.0,0.0,3.0,1.0,641.0
1.0,5.0,19.0,1.0,0.69999999999999996,0.65150000000000008,0.51000000000000001,0.1343,1.0,0.0,3.0,1.0,452.0
1.0,5.0,20.0,1.0,0.67999999999999994,0.63639999999999997,0.51000000000000001,0.1045,1.0,0.0,3.0,1.0,313.0
1.0,5.0,21.0,1.0,0.64000000000000001,0.60609999999999997,0.68999999999999995,0.19399999999999998,1.0,0.0,3.0,1.0,235.0
1.0,5.0,22.0,1.0,0.60000000000000009,0.56059999999999999,0.82999999999999996,0.1343,1.0,0.0,3.0,1.0,232.0
1.0,5.0,23.0,1.0,0.60000000000000009,0.56059999999999999,0.82999999999999996,0.089599999999999999,1.0,0.0,3.0,1.0,256.0
1.0,5.0,0.0,1.0,0.60000000000000009,0.56059999999999999,0.82999999999999996,0.0,1.0,0.0,4.0,1.0,153.0
1.0,5.0,1.0,1.0,0.60000000000000009,0.56059999999999999,0.82999999999999996,0.0,1.0,0.0,4.0,1.0,107.0
1.0,5.0,2.0,1.0,0.58000000000000007,0.54549999999999998,0.88,0.0,1.0,0.0,4.0,1.0,75.0
1.0,5.0,3.0,1.0,0.58000000000000007,0.54549999999999998,0.82999999999999996,0.0,1.0,0.0,4.0,1.0,32.0
1.0,5.0,4.0,1.0,0.56000000000000005,0.53029999999999999,0.88,0.1045,1.0,0.0,4.0,1.0,9.0
1.0,5.0,5.0,1.0,0.56000000000000005,0.53029999999999999,0.88,0.089599999999999999,1.0,0.0,4.0,1.0,22.0
1.0,5.0,6.0,2.0,0.54000000000000004,0.51519999999999999,0.93999999999999995,0.0,1.0,0.0,4.0,1.0,42.0
1.0,5.0,7.0,1.0,0.56000000000000005,0.53029999999999999,0.88,0.0,1.0,0.0,4.0,1.0,87.0
1.0,5.0,8.0,1.0,0.58000000000000007,0.54549999999999998,0.82999999999999996,0.089599999999999999,1.0,0.0,4.0,1.0,197.0
1.0,5.0,9.0,1.0,0.62,0.59089999999999998,0.78000000000000003,0.1045,1.0,0.0,4.0,1.0,284.0
1.0,5.0,10.0,1.0,0.65999999999999992,0.62119999999999997,0.65000000000000002,0.1343,1.0,0.0,4.0,1.0,432.0
1.0,5.0,11.0,1.0,0.69999999999999996,0.65150000000000008,0.57999999999999996,0.089599999999999999,1.0,0.0,4.0,1.0,575.0
1.0,5.0,12.0,1.0,0.71999999999999997,0.66670000000000007,0.57999999999999996,0.1045,1.0,0.0,4.0,1.0,550.0
1.0,5.0,13.0,1.0,0.73999999999999999,0.68180000000000007,0.55000000000000004,0.1343,1.0,0.0,4.0,1.0,524.0
1.0,5.0,14.0,3.0,0.69999999999999996,0.65150000000000008,0.60999999999999999,0.29850000000000004,1.0,0.0,4.0,1.0,428.0
1.0,5.0,15.0,3.0,0.65999999999999992,0.62119999999999997,0.73999999999999999,0.19399999999999998,1.0,0.0,4.0,1.0,541.0
1.0,5.0,16.0,2.0,0.67999999999999994,0.63639999999999997,0.65000000000000002,0.3881,1.0,0.0,4.0,1.0,540.0
1.0,5.0,17.0,2.0,0.67999999999999994,0.63639999999999997,0.65000000000000002,0.29850000000000004,1.0,0.0,4.0,1.0,502.0
1.0,5.0,18.0,2.0,0.65999999999999992,0.62119999999999997,0.68999999999999995,0.35820000000000002,1.0,0.0,4.0,1.0,434.0
1.0,5.0,19.0,2.0,0.62,0.59089999999999998,0.72999999999999998,0.32840000000000003,1.0,0.0,4.0,1.0,405.0
1.0,5.0,20.0,1.0,0.60000000000000009,0.57579999999999998,0.78000000000000003,0.25370000000000004,1.0,0.0,4.0,1.0,309.0
1.0,5.0,21.0,2.0,0.58000000000000007,0.54549999999999998,0.78000000000000003,0.22390000000000002,1.0,0.0,4.0,1.0,269.0
1.0,5.0,22.0,2.0,0.58000000000000007,0.54549999999999998,0.78000000000000003,0.19399999999999998,1.0,0.0,4.0,1.0,217.0
1.0,5.0,23.0,2.0,0.56000000000000005,0.53029999999999999,0.82999999999999996,0.28360000000000002,1.0,0.0,4.0,1.0,149.0
1.0,5.0,0.0,2.0,0.56000000000000005,0.53029999999999999,0.82999999999999996,0.1343,1.0,0.0,5.0,1.0,134.0
1.0,5.0,1.0,2.0,0.54000000000000004,0.51519999999999999,0.82999999999999996,0.22390000000000002,1.0,0.0,5.0,1.0,121.0
1.0,5.0,2.0,2.0,0.54000000000000004,0.51519999999999999,0.82999999999999996,0.28360000000000002,1.0,0.0,5.0,1.0,93.0
1.0,5.0,3.0,2.0,0.54000000000000004,0.51519999999999999,0.82999999999999996,0.19399999999999998,1.0,0.0,5.0,1.0,28.0
1.0,5.0,4.0,3.0,0.52000000000000002,0.5,0.82999999999999996,0.16420000000000001,1.0,0.0,5.0,1.0,16.0
1.0,5.0,5.0,3.0,0.52000000000000002,0.5,0.82999999999999996,0.16420000000000001,1.0,0.0,5.0,1.0,11.0
1.0,5.0,6.0,3.0,0.52000000000000002,0.5,0.82999999999999996,0.22390000000000002,1.0,0.0,5.0,1.0,17.0
1.0,5.0,7.0,3.0,0.52000000000000002,0.5,0.82999999999999996,0.16420000000000001,1.0,0.0,5.0,1.0,36.0
1.0,5.0,8.0,2.0,0.5,0.48479999999999995,0.88,0.1343,1.0,0.0,5.0,1.0,114.0
1.0,5.0,9.0,2.0,0.52000000000000002,0.5,0.82999999999999996,0.16420000000000001,1.0,0.0,5.0,1.0,191.0
1.0,5.0,10.0,2.0,0.54000000000000004,0.51519999999999999,0.77000000000000002,0.1045,1.0,0.0,5.0,1.0,333.0
1.0,5.0,11.0,1.0,0.56000000000000005,0.53029999999999999,0.72999999999999998,0.1045,1.0,0.0,5.0,1.0,414.0
1.0,5.0,12.0,2.0,0.60000000000000009,0.60609999999999997,0.64000000000000001,0.089599999999999999,1.0,0.0,5.0,1.0,558.0
1.0,5.0,13.0,2.0,0.60000000000000009,0.60609999999999997,0.64000000000000001,0.0,1.0,0.0,5.0,1.0,565.0
1.0,5.0,14.0,2.0,0.60000000000000009,0.60609999999999997,0.64000000000000001,0.1045,1.0,0.0,5.0,1.0,518.0
1.0,5.0,15.0,2.0,0.62,0.60609999999999997,0.60999999999999999,0.1045,1.0,0.0,5.0,1.0,571.0
1.0,5.0,16.0,2.0,0.62,0.60609999999999997,0.60999999999999999,0.0,1.0,0.0,5.0,1.0,544.0
1.0,5.0,17.0,2.0,0.62,0.60609999999999997,0.65000000000000002,0.1343,1.0,0.0,5.0,1.0,511.0
1.0,5.0,18.0,2.0,0.62,0.60609999999999997,0.60999999999999999,0.19399999999999998,1.0,0.0,5.0,1.0,463.0
1.0,5.0,19.0,2.0,0.60000000000000009,0.60609999999999997,0.64000000000000001,0.16420000000000001,1.0,0.0,5.0,1.0,383.0
1.0,5.0,20.0,1.0,0.60000000000000009,0.60609999999999997,0.64000000000000001,0.19399999999999998,1.0,0.0,5.0,1.0,276.0
1.0,5.0,21.0,1.0,0.56000000000000005,0.53029999999999999,0.72999999999999998,0.19399999999999998,1.0,0.0,5.0,1.0,203.0
1.0,5.0,22.0,1.0,0.56000000000000005,0.53029999999999999,0.72999999999999998,0.16420000000000001,1.0,0.0,5.0,1.0,157.0
1.0,5.0,23.0,1.0,0.52000000000000002,0.5,0.77000000000000002,0.19399999999999998,1.0,0.0,5.0,1.0,102.0
1.0,5.0,0.0,2.0,0.52000000000000002,0.5,0.77000000000000002,0.1343,1.0,0.0,6.0,0.0,34.0
1.0,5.0,1.0,2.0,0.52000000000000002,0.5,0.77000000000000002,0.19399999999999998,1.0,0.0,6.0,0.0,9.0
1.0,5.0,2.0,1.0,0.5,0.48479999999999995,0.77000000000000002,0.19399999999999998,1.0,0.0,6.0,0.0,6.0
1.0,5.0,3.0,1.0,0.5,0.48479999999999995,0.77000000000000002,0.19399999999999998,1.0,0.0,6.0,0.0,5.0
1.0,5.0,4.0,2.0,0.45999999999999996,0.45450000000000002,0.88,0.1343,1.0,0.0,6.0,0.0,2.0
1.0,5.0,5.0,1.0,0.45999999999999996,0.45450000000000002,0.88,0.1045,1.0,0.0,6.0,0.0,23.0
1.0,5.0,6.0,1.0,0.45999999999999996,0.45450000000000002,0.88,0.1045,1.0,0.0,6.0,0.0,142.0
1.0,5.0,7.0,2.0,0.47999999999999998,0.46970000000000001,0.81999999999999995,0.1045,1.0,0.0,6.0,0.0,385.0
1.0,5.0,8.0,2.0,0.5,0.48479999999999995,0.81999999999999995,0.19399999999999998,1.0,0.0,6.0,0.0,639.0
1.0,5.0,9.0,2.0,0.5,0.48479999999999995,0.81999999999999995,0.22390000000000002,1.0,0.0,6.0,0.0,350.0
1.0,5.0,10.0,2.0,0.52000000000000002,0.5,0.77000000000000002,0.19399999999999998,1.0,0.0,6.0,0.0,190.0
1.0,5.0,11.0,2.0,0.54000000000000004,0.51519999999999999,0.72999999999999998,0.19399999999999998,1.0,0.0,6.0,0.0,213.0
1.0,5.0,12.0,2.0,0.56000000000000005,0.53029999999999999,0.68000000000000005,0.22390000000000002,1.0,0.0,6.0,0.0,263.0
1.0,5.0,13.0,2.0,0.60000000000000009,0.62119999999999997,0.53000000000000003,0.32840000000000003,1.0,0.0,6.0,0.0,272.0
1.0,5.0,14.0,2.0,0.62,0.62119999999999997,0.5,0.35820000000000002,1.0,0.0,6.0,0.0,239.0
1.0,5.0,15.0,2.0,0.62,0.62119999999999997,0.53000000000000003,0.29850000000000004,1.0,0.0,6.0,0.0,262.0
1.0,5.0,16.0,2.0,0.60000000000000009,0.62119999999999997,0.53000000000000003,0.3881,1.0,0.0,6.0,0.0,388.0
1.0,5.0,17.0,2.0,0.60000000000000009,0.62119999999999997,0.53000000000000003,0.32840000000000003,1.0,0.0,6.0,0.0,769.0
1.0,5.0,18.0,2.0,0.60000000000000009,0.62119999999999997,0.53000000000000003,0.35820000000000002,1.0,0.0,6.0,0.0,680.0
1.0,5.0,19.0,1.0,0.58000000000000007,0.54549999999999998,0.56000000000000005,0.32840000000000003,1.0,0.0,6.0,0.0,546.0
1.0,5.0,20.0,1.0,0.54000000000000004,0.51519999999999999,0.52000000000000002,0.28360000000000002,1.0,0.0,6.0,0.0,323.0
1.0,5.0,21.0,2.0,0.54000000000000004,0.51519999999999999,0.45000000000000001,0.22390000000000002,1.0,0.0,6.0,0.0,247.0
1.0,5.0,22.0,2.0,0.54000000000000004,0.51519999999999999,0.45000000000000001,0.25370000000000004,1.0,0.0,6.0,0.0,173.0
1.0,5.0,23.0,2.0,0.54000000000000004,0.51519999999999999,0.45000000000000001,0.19399999999999998,1.0,0.0,6.0,0.0,113.0
1.0,5.0,0.0,2.0,0.52000000000000002,0.5,0.52000000000000002,0.25370000000000004,1.0,0.0,7.0,0.0,38.0
1.0,5.0,1.0,2.0,0.52000000000000002,0.5,0.58999999999999997,0.22390000000000002,1.0,0.0,7.0,0.0,9.0
1.0,5.0,2.0,2.0,0.52000000000000002,0.5,0.63,0.29850000000000004,1.0,0.0,7.0,0.0,16.0
1.0,5.0,3.0,2.0,0.52000000000000002,0.5,0.68000000000000005,0.28360000000000002,1.0,0.0,7.0,0.0,6.0
1.0,5.0,4.0,2.0,0.52000000000000002,0.5,0.68000000000000005,0.32840000000000003,1.0,0.0,7.0,0.0,5.0
1.0,5.0,5.0,2.0,0.52000000000000002,0.5,0.71999999999999997,0.28360000000000002,1.0,0.0,7.0,0.0,20.0
1.0,5.0,6.0,1.0,0.5,0.48479999999999995,0.77000000000000002,0.29850000000000004,1.0,0.0,7.0,0.0,165.0
1.0,5.0,7.0,1.0,0.52000000000000002,0.5,0.71999999999999997,0.28360000000000002,1.0,0.0,7.0,0.0,463.0
1.0,5.0,8.0,2.0,0.54000000000000004,0.51519999999999999,0.72999999999999998,0.29850000000000004,1.0,0.0,7.0,0.0,641.0
1.0,5.0,9.0,2.0,0.56000000000000005,0.53029999999999999,0.68000000000000005,0.35820000000000002,1.0,0.0,7.0,0.0,295.0
1.0,5.0,10.0,2.0,0.58000000000000007,0.54549999999999998,0.68000000000000005,0.41790000000000005,1.0,0.0,7.0,0.0,157.0
1.0,5.0,11.0,2.0,0.60000000000000009,0.60609999999999997,0.64000000000000001,0.3881,1.0,0.0,7.0,0.0,217.0
1.0,5.0,12.0,2.0,0.62,0.60609999999999997,0.65000000000000002,0.32840000000000003,1.0,0.0,7.0,0.0,263.0
1.0,5.0,13.0,3.0,0.64000000000000001,0.60609999999999997,0.65000000000000002,0.25370000000000004,1.0,0.0,7.0,0.0,219.0
1.0,5.0,14.0,3.0,0.62,0.60609999999999997,0.68999999999999995,0.32840000000000003,1.0,0.0,7.0,0.0,71.0
1.0,5.0,15.0,3.0,0.62,0.59089999999999998,0.72999999999999998,0.25370000000000004,1.0,0.0,7.0,0.0,134.0
1.0,5.0,16.0,3.0,0.64000000000000001,0.60609999999999997,0.72999999999999998,0.22390000000000002,1.0,0.0,7.0,0.0,389.0
1.0,5.0,17.0,2.0,0.64000000000000001,0.60609999999999997,0.68999999999999995,0.28360000000000002,1.0,0.0,7.0,0.0,717.0
1.0,5.0,18.0,2.0,0.64000000000000001,0.60609999999999997,0.68999999999999995,0.28360000000000002,1.0,0.0,7.0,0.0,710.0
1.0,5.0,19.0,2.0,0.64000000000000001,0.60609999999999997,0.68999999999999995,0.28360000000000002,1.0,0.0,7.0,0.0,458.0
1.0,5.0,20.0,2.0,0.64000000000000001,0.60609999999999997,0.68999999999999995,0.28360000000000002,1.0,0.0,7.0,0.0,302.0
1.0,5.0,21.0,2.0,0.64000000000000001,0.60609999999999997,0.65000000000000002,0.28360000000000002,1.0,0.0,7.0,0.0,223.0
1.0,5.0,22.0,3.0,0.60000000000000009,0.57579999999999998,0.78000000000000003,0.25370000000000004,1.0,0.0,7.0,0.0,147.0
1.0,5.0,23.0,3.0,0.60000000000000009,0.57579999999999998,0.78000000000000003,0.32840000000000003,1.0,0.0,7.0,0.0,63.0
1.0,5.0,0.0,2.0,0.58000000000000007,0.54549999999999998,0.82999999999999996,0.19399999999999998,1.0,0.0,1.0,1.0,35.0
1.0,5.0,1.0,2.0,0.60000000000000009,0.57579999999999998,0.78000000000000003,0.25370000000000004,1.0,0.0,1.0,1.0,14.0
1.0,5.0,2.0,3.0,0.56000000000000005,0.53029999999999999,0.88,0.44780000000000003,1.0,0.0,1.0,1.0,1.0
1.0,5.0,3.0,3.0,0.56000000000000005,0.53029999999999999,0.88,0.16420000000000001,1.0,0.0,1.0,1.0,2.0
1.0,5.0,4.0,3.0,0.56000000000000005,0.53029999999999999,0.88,0.22390000000000002,1.0,0.0,1.0,1.0,5.0
1.0,5.0,5.0,2.0,0.56000000000000005,0.53029999999999999,0.88,0.1343,1.0,0.0,1.0,1.0,28.0
1.0,5.0,6.0,2.0,0.56000000000000005,0.53029999999999999,0.88,0.1045,1.0,0.0,1.0,1.0,126.0
1.0,5.0,7.0,2.0,0.56000000000000005,0.53029999999999999,0.93999999999999995,0.19399999999999998,1.0,0.0,1.0,1.0,418.0
1.0,5.0,8.0,2.0,0.60000000000000009,0.56059999999999999,0.82999999999999996,0.1343,1.0,0.0,1.0,1.0,622.0
1.0,5.0,9.0,2.0,0.60000000000000009,0.56059999999999999,0.82999999999999996,0.0,1.0,0.0,1.0,1.0,325.0
1.0,5.0,10.0,2.0,0.62,0.60609999999999997,0.65000000000000002,0.25370000000000004,1.0,0.0,1.0,1.0,153.0
1.0,5.0,11.0,2.0,0.62,0.62119999999999997,0.58999999999999997,0.29850000000000004,1.0,0.0,1.0,1.0,201.0
1.0,5.0,12.0,2.0,0.62,0.62119999999999997,0.56999999999999995,0.22390000000000002,1.0,0.0,1.0,1.0,280.0
1.0,5.0,13.0,2.0,0.64000000000000001,0.62119999999999997,0.53000000000000003,0.25370000000000004,1.0,0.0,1.0,1.0,266.0
1.0,5.0,14.0,2.0,0.64000000000000001,0.62119999999999997,0.53000000000000003,0.25370000000000004,1.0,0.0,1.0,1.0,243.0
1.0,5.0,15.0,2.0,0.64000000000000001,0.62119999999999997,0.53000000000000003,0.1045,1.0,0.0,1.0,1.0,259.0
1.0,5.0,16.0,2.0,0.65999999999999992,0.62119999999999997,0.5,0.19399999999999998,1.0,0.0,1.0,1.0,357.0
1.0,5.0,17.0,2.0,0.64000000000000001,0.62119999999999997,0.53000000000000003,0.1343,1.0,0.0,1.0,1.0,705.0
1.0,5.0,18.0,3.0,0.52000000000000002,0.5,0.77000000000000002,0.58210000000000006,1.0,0.0,1.0,1.0,372.0
1.0,5.0,19.0,3.0,0.5,0.48479999999999995,0.77000000000000002,0.35820000000000002,1.0,0.0,1.0,1.0,98.0
1.0,5.0,20.0,3.0,0.5,0.48479999999999995,0.81999999999999995,0.22390000000000002,1.0,0.0,1.0,1.0,51.0
1.0,5.0,21.0,3.0,0.5,0.48479999999999995,0.81999999999999995,0.16420000000000001,1.0,0.0,1.0,1.0,34.0
1.0,5.0,22.0,3.0,0.47999999999999998,0.46970000000000001,0.81999999999999995,0.1045,1.0,0.0,1.0,1.0,67.0
1.0,5.0,23.0,3.0,0.47999999999999998,0.46970000000000001,0.81999999999999995,0.19399999999999998,1.0,0.0,1.0,1.0,55.0
1.0,5.0,0.0,3.0,0.5,0.48479999999999995,0.77000000000000002,0.16420000000000001,1.0,0.0,2.0,1.0,33.0
1.0,5.0,1.0,2.0,0.47999999999999998,0.46970000000000001,0.88,0.1343,1.0,0.0,2.0,1.0,11.0
1.0,5.0,2.0,2.0,0.47999999999999998,0.46970000000000001,0.88,0.1045,1.0,0.0,2.0,1.0,3.0
1.0,5.0,3.0,1.0,0.45999999999999996,0.45450000000000002,0.88,0.22390000000000002,1.0,0.0,2.0,1.0,3.0
1.0,5.0,4.0,1.0,0.45999999999999996,0.45450000000000002,0.77000000000000002,0.19399999999999998,1.0,0.0,2.0,1.0,2.0
1.0,5.0,5.0,1.0,0.45999999999999996,0.45450000000000002,0.71999999999999997,0.29850000000000004,1.0,0.0,2.0,1.0,24.0
1.0,5.0,6.0,1.0,0.44,0.43939999999999996,0.71999999999999997,0.22390000000000002,1.0,0.0,2.0,1.0,139.0
1.0,5.0,7.0,1.0,0.44,0.43939999999999996,0.71999999999999997,0.29850000000000004,1.0,0.0,2.0,1.0,401.0
1.0,5.0,8.0,1.0,0.45999999999999996,0.45450000000000002,0.67000000000000004,0.35820000000000002,1.0,0.0,2.0,1.0,630.0
1.0,5.0,9.0,1.0,0.5,0.48479999999999995,0.58999999999999997,0.4627,1.0,0.0,2.0,1.0,361.0
1.0,5.0,10.0,1.0,0.5,0.48479999999999995,0.51000000000000001,0.41790000000000005,1.0,0.0,2.0,1.0,154.0
1.0,5.0,11.0,1.0,0.52000000000000002,0.5,0.47999999999999998,0.52239999999999998,1.0,0.0,2.0,1.0,256.0
1.0,5.0,12.0,1.0,0.52000000000000002,0.5,0.47999999999999998,0.41790000000000005,1.0,0.0,2.0,1.0,272.0
1.0,5.0,13.0,1.0,0.54000000000000004,0.51519999999999999,0.39000000000000001,0.44780000000000003,1.0,0.0,2.0,1.0,318.0
1.0,5.0,14.0,1.0,0.56000000000000005,0.53029999999999999,0.37,0.41790000000000005,1.0,0.0,2.0,1.0,247.0
1.0,5.0,15.0,1.0,0.54000000000000004,0.51519999999999999,0.37,0.3881,1.0,0.0,2.0,1.0,271.0
1.0,5.0,16.0,1.0,0.58000000000000007,0.54549999999999998,0.29999999999999999,0.4627,1.0,0.0,2.0,1.0,421.0
1.0,5.0,17.0,1.0,0.60000000000000009,0.62119999999999997,0.31,0.3881,1.0,0.0,2.0,1.0,732.0
1.0,5.0,18.0,1.0,0.56000000000000005,0.53029999999999999,0.34999999999999998,0.52239999999999998,1.0,0.0,2.0,1.0,770.0
1.0,5.0,19.0,1.0,0.54000000000000004,0.51519999999999999,0.37,0.35820000000000002,1.0,0.0,2.0,1.0,553.0
1.0,5.0,20.0,1.0,0.52000000000000002,0.5,0.40000000000000002,0.32840000000000003,1.0,0.0,2.0,1.0,374.0
1.0,5.0,21.0,1.0,0.5,0.48479999999999995,0.41999999999999998,0.19399999999999998,1.0,0.0,2.0,1.0,230.0
1.0,5.0,22.0,1.0,0.5,0.48479999999999995,0.41999999999999998,0.1045,1.0,0.0,2.0,1.0,232.0
1.0,5.0,23.0,1.0,0.47999999999999998,0.46970000000000001,0.47999999999999998,0.1045,1.0,0.0,2.0,1.0,135.0
1.0,5.0,0.0,1.0,0.45999999999999996,0.45450000000000002,0.55000000000000004,0.1045,1.0,0.0,3.0,1.0,64.0
1.0,5.0,1.0,1.0,0.45999999999999996,0.45450000000000002,0.51000000000000001,0.1343,1.0,0.0,3.0,1.0,46.0
1.0,5.0,2.0,1.0,0.45999999999999996,0.45450000000000002,0.44,0.16420000000000001,1.0,0.0,3.0,1.0,31.0
1.0,5.0,3.0,1.0,0.45999999999999996,0.45450000000000002,0.40999999999999998,0.28360000000000002,1.0,0.0,3.0,1.0,13.0
1.0,5.0,4.0,1.0,0.41999999999999998,0.42420000000000002,0.5,0.19399999999999998,1.0,0.0,3.0,1.0,9.0
1.0,5.0,5.0,1.0,0.41999999999999998,0.42420000000000002,0.46999999999999997,0.16420000000000001,1.0,0.0,3.0,1.0,26.0
1.0,5.0,6.0,1.0,0.41999999999999998,0.42420000000000002,0.5,0.25370000000000004,1.0,0.0,3.0,1.0,135.0
1.0,5.0,7.0,1.0,0.41999999999999998,0.42420000000000002,0.5,0.25370000000000004,1.0,0.0,3.0,1.0,351.0
1.0,5.0,8.0,1.0,0.45999999999999996,0.45450000000000002,0.44,0.25370000000000004,1.0,0.0,3.0,1.0,620.0
1.0,5.0,9.0,1.0,0.47999999999999998,0.46970000000000001,0.40999999999999998,0.29850000000000004,1.0,0.0,3.0,1.0,322.0
1.0,5.0,10.0,1.0,0.52000000000000002,0.5,0.35999999999999999,0.32840000000000003,1.0,0.0,3.0,1.0,210.0
1.0,5.0,11.0,1.0,0.56000000000000005,0.53029999999999999,0.34999999999999998,0.25370000000000004,1.0,0.0,3.0,1.0,291.0
1.0,5.0,12.0,1.0,0.56000000000000005,0.53029999999999999,0.28000000000000003,0.41790000000000005,1.0,0.0,3.0,1.0,348.0
1.0,5.0,13.0,1.0,0.60000000000000009,0.60609999999999997,0.26000000000000001,0.3881,1.0,0.0,3.0,1.0,363.0
1.0,5.0,14.0,1.0,0.62,0.60609999999999997,0.23000000000000001,0.22390000000000002,1.0,0.0,3.0,1.0,334.0
1.0,5.0,15.0,1.0,0.62,0.60609999999999997,0.25,0.19399999999999998,1.0,0.0,3.0,1.0,439.0
1.0,5.0,16.0,1.0,0.62,0.60609999999999997,0.25,0.32840000000000003,1.0,0.0,3.0,1.0,525.0
1.0,5.0,17.0,1.0,0.64000000000000001,0.60609999999999997,0.23000000000000001,0.25370000000000004,1.0,0.0,3.0,1.0,779.0
1.0,5.0,18.0,1.0,0.64000000000000001,0.60609999999999997,0.23000000000000001,0.28360000000000002,1.0,0.0,3.0,1.0,596.0
1.0,5.0,19.0,1.0,0.64000000000000001,0.60609999999999997,0.23000000000000001,0.25370000000000004,1.0,0.0,3.0,1.0,503.0
1.0,5.0,20.0,1.0,0.62,0.60609999999999997,0.25,0.1343,1.0,0.0,3.0,1.0,341.0
1.0,5.0,21.0,1.0,0.60000000000000009,0.60609999999999997,0.28000000000000003,0.1045,1.0,0.0,3.0,1.0,270.0
1.0,5.0,22.0,1.0,0.56000000000000005,0.53029999999999999,0.34999999999999998,0.22390000000000002,1.0,0.0,3.0,1.0,234.0
1.0,5.0,23.0,1.0,0.54000000000000004,0.51519999999999999,0.37,0.19399999999999998,1.0,0.0,3.0,1.0,180.0
1.0,5.0,0.0,1.0,0.52000000000000002,0.5,0.41999999999999998,0.16420000000000001,1.0,0.0,4.0,1.0,136.0
1.0,5.0,1.0,1.0,0.5,0.48479999999999995,0.47999999999999998,0.0,1.0,0.0,4.0,1.0,93.0
1.0,5.0,2.0,1.0,0.45999999999999996,0.45450000000000002,0.58999999999999997,0.1343,1.0,0.0,4.0,1.0,56.0
1.0,5.0,3.0,1.0,0.47999999999999998,0.46970000000000001,0.58999999999999997,0.0,1.0,0.0,4.0,1.0,34.0
1.0,5.0,4.0,1.0,0.44,0.43939999999999996,0.67000000000000004,0.1045,1.0,0.0,4.0,1.0,9.0
1.0,5.0,5.0,1.0,0.41999999999999998,0.42420000000000002,0.67000000000000004,0.1343,1.0,0.0,4.0,1.0,13.0
1.0,5.0,6.0,1.0,0.41999999999999998,0.42420000000000002,0.67000000000000004,0.089599999999999999,1.0,0.0,4.0,1.0,33.0
1.0,5.0,7.0,1.0,0.41999999999999998,0.42420000000000002,0.70999999999999996,0.1343,1.0,0.0,4.0,1.0,67.0
1.0,5.0,8.0,1.0,0.52000000000000002,0.5,0.47999999999999998,0.0,1.0,0.0,4.0,1.0,178.0
1.0,5.0,9.0,1.0,0.54000000000000004,0.51519999999999999,0.48999999999999999,0.0,1.0,0.0,4.0,1.0,335.0
1.0,5.0,10.0,1.0,0.56000000000000005,0.53029999999999999,0.48999999999999999,0.089599999999999999,1.0,0.0,4.0,1.0,411.0
1.0,5.0,11.0,1.0,0.62,0.62119999999999997,0.40999999999999998,0.089599999999999999,1.0,0.0,4.0,1.0,522.0
1.0,5.0,12.0,1.0,0.64000000000000001,0.62119999999999997,0.35999999999999999,0.16420000000000001,1.0,0.0,4.0,1.0,559.0
1.0,5.0,13.0,1.0,0.64000000000000001,0.62119999999999997,0.35999999999999999,0.19399999999999998,1.0,0.0,4.0,1.0,659.0
1.0,5.0,14.0,1.0,0.65999999999999992,0.62119999999999997,0.35999999999999999,0.19399999999999998,1.0,0.0,4.0,1.0,615.0
1.0,5.0,15.0,1.0,0.67999999999999994,0.62119999999999997,0.23999999999999999,0.19399999999999998,1.0,0.0,4.0,1.0,590.0
1.0,5.0,16.0,2.0,0.69999999999999996,0.63639999999999997,0.20999999999999999,0.19399999999999998,1.0,0.0,4.0,1.0,591.0
1.0,5.0,17.0,2.0,0.65999999999999992,0.62119999999999997,0.35999999999999999,0.19399999999999998,1.0,0.0,4.0,1.0,576.0
1.0,5.0,18.0,2.0,0.65999999999999992,0.62119999999999997,0.31,0.19399999999999998,1.0,0.0,4.0,1.0,546.0
1.0,5.0,19.0,2.0,0.64000000000000001,0.62119999999999997,0.35999999999999999,0.16420000000000001,1.0,0.0,4.0,1.0,439.0
1.0,5.0,20.0,1.0,0.62,0.62119999999999997,0.46000000000000002,0.16420000000000001,1.0,0.0,4.0,1.0,287.0
1.0,5.0,21.0,2.0,0.60000000000000009,0.60609999999999997,0.59999999999999998,0.1343,1.0,0.0,4.0,1.0,230.0
1.0,5.0,22.0,1.0,0.56000000000000005,0.53029999999999999,0.68000000000000005,0.1343,1.0,0.0,4.0,1.0,274.0
1.0,5.0,23.0,1.0,0.58000000000000007,0.54549999999999998,0.56000000000000005,0.089599999999999999,1.0,0.0,4.0,1.0,176.0
1.0,5.0,0.0,1.0,0.56000000000000005,0.53029999999999999,0.64000000000000001,0.16420000000000001,1.0,0.0,5.0,1.0,98.0
1.0,5.0,1.0,2.0,0.54000000000000004,0.51519999999999999,0.68000000000000005,0.1343,1.0,0.0,5.0,1.0,94.0
1.0,5.0,2.0,2.0,0.54000000000000004,0.51519999999999999,0.68000000000000005,0.16420000000000001,1.0,0.0,5.0,1.0,82.0
1.0,5.0,3.0,2.0,0.54000000000000004,0.51519999999999999,0.64000000000000001,0.1343,1.0,0.0,5.0,1.0,28.0
1.0,5.0,4.0,2.0,0.54000000000000004,0.51519999999999999,0.68000000000000005,0.19399999999999998,1.0,0.0,5.0,1.0,9.0
1.0,5.0,5.0,1.0,0.52000000000000002,0.5,0.71999999999999997,0.19399999999999998,1.0,0.0,5.0,1.0,12.0
1.0,5.0,6.0,1.0,0.52000000000000002,0.5,0.68000000000000005,0.16420000000000001,1.0,0.0,5.0,1.0,21.0
1.0,5.0,7.0,1.0,0.52000000000000002,0.5,0.68000000000000005,0.16420000000000001,1.0,0.0,5.0,1.0,60.0
1.0,5.0,8.0,1.0,0.56000000000000005,0.53029999999999999,0.64000000000000001,0.16420000000000001,1.0,0.0,5.0,1.0,156.0
1.0,5.0,9.0,1.0,0.60000000000000009,0.62119999999999997,0.56000000000000005,0.1343,1.0,0.0,5.0,1.0,222.0
1.0,5.0,10.0,1.0,0.60000000000000009,0.60609999999999997,0.59999999999999998,0.25370000000000004,1.0,0.0,5.0,1.0,350.0
1.0,5.0,11.0,1.0,0.62,0.62119999999999997,0.56999999999999995,0.25370000000000004,1.0,0.0,5.0,1.0,428.0
1.0,5.0,12.0,1.0,0.64000000000000001,0.62119999999999997,0.56999999999999995,0.22390000000000002,1.0,0.0,5.0,1.0,531.0
1.0,5.0,13.0,1.0,0.67999999999999994,0.63639999999999997,0.54000000000000004,0.25370000000000004,1.0,0.0,5.0,1.0,602.0
1.0,5.0,14.0,1.0,0.69999999999999996,0.65150000000000008,0.47999999999999998,0.1343,1.0,0.0,5.0,1.0,552.0
1.0,5.0,15.0,1.0,0.71999999999999997,0.65150000000000008,0.45000000000000001,0.35820000000000002,1.0,0.0,5.0,1.0,499.0
1.0,5.0,16.0,1.0,0.71999999999999997,0.65150000000000008,0.41999999999999998,0.25370000000000004,1.0,0.0,5.0,1.0,564.0
1.0,5.0,17.0,1.0,0.69999999999999996,0.63639999999999997,0.45000000000000001,0.41790000000000005,1.0,0.0,5.0,1.0,478.0
1.0,5.0,18.0,2.0,0.67999999999999994,0.63639999999999997,0.44,0.35820000000000002,1.0,0.0,5.0,1.0,389.0
1.0,5.0,19.0,2.0,0.65999999999999992,0.62119999999999997,0.5,0.41790000000000005,1.0,0.0,5.0,1.0,339.0
1.0,5.0,20.0,2.0,0.65999999999999992,0.62119999999999997,0.5,0.28360000000000002,1.0,0.0,5.0,1.0,230.0
1.0,5.0,21.0,2.0,0.64000000000000001,0.62119999999999997,0.53000000000000003,0.19399999999999998,1.0,0.0,5.0,1.0,169.0
1.0,5.0,22.0,2.0,0.62,0.60609999999999997,0.60999999999999999,0.16420000000000001,1.0,0.0,5.0,1.0,131.0
1.0,5.0,23.0,2.0,0.62,0.62119999999999997,0.56999999999999995,0.22390000000000002,1.0,0.0,5.0,1.0,74.0
1.0,5.0,0.0,2.0,0.60000000000000009,0.62119999999999997,0.56000000000000005,0.25370000000000004,1.0,0.0,6.0,0.0,35.0
1.0,5.0,1.0,2.0,0.60000000000000009,0.60609999999999997,0.59999999999999998,0.28360000000000002,1.0,0.0,6.0,0.0,11.0
1.0,5.0,2.0,1.0,0.60000000000000009,0.60609999999999997,0.59999999999999998,0.29850000000000004,1.0,0.0,6.0,0.0,2.0
1.0,5.0,3.0,2.0,0.58000000000000007,0.54549999999999998,0.68000000000000005,0.32840000000000003,1.0,0.0,6.0,0.0,2.0
1.0,5.0,4.0,2.0,0.54000000000000004,0.51519999999999999,0.77000000000000002,0.22390000000000002,1.0,0.0,6.0,0.0,6.0
1.0,5.0,5.0,2.0,0.54000000000000004,0.51519999999999999,0.77000000000000002,0.16420000000000001,1.0,0.0,6.0,0.0,26.0
1.0,5.0,6.0,3.0,0.52000000000000002,0.5,0.93999999999999995,0.29850000000000004,1.0,0.0,6.0,0.0,65.0
1.0,5.0,7.0,3.0,0.52000000000000002,0.5,0.93999999999999995,0.19399999999999998,1.0,0.0,6.0,0.0,75.0
1.0,5.0,8.0,3.0,0.54000000000000004,0.51519999999999999,0.88,0.22390000000000002,1.0,0.0,6.0,0.0,156.0
1.0,5.0,9.0,3.0,0.54000000000000004,0.51519999999999999,0.88,0.28360000000000002,1.0,0.0,6.0,0.0,110.0
1.0,5.0,10.0,3.0,0.54000000000000004,0.51519999999999999,0.88,0.25370000000000004,1.0,0.0,6.0,0.0,59.0
1.0,5.0,11.0,2.0,0.56000000000000005,0.53029999999999999,0.82999999999999996,0.22390000000000002,1.0,0.0,6.0,0.0,79.0
1.0,5.0,12.0,2.0,0.56000000000000005,0.53029999999999999,0.88,0.28360000000000002,1.0,0.0,6.0,0.0,185.0
1.0,5.0,13.0,2.0,0.62,0.59089999999999998,0.72999999999999998,0.22390000000000002,1.0,0.0,6.0,0.0,176.0
1.0,5.0,14.0,2.0,0.62,0.59089999999999998,0.72999999999999998,0.25370000000000004,1.0,0.0,6.0,0.0,171.0
1.0,5.0,15.0,2.0,0.62,0.59089999999999998,0.72999999999999998,0.16420000000000001,1.0,0.0,6.0,0.0,196.0
1.0,5.0,16.0,3.0,0.62,0.60609999999999997,0.68999999999999995,0.28360000000000002,1.0,0.0,6.0,0.0,111.0
1.0,5.0,17.0,3.0,0.56000000000000005,0.53029999999999999,0.88,0.25370000000000004,1.0,0.0,6.0,0.0,229.0
1.0,5.0,18.0,2.0,0.58000000000000007,0.54549999999999998,0.82999999999999996,0.0,1.0,0.0,6.0,0.0,300.0
1.0,5.0,19.0,3.0,0.58000000000000007,0.54549999999999998,0.88,0.1343,1.0,0.0,6.0,0.0,304.0
1.0,5.0,20.0,2.0,0.58000000000000007,0.54549999999999998,0.88,0.19399999999999998,1.0,0.0,6.0,0.0,189.0
1.0,5.0,21.0,2.0,0.58000000000000007,0.54549999999999998,0.82999999999999996,0.089599999999999999,1.0,0.0,6.0,0.0,152.0
1.0,5.0,22.0,2.0,0.58000000000000007,0.54549999999999998,0.78000000000000003,0.089599999999999999,1.0,0.0,6.0,0.0,129.0
1.0,5.0,23.0,2.0,0.58000000000000007,0.54549999999999998,0.78000000000000003,0.1045,1.0,0.0,6.0,0.0,75.0
1.0,5.0,0.0,2.0,0.56000000000000005,0.53029999999999999,0.88,0.1343,1.0,0.0,7.0,0.0,32.0
1.0,5.0,1.0,3.0,0.56000000000000005,0.53029999999999999,0.88,0.1343,1.0,0.0,7.0,0.0,19.0
1.0,5.0,2.0,2.0,0.56000000000000005,0.53029999999999999,0.88,0.1343,1.0,0.0,7.0,0.0,4.0
1.0,5.0,3.0,3.0,0.58000000000000007,0.54549999999999998,0.82999999999999996,0.1343,1.0,0.0,7.0,0.0,6.0
1.0,5.0,4.0,3.0,0.56000000000000005,0.53029999999999999,0.93999999999999995,0.0,1.0,0.0,7.0,0.0,5.0
1.0,5.0,5.0,3.0,0.56000000000000005,0.53029999999999999,0.93999999999999995,0.22390000000000002,1.0,0.0,7.0,0.0,8.0
1.0,5.0,6.0,3.0,0.56000000000000005,0.53029999999999999,0.93999999999999995,0.22390000000000002,1.0,0.0,7.0,0.0,24.0
1.0,5.0,7.0,3.0,0.56000000000000005,0.53029999999999999,0.93999999999999995,0.1343,1.0,0.0,7.0,0.0,92.0
1.0,5.0,8.0,2.0,0.58000000000000007,0.54549999999999998,0.88,0.089599999999999999,1.0,0.0,7.0,0.0,409.0
1.0,5.0,9.0,2.0,0.58000000000000007,0.54549999999999998,0.88,0.089599999999999999,1.0,0.0,7.0,0.0,355.0
1.0,5.0,10.0,1.0,0.62,0.59089999999999998,0.78000000000000003,0.1045,1.0,0.0,7.0,0.0,171.0
1.0,5.0,11.0,1.0,0.64000000000000001,0.59089999999999998,0.78000000000000003,0.19399999999999998,1.0,0.0,7.0,0.0,224.0
1.0,5.0,12.0,1.0,0.64000000000000001,0.60609999999999997,0.72999999999999998,0.19399999999999998,1.0,0.0,7.0,0.0,264.0
1.0,5.0,13.0,3.0,0.64000000000000001,0.60609999999999997,0.72999999999999998,0.19399999999999998,1.0,0.0,7.0,0.0,239.0
1.0,5.0,14.0,2.0,0.64000000000000001,0.60609999999999997,0.72999999999999998,0.19399999999999998,1.0,0.0,7.0,0.0,184.0
1.0,5.0,15.0,2.0,0.69999999999999996,0.65150000000000008,0.60999999999999999,0.089599999999999999,1.0,0.0,7.0,0.0,256.0
1.0,5.0,16.0,1.0,0.67999999999999994,0.63639999999999997,0.65000000000000002,0.16420000000000001,1.0,0.0,7.0,0.0,374.0
1.0,5.0,17.0,1.0,0.67999999999999994,0.63639999999999997,0.65000000000000002,0.1045,1.0,0.0,7.0,0.0,678.0
1.0,5.0,18.0,1.0,0.69999999999999996,0.65150000000000008,0.60999999999999999,0.089599999999999999,1.0,0.0,7.0,0.0,733.0
1.0,5.0,19.0,1.0,0.65999999999999992,0.62119999999999997,0.68999999999999995,0.16420000000000001,1.0,0.0,7.0,0.0,512.0
1.0,5.0,20.0,3.0,0.64000000000000001,0.60609999999999997,0.72999999999999998,0.1343,1.0,0.0,7.0,0.0,263.0
1.0,5.0,21.0,3.0,0.64000000000000001,0.60609999999999997,0.72999999999999998,0.28360000000000002,1.0,0.0,7.0,0.0,109.0
1.0,5.0,22.0,1.0,0.58000000000000007,0.54549999999999998,0.78000000000000003,0.22390000000000002,1.0,0.0,7.0,0.0,83.0
1.0,5.0,23.0,3.0,0.56000000000000005,0.53029999999999999,0.88,0.1045,1.0,0.0,7.0,0.0,71.0
1.0,5.0,0.0,2.0,0.58000000000000007,0.54549999999999998,0.88,0.0,1.0,0.0,1.0,1.0,39.0
1.0,5.0,1.0,2.0,0.58000000000000007,0.54549999999999998,0.88,0.1343,1.0,0.0,1.0,1.0,21.0
1.0,5.0,2.0,1.0,0.56000000000000005,0.53029999999999999,0.93999999999999995,0.19399999999999998,1.0,0.0,1.0,1.0,19.0
1.0,5.0,3.0,1.0,0.56000000000000005,0.53029999999999999,0.88,0.1045,1.0,0.0,1.0,1.0,6.0
1.0,5.0,4.0,1.0,0.54000000000000004,0.51519999999999999,0.93999999999999995,0.1343,1.0,0.0,1.0,1.0,4.0
1.0,5.0,5.0,1.0,0.54000000000000004,0.51519999999999999,0.93999999999999995,0.1045,1.0,0.0,1.0,1.0,38.0
1.0,5.0,6.0,1.0,0.54000000000000004,0.51519999999999999,0.93999999999999995,0.089599999999999999,1.0,0.0,1.0,1.0,158.0
1.0,5.0,7.0,1.0,0.56000000000000005,0.53029999999999999,0.82999999999999996,0.0,1.0,0.0,1.0,1.0,440.0
1.0,5.0,8.0,1.0,0.58000000000000007,0.54549999999999998,0.82999999999999996,0.0,1.0,0.0,1.0,1.0,650.0
1.0,5.0,9.0,2.0,0.60000000000000009,0.57579999999999998,0.78000000000000003,0.1343,1.0,0.0,1.0,1.0,347.0
1.0,5.0,10.0,1.0,0.65999999999999992,0.62119999999999997,0.60999999999999999,0.0,1.0,0.0,1.0,1.0,192.0
1.0,5.0,11.0,1.0,0.69999999999999996,0.65150000000000008,0.54000000000000004,0.1343,1.0,0.0,1.0,1.0,267.0
1.0,5.0,12.0,1.0,0.69999999999999996,0.65150000000000008,0.54000000000000004,0.19399999999999998,1.0,0.0,1.0,1.0,330.0
1.0,5.0,13.0,1.0,0.71999999999999997,0.65150000000000008,0.41999999999999998,0.0,1.0,0.0,1.0,1.0,350.0
1.0,5.0,14.0,1.0,0.71999999999999997,0.65150000000000008,0.41999999999999998,0.089599999999999999,1.0,0.0,1.0,1.0,263.0
1.0,5.0,15.0,2.0,0.71999999999999997,0.66670000000000007,0.47999999999999998,0.1045,1.0,0.0,1.0,1.0,274.0
1.0,5.0,16.0,1.0,0.71999999999999997,0.65150000000000008,0.45000000000000001,0.1045,1.0,0.0,1.0,1.0,446.0
1.0,5.0,17.0,1.0,0.71999999999999997,0.66670000000000007,0.51000000000000001,0.19399999999999998,1.0,0.0,1.0,1.0,873.0
1.0,5.0,18.0,1.0,0.71999999999999997,0.66670000000000007,0.51000000000000001,0.22390000000000002,1.0,0.0,1.0,1.0,846.0
1.0,5.0,19.0,1.0,0.69999999999999996,0.65150000000000008,0.54000000000000004,0.28360000000000002,1.0,0.0,1.0,1.0,590.0
1.0,5.0,20.0,1.0,0.65999999999999992,0.62119999999999997,0.65000000000000002,0.25370000000000004,1.0,0.0,1.0,1.0,459.0
1.0,5.0,21.0,1.0,0.64000000000000001,0.60609999999999997,0.72999999999999998,0.19399999999999998,1.0,0.0,1.0,1.0,393.0
1.0,5.0,22.0,1.0,0.64000000000000001,0.60609999999999997,0.72999999999999998,0.16420000000000001,1.0,0.0,1.0,1.0,286.0
1.0,5.0,23.0,1.0,0.62,0.59089999999999998,0.78000000000000003,0.1045,1.0,0.0,1.0,1.0,133.0
1.0,5.0,0.0,1.0,0.60000000000000009,0.57579999999999998,0.78000000000000003,0.1343,1.0,0.0,2.0,1.0,79.0
1.0,5.0,1.0,1.0,0.60000000000000009,0.56059999999999999,0.82999999999999996,0.16420000000000001,1.0,0.0,2.0,1.0,28.0
1.0,5.0,2.0,1.0,0.60000000000000009,0.57579999999999998,0.78000000000000003,0.16420000000000001,1.0,0.0,2.0,1.0,16.0
1.0,5.0,3.0,1.0,0.60000000000000009,0.59089999999999998,0.72999999999999998,0.25370000000000004,1.0,0.0,2.0,1.0,3.0
1.0,5.0,4.0,1.0,0.60000000000000009,0.60609999999999997,0.64000000000000001,0.32840000000000003,1.0,0.0,2.0,1.0,16.0
1.0,5.0,5.0,1.0,0.56000000000000005,0.53029999999999999,0.68000000000000005,0.32840000000000003,1.0,0.0,2.0,1.0,35.0
1.0,5.0,6.0,1.0,0.54000000000000004,0.51519999999999999,0.72999999999999998,0.35820000000000002,1.0,0.0,2.0,1.0,159.0
1.0,5.0,7.0,1.0,0.54000000000000004,0.51519999999999999,0.72999999999999998,0.3881,1.0,0.0,2.0,1.0,474.0
1.0,5.0,8.0,1.0,0.52000000000000002,0.5,0.55000000000000004,0.44780000000000003,1.0,0.0,2.0,1.0,634.0
1.0,5.0,9.0,1.0,0.54000000000000004,0.51519999999999999,0.52000000000000002,0.41790000000000005,1.0,0.0,2.0,1.0,346.0
1.0,5.0,10.0,1.0,0.56000000000000005,0.53029999999999999,0.52000000000000002,0.25370000000000004,1.0,0.0,2.0,1.0,205.0
1.0,5.0,11.0,1.0,0.58000000000000007,0.54549999999999998,0.48999999999999999,0.22390000000000002,1.0,0.0,2.0,1.0,279.0
1.0,5.0,12.0,1.0,0.60000000000000009,0.62119999999999997,0.42999999999999999,0.19399999999999998,1.0,0.0,2.0,1.0,348.0
1.0,5.0,13.0,1.0,0.62,0.62119999999999997,0.40999999999999998,0.19399999999999998,1.0,0.0,2.0,1.0,327.0
1.0,5.0,14.0,1.0,0.64000000000000001,0.62119999999999997,0.38,0.19399999999999998,1.0,0.0,2.0,1.0,270.0
1.0,5.0,15.0,1.0,0.64000000000000001,0.62119999999999997,0.35999999999999999,0.25370000000000004,1.0,0.0,2.0,1.0,316.0
1.0,5.0,16.0,1.0,0.65999999999999992,0.62119999999999997,0.31,0.19399999999999998,1.0,0.0,2.0,1.0,430.0
1.0,5.0,17.0,1.0,0.65999999999999992,0.62119999999999997,0.31,0.1343,1.0,0.0,2.0,1.0,852.0
1.0,5.0,18.0,1.0,0.65999999999999992,0.62119999999999997,0.27000000000000002,0.16420000000000001,1.0,0.0,2.0,1.0,868.0
1.0,5.0,19.0,1.0,0.64000000000000001,0.62119999999999997,0.31,0.19399999999999998,1.0,0.0,2.0,1.0,537.0
1.0,5.0,20.0,1.0,0.60000000000000009,0.62119999999999997,0.40000000000000002,0.19399999999999998,1.0,0.0,2.0,1.0,446.0
1.0,5.0,21.0,1.0,0.58000000000000007,0.54549999999999998,0.40000000000000002,0.1045,1.0,0.0,2.0,1.0,299.0
1.0,5.0,22.0,1.0,0.56000000000000005,0.53029999999999999,0.42999999999999999,0.089599999999999999,1.0,0.0,2.0,1.0,251.0
1.0,5.0,23.0,1.0,0.54000000000000004,0.51519999999999999,0.48999999999999999,0.1343,1.0,0.0,2.0,1.0,166.0
1.0,5.0,0.0,1.0,0.52000000000000002,0.5,0.58999999999999997,0.1045,1.0,0.0,3.0,1.0,70.0
1.0,5.0,1.0,1.0,0.5,0.48479999999999995,0.58999999999999997,0.089599999999999999,1.0,0.0,3.0,1.0,49.0
1.0,5.0,2.0,1.0,0.47999999999999998,0.46970000000000001,0.67000000000000004,0.1343,1.0,0.0,3.0,1.0,21.0
1.0,5.0,3.0,1.0,0.45999999999999996,0.45450000000000002,0.71999999999999997,0.089599999999999999,1.0,0.0,3.0,1.0,14.0
1.0,5.0,4.0,1.0,0.45999999999999996,0.45450000000000002,0.77000000000000002,0.16420000000000001,1.0,0.0,3.0,1.0,11.0
1.0,5.0,5.0,1.0,0.45999999999999996,0.45450000000000002,0.77000000000000002,0.1045,1.0,0.0,3.0,1.0,34.0
1.0,5.0,6.0,1.0,0.44,0.43939999999999996,0.77000000000000002,0.1343,1.0,0.0,3.0,1.0,182.0
1.0,5.0,7.0,1.0,0.45999999999999996,0.45450000000000002,0.81999999999999995,0.1045,1.0,0.0,3.0,1.0,515.0
1.0,5.0,8.0,1.0,0.52000000000000002,0.5,0.58999999999999997,0.1343,1.0,0.0,3.0,1.0,745.0
1.0,5.0,9.0,1.0,0.56000000000000005,0.53029999999999999,0.56000000000000005,0.1045,1.0,0.0,3.0,1.0,361.0
1.0,5.0,10.0,1.0,0.60000000000000009,0.62119999999999997,0.46000000000000002,0.1343,1.0,0.0,3.0,1.0,255.0
1.0,5.0,11.0,1.0,0.62,0.62119999999999997,0.42999999999999999,0.0,1.0,0.0,3.0,1.0,334.0
1.0,5.0,12.0,1.0,0.62,0.62119999999999997,0.40999999999999998,0.19399999999999998,1.0,0.0,3.0,1.0,360.0
1.0,5.0,13.0,1.0,0.64000000000000001,0.62119999999999997,0.35999999999999999,0.16420000000000001,1.0,0.0,3.0,1.0,395.0
1.0,5.0,14.0,1.0,0.65999999999999992,0.62119999999999997,0.34000000000000002,0.1343,1.0,0.0,3.0,1.0,350.0
1.0,5.0,15.0,1.0,0.65999999999999992,0.62119999999999997,0.35999999999999999,0.19399999999999998,1.0,0.0,3.0,1.0,391.0
1.0,5.0,16.0,1.0,0.65999999999999992,0.62119999999999997,0.34000000000000002,0.25370000000000004,1.0,0.0,3.0,1.0,568.0
1.0,5.0,17.0,1.0,0.65999999999999992,0.62119999999999997,0.34000000000000002,0.1343,1.0,0.0,3.0,1.0,812.0
1.0,5.0,18.0,1.0,0.64000000000000001,0.62119999999999997,0.38,0.22390000000000002,1.0,0.0,3.0,1.0,669.0
1.0,5.0,19.0,1.0,0.62,0.62119999999999997,0.40999999999999998,0.19399999999999998,1.0,0.0,3.0,1.0,483.0
1.0,5.0,20.0,1.0,0.62,0.62119999999999997,0.40999999999999998,0.16420000000000001,1.0,0.0,3.0,1.0,337.0
1.0,5.0,21.0,1.0,0.60000000000000009,0.62119999999999997,0.40000000000000002,0.0,1.0,0.0,3.0,1.0,258.0
1.0,5.0,22.0,1.0,0.56000000000000005,0.53029999999999999,0.52000000000000002,0.32840000000000003,1.0,0.0,3.0,1.0,251.0
1.0,5.0,23.0,1.0,0.52000000000000002,0.5,0.55000000000000004,0.0,1.0,0.0,3.0,1.0,174.0
1.0,5.0,0.0,1.0,0.52000000000000002,0.5,0.47999999999999998,0.1045,1.0,0.0,4.0,1.0,148.0
1.0,5.0,1.0,1.0,0.5,0.48479999999999995,0.47999999999999998,0.0,1.0,0.0,4.0,1.0,104.0
1.0,5.0,2.0,1.0,0.5,0.48479999999999995,0.51000000000000001,0.1045,1.0,0.0,4.0,1.0,69.0
1.0,5.0,3.0,1.0,0.5,0.48479999999999995,0.47999999999999998,0.1045,1.0,0.0,4.0,1.0,33.0
1.0,5.0,4.0,1.0,0.47999999999999998,0.46970000000000001,0.58999999999999997,0.089599999999999999,1.0,0.0,4.0,1.0,14.0
1.0,5.0,5.0,1.0,0.45999999999999996,0.52019096509240137,0.67000000000000004,0.0,1.0,0.0,4.0,1.0,12.0
1.0,5.0,6.0,1.0,0.44,0.43939999999999996,0.71999999999999997,0.089599999999999999,1.0,0.0,4.0,1.0,50.0
1.0,5.0,7.0,1.0,0.45999999999999996,0.45450000000000002,0.67000000000000004,0.1045,1.0,0.0,4.0,1.0,95.0
1.0,5.0,8.0,1.0,0.52000000000000002,0.5,0.52000000000000002,0.16420000000000001,1.0,0.0,4.0,1.0,195.0
1.0,5.0,9.0,1.0,0.56000000000000005,0.53029999999999999,0.42999999999999999,0.16420000000000001,1.0,0.0,4.0,1.0,292.0
1.0,5.0,10.0,1.0,0.56000000000000005,0.53029999999999999,0.42999999999999999,0.0,1.0,0.0,4.0,1.0,452.0
1.0,5.0,11.0,1.0,0.62,0.62119999999999997,0.38,0.089599999999999999,1.0,0.0,4.0,1.0,586.0
1.0,5.0,12.0,1.0,0.65999999999999992,0.62119999999999997,0.35999999999999999,0.0,1.0,0.0,4.0,1.0,642.0
1.0,5.0,13.0,1.0,0.69999999999999996,0.63639999999999997,0.37,0.1343,1.0,0.0,4.0,1.0,704.0
1.0,5.0,14.0,1.0,0.71999999999999997,0.65150000000000008,0.29999999999999999,0.089599999999999999,1.0,0.0,4.0,1.0,730.0
1.0,5.0,15.0,1.0,0.71999999999999997,0.65150000000000008,0.29999999999999999,0.1045,1.0,0.0,4.0,1.0,672.0
1.0,5.0,16.0,1.0,0.73999999999999999,0.65150000000000008,0.29999999999999999,0.1045,1.0,0.0,4.0,1.0,642.0
1.0,5.0,17.0,1.0,0.73999999999999999,0.65150000000000008,0.29999999999999999,0.089599999999999999,1.0,0.0,4.0,1.0,626.0
1.0,5.0,18.0,1.0,0.73999999999999999,0.65150000000000008,0.33000000000000002,0.089599999999999999,1.0,0.0,4.0,1.0,645.0
1.0,5.0,19.0,1.0,0.69999999999999996,0.63639999999999997,0.39000000000000001,0.1343,1.0,0.0,4.0,1.0,432.0
1.0,5.0,20.0,1.0,0.67999999999999994,0.63639999999999997,0.40999999999999998,0.089599999999999999,1.0,0.0,4.0,1.0,315.0
1.0,5.0,21.0,1.0,0.64000000000000001,0.62119999999999997,0.5,0.0,1.0,0.0,4.0,1.0,259.0
1.0,5.0,22.0,1.0,0.64000000000000001,0.62119999999999997,0.46999999999999997,0.0,1.0,0.0,4.0,1.0,338.0
1.0,5.0,23.0,1.0,0.60000000000000009,0.62119999999999997,0.56000000000000005,0.16420000000000001,1.0,0.0,4.0,1.0,239.0
1.0,5.0,0.0,1.0,0.58000000000000007,0.54549999999999998,0.53000000000000003,0.1045,1.0,0.0,5.0,1.0,170.0
1.0,5.0,1.0,1.0,0.56000000000000005,0.53029999999999999,0.52000000000000002,0.0,1.0,0.0,5.0,1.0,130.0
1.0,5.0,2.0,1.0,0.56000000000000005,0.53029999999999999,0.52000000000000002,0.0,1.0,0.0,5.0,1.0,98.0
1.0,5.0,3.0,1.0,0.54000000000000004,0.51519999999999999,0.56000000000000005,0.089599999999999999,1.0,0.0,5.0,1.0,66.0
1.0,5.0,4.0,1.0,0.52000000000000002,0.5,0.68000000000000005,0.089599999999999999,1.0,0.0,5.0,1.0,16.0
1.0,5.0,5.0,1.0,0.5,0.48479999999999995,0.71999999999999997,0.1045,1.0,0.0,5.0,1.0,8.0
1.0,5.0,6.0,1.0,0.5,0.48479999999999995,0.63,0.1343,1.0,0.0,5.0,1.0,25.0
1.0,5.0,7.0,1.0,0.52000000000000002,0.5,0.68000000000000005,0.19399999999999998,1.0,0.0,5.0,1.0,90.0
1.0,5.0,8.0,1.0,0.56000000000000005,0.53029999999999999,0.56000000000000005,0.16420000000000001,1.0,0.0,5.0,1.0,171.0
1.0,5.0,9.0,1.0,0.62,0.62119999999999997,0.32000000000000001,0.25370000000000004,1.0,0.0,5.0,1.0,313.0
1.0,5.0,10.0,1.0,0.65999999999999992,0.62119999999999997,0.34000000000000002,0.29850000000000004,1.0,0.0,5.0,1.0,432.0
1.0,5.0,11.0,1.0,0.65999999999999992,0.62119999999999997,0.35999999999999999,0.32840000000000003,1.0,0.0,5.0,1.0,581.0
1.0,5.0,12.0,1.0,0.67999999999999994,0.63639999999999997,0.35999999999999999,0.32840000000000003,1.0,0.0,5.0,1.0,637.0
1.0,5.0,13.0,1.0,0.69999999999999996,0.63639999999999997,0.37,0.28360000000000002,1.0,0.0,5.0,1.0,607.0
1.0,5.0,14.0,1.0,0.71999999999999997,0.65150000000000008,0.39000000000000001,0.3881,1.0,0.0,5.0,1.0,543.0
1.0,5.0,15.0,2.0,0.69999999999999996,0.63639999999999997,0.39000000000000001,0.41790000000000005,1.0,0.0,5.0,1.0,502.0
1.0,5.0,16.0,1.0,0.71999999999999997,0.65150000000000008,0.41999999999999998,0.35820000000000002,1.0,0.0,5.0,1.0,577.0
1.0,5.0,17.0,1.0,0.71999999999999997,0.65150000000000008,0.45000000000000001,0.32840000000000003,1.0,0.0,5.0,1.0,549.0
1.0,5.0,18.0,1.0,0.69999999999999996,0.65150000000000008,0.51000000000000001,0.32840000000000003,1.0,0.0,5.0,1.0,474.0
1.0,5.0,19.0,1.0,0.65999999999999992,0.62119999999999997,0.60999999999999999,0.41790000000000005,1.0,0.0,5.0,1.0,402.0
1.0,5.0,20.0,1.0,0.65999999999999992,0.62119999999999997,0.60999999999999999,0.41790000000000005,1.0,0.0,5.0,1.0,274.0
1.0,5.0,21.0,1.0,0.64000000000000001,0.60609999999999997,0.68999999999999995,0.3881,1.0,0.0,5.0,1.0,233.0
1.0,5.0,22.0,1.0,0.62,0.59089999999999998,0.72999999999999998,0.32840000000000003,1.0,0.0,5.0,1.0,145.0
1.0,5.0,23.0,3.0,0.60000000000000009,0.57579999999999998,0.78000000000000003,0.35820000000000002,1.0,0.0,5.0,1.0,86.0
1.0,5.0,0.0,3.0,0.58000000000000007,0.54549999999999998,0.88,0.29850000000000004,1.0,0.0,6.0,0.0,40.0
1.0,5.0,1.0,3.0,0.58000000000000007,0.54549999999999998,0.88,0.35820000000000002,1.0,0.0,6.0,0.0,15.0
1.0,5.0,2.0,3.0,0.56000000000000005,0.53029999999999999,0.93999999999999995,0.25370000000000004,1.0,0.0,6.0,0.0,11.0
1.0,5.0,3.0,2.0,0.56000000000000005,0.53029999999999999,0.88,0.29850000000000004,1.0,0.0,6.0,0.0,2.0
1.0,5.0,4.0,3.0,0.56000000000000005,0.53029999999999999,0.88,0.29850000000000004,1.0,0.0,6.0,0.0,7.0
1.0,5.0,5.0,3.0,0.56000000000000005,0.53029999999999999,0.88,0.29850000000000004,1.0,0.0,6.0,0.0,15.0
1.0,5.0,6.0,3.0,0.56000000000000005,0.53029999999999999,0.88,0.29850000000000004,1.0,0.0,6.0,0.0,79.0
1.0,5.0,7.0,3.0,0.56000000000000005,0.53029999999999999,0.88,0.29850000000000004,1.0,0.0,6.0,0.0,153.0
1.0,5.0,8.0,3.0,0.56000000000000005,0.53029999999999999,0.88,0.25370000000000004,1.0,0.0,6.0,0.0,270.0
1.0,5.0,9.0,3.0,0.56000000000000005,0.53029999999999999,0.88,0.22390000000000002,1.0,0.0,6.0,0.0,186.0
1.0,5.0,10.0,3.0,0.58000000000000007,0.54549999999999998,0.88,0.28360000000000002,1.0,0.0,6.0,0.0,99.0
1.0,5.0,11.0,2.0,0.60000000000000009,0.56059999999999999,0.82999999999999996,0.16420000000000001,1.0,0.0,6.0,0.0,106.0
1.0,5.0,12.0,2.0,0.60000000000000009,0.56059999999999999,0.82999999999999996,0.25370000000000004,1.0,0.0,6.0,0.0,170.0
1.0,5.0,13.0,3.0,0.60000000000000009,0.56059999999999999,0.82999999999999996,0.25370000000000004,1.0,0.0,6.0,0.0,184.0
1.0,5.0,14.0,3.0,0.60000000000000009,0.56059999999999999,0.82999999999999996,0.19399999999999998,1.0,0.0,6.0,0.0,180.0
1.0,5.0,15.0,2.0,0.64000000000000001,0.60609999999999997,0.72999999999999998,0.19399999999999998,1.0,0.0,6.0,0.0,225.0
1.0,5.0,16.0,2.0,0.64000000000000001,0.60609999999999997,0.72999999999999998,0.25370000000000004,1.0,0.0,6.0,0.0,315.0
1.0,5.0,17.0,2.0,0.65999999999999992,0.62119999999999997,0.68999999999999995,0.25370000000000004,1.0,0.0,6.0,0.0,508.0
1.0,5.0,18.0,1.0,0.64000000000000001,0.60609999999999997,0.72999999999999998,0.1045,1.0,0.0,6.0,0.0,530.0
1.0,5.0,19.0,1.0,0.65999999999999992,0.62119999999999997,0.68999999999999995,0.089599999999999999,1.0,0.0,6.0,0.0,448.0
1.0,5.0,20.0,1.0,0.64000000000000001,0.60609999999999997,0.68999999999999995,0.1343,1.0,0.0,6.0,0.0,336.0
1.0,5.0,21.0,1.0,0.62,0.60609999999999997,0.68999999999999995,0.089599999999999999,1.0,0.0,6.0,0.0,241.0
1.0,5.0,22.0,2.0,0.62,0.59089999999999998,0.72999999999999998,0.16420000000000001,1.0,0.0,6.0,0.0,142.0
1.0,5.0,23.0,1.0,0.62,0.59089999999999998,0.72999999999999998,0.28360000000000002,1.0,0.0,6.0,0.0,97.0
1.0,5.0,0.0,1.0,0.58000000000000007,0.54549999999999998,0.82999999999999996,0.25370000000000004,1.0,0.0,7.0,0.0,36.0
1.0,5.0,1.0,2.0,0.58000000000000007,0.54549999999999998,0.82999999999999996,0.1343,1.0,0.0,7.0,0.0,27.0
1.0,5.0,2.0,2.0,0.58000000000000007,0.54549999999999998,0.82999999999999996,0.1045,1.0,0.0,7.0,0.0,11.0
1.0,5.0,3.0,2.0,0.58000000000000007,0.54549999999999998,0.82999999999999996,0.1045,1.0,0.0,7.0,0.0,5.0
1.0,5.0,4.0,2.0,0.56000000000000005,0.53029999999999999,0.88,0.16420000000000001,1.0,0.0,7.0,0.0,7.0
1.0,5.0,5.0,3.0,0.56000000000000005,0.53029999999999999,0.88,0.19399999999999998,1.0,0.0,7.0,0.0,17.0
1.0,5.0,6.0,3.0,0.56000000000000005,0.53029999999999999,0.88,0.1045,1.0,0.0,7.0,0.0,137.0
1.0,5.0,7.0,3.0,0.56000000000000005,0.53029999999999999,0.88,0.1045,1.0,0.0,7.0,0.0,324.0
1.0,5.0,8.0,2.0,0.56000000000000005,0.53029999999999999,0.88,0.1343,1.0,0.0,7.0,0.0,590.0
1.0,5.0,9.0,2.0,0.60000000000000009,0.56059999999999999,0.82999999999999996,0.1045,1.0,0.0,7.0,0.0,333.0
1.0,5.0,10.0,2.0,0.60000000000000009,0.57579999999999998,0.78000000000000003,0.089599999999999999,1.0,0.0,7.0,0.0,200.0
1.0,5.0,11.0,2.0,0.60000000000000009,0.57579999999999998,0.78000000000000003,0.0,1.0,0.0,7.0,0.0,189.0
1.0,5.0,12.0,2.0,0.62,0.59089999999999998,0.78000000000000003,0.1045,1.0,0.0,7.0,0.0,254.0
1.0,5.0,13.0,2.0,0.64000000000000001,0.60609999999999997,0.72999999999999998,0.0,1.0,0.0,7.0,0.0,243.0
1.0,5.0,14.0,2.0,0.64000000000000001,0.60609999999999997,0.72999999999999998,0.1045,1.0,0.0,7.0,0.0,222.0
1.0,5.0,15.0,1.0,0.69999999999999996,0.65150000000000008,0.60999999999999999,0.089599999999999999,1.0,0.0,7.0,0.0,245.0
1.0,5.0,16.0,1.0,0.67999999999999994,0.63639999999999997,0.60999999999999999,0.1045,1.0,0.0,7.0,0.0,386.0
1.0,5.0,17.0,1.0,0.71999999999999997,0.66670000000000007,0.54000000000000004,0.0,1.0,0.0,7.0,0.0,785.0
1.0,5.0,18.0,1.0,0.67999999999999994,0.63639999999999997,0.60999999999999999,0.1343,1.0,0.0,7.0,0.0,785.0
1.0,5.0,19.0,1.0,0.65999999999999992,0.62119999999999997,0.68999999999999995,0.22390000000000002,1.0,0.0,7.0,0.0,364.0
1.0,5.0,20.0,1.0,0.64000000000000001,0.60609999999999997,0.72999999999999998,0.25370000000000004,1.0,0.0,7.0,0.0,373.0
1.0,5.0,21.0,1.0,0.62,0.59089999999999998,0.78000000000000003,0.1343,1.0,0.0,7.0,0.0,261.0
1.0,5.0,22.0,1.0,0.62,0.59089999999999998,0.72999999999999998,0.089599999999999999,1.0,0.0,7.0,0.0,174.0
1.0,5.0,23.0,1.0,0.62,0.59089999999999998,0.72999999999999998,0.1045,1.0,0.0,7.0,0.0,105.0
1.0,5.0,0.0,1.0,0.62,0.59089999999999998,0.78000000000000003,0.1343,1.0,0.0,1.0,1.0,47.0
1.0,5.0,1.0,1.0,0.60000000000000009,0.56059999999999999,0.82999999999999996,0.16420000000000001,1.0,0.0,1.0,1.0,32.0
1.0,5.0,2.0,2.0,0.60000000000000009,0.56059999999999999,0.82999999999999996,0.16420000000000001,1.0,0.0,1.0,1.0,12.0
1.0,5.0,3.0,1.0,0.60000000000000009,0.57579999999999998,0.78000000000000003,0.1045,1.0,0.0,1.0,1.0,5.0
1.0,5.0,4.0,3.0,0.58000000000000007,0.54549999999999998,0.82999999999999996,0.19399999999999998,1.0,0.0,1.0,1.0,3.0
1.0,5.0,5.0,3.0,0.56000000000000005,0.53029999999999999,0.88,0.25370000000000004,1.0,0.0,1.0,1.0,35.0
1.0,5.0,6.0,1.0,0.56000000000000005,0.53029999999999999,0.88,0.1045,1.0,0.0,1.0,1.0,160.0
1.0,5.0,7.0,1.0,0.58000000000000007,0.54549999999999998,0.82999999999999996,0.0,1.0,0.0,1.0,1.0,468.0
1.0,5.0,8.0,1.0,0.58000000000000007,0.54549999999999998,0.82999999999999996,0.0,1.0,0.0,1.0,1.0,719.0
1.0,5.0,9.0,2.0,0.62,0.59089999999999998,0.78000000000000003,0.0,1.0,0.0,1.0,1.0,297.0
1.0,5.0,10.0,1.0,0.62,0.59089999999999998,0.78000000000000003,0.089599999999999999,1.0,0.0,1.0,1.0,191.0
1.0,5.0,11.0,1.0,0.64000000000000001,0.60609999999999997,0.72999999999999998,0.0,1.0,0.0,1.0,1.0,197.0
1.0,5.0,12.0,2.0,0.65999999999999992,0.62119999999999997,0.68999999999999995,0.089599999999999999,1.0,0.0,1.0,1.0,248.0
1.0,5.0,13.0,2.0,0.65999999999999992,0.62119999999999997,0.73999999999999999,0.16420000000000001,1.0,0.0,1.0,1.0,270.0
1.0,5.0,14.0,1.0,0.67999999999999994,0.63639999999999997,0.65000000000000002,0.1343,1.0,0.0,1.0,1.0,248.0
1.0,5.0,15.0,2.0,0.69999999999999996,0.65150000000000008,0.60999999999999999,0.0,1.0,0.0,1.0,1.0,257.0
1.0,5.0,16.0,3.0,0.69999999999999996,0.65150000000000008,0.60999999999999999,0.089599999999999999,1.0,0.0,1.0,1.0,278.0
1.0,5.0,17.0,3.0,0.64000000000000001,0.60609999999999997,0.68999999999999995,0.1045,1.0,0.0,1.0,1.0,285.0
1.0,5.0,18.0,3.0,0.64000000000000001,0.60609999999999997,0.68999999999999995,0.1045,1.0,0.0,1.0,1.0,327.0
1.0,5.0,19.0,2.0,0.62,0.57579999999999998,0.82999999999999996,0.16420000000000001,1.0,0.0,1.0,1.0,376.0
1.0,5.0,20.0,2.0,0.62,0.57579999999999998,0.82999999999999996,0.089599999999999999,1.0,0.0,1.0,1.0,295.0
1.0,5.0,21.0,2.0,0.62,0.57579999999999998,0.82999999999999996,0.0,1.0,0.0,1.0,1.0,245.0
1.0,5.0,22.0,2.0,0.62,0.57579999999999998,0.82999999999999996,0.16420000000000001,1.0,0.0,1.0,1.0,159.0
1.0,5.0,23.0,1.0,0.60000000000000009,0.56059999999999999,0.82999999999999996,0.1343,1.0,0.0,1.0,1.0,106.0
1.0,5.0,0.0,1.0,0.60000000000000009,0.56059999999999999,0.82999999999999996,0.089599999999999999,1.0,0.0,2.0,1.0,56.0
1.0,5.0,1.0,1.0,0.60000000000000009,0.54549999999999998,0.88,0.089599999999999999,1.0,0.0,2.0,1.0,30.0
1.0,5.0,2.0,1.0,0.60000000000000009,0.54549999999999998,0.88,0.0,1.0,0.0,2.0,1.0,16.0
1.0,5.0,3.0,2.0,0.60000000000000009,0.54549999999999998,0.88,0.1045,1.0,0.0,2.0,1.0,4.0
1.0,5.0,4.0,2.0,0.60000000000000009,0.54549999999999998,0.88,0.16420000000000001,1.0,0.0,2.0,1.0,5.0
1.0,5.0,5.0,2.0,0.60000000000000009,0.54549999999999998,0.88,0.16420000000000001,1.0,0.0,2.0,1.0,30.0
1.0,5.0,6.0,2.0,0.60000000000000009,0.54549999999999998,0.88,0.16420000000000001,1.0,0.0,2.0,1.0,156.0
1.0,5.0,7.0,1.0,0.60000000000000009,0.56059999999999999,0.82999999999999996,0.1045,1.0,0.0,2.0,1.0,415.0
1.0,5.0,8.0,1.0,0.62,0.59089999999999998,0.72999999999999998,0.1343,1.0,0.0,2.0,1.0,692.0
1.0,5.0,9.0,1.0,0.62,0.59089999999999998,0.72999999999999998,0.16420000000000001,1.0,0.0,2.0,1.0,301.0
1.0,5.0,10.0,1.0,0.64000000000000001,0.60609999999999997,0.65000000000000002,0.1343,1.0,0.0,2.0,1.0,185.0
1.0,5.0,11.0,1.0,0.65999999999999992,0.62119999999999997,0.65000000000000002,0.1343,1.0,0.0,2.0,1.0,221.0
1.0,5.0,12.0,1.0,0.69999999999999996,0.65150000000000008,0.57999999999999996,0.1045,1.0,0.0,2.0,1.0,289.0
1.0,5.0,13.0,1.0,0.71999999999999997,0.66670000000000007,0.54000000000000004,0.16420000000000001,1.0,0.0,2.0,1.0,302.0
1.0,5.0,14.0,1.0,0.73999999999999999,0.68180000000000007,0.55000000000000004,0.22390000000000002,1.0,0.0,2.0,1.0,252.0
1.0,5.0,15.0,1.0,0.73999999999999999,0.68180000000000007,0.55000000000000004,0.25370000000000004,1.0,0.0,2.0,1.0,291.0
1.0,5.0,16.0,1.0,0.73999999999999999,0.68180000000000007,0.55000000000000004,0.35820000000000002,1.0,0.0,2.0,1.0,390.0
1.0,5.0,17.0,1.0,0.73999999999999999,0.68180000000000007,0.55000000000000004,0.28360000000000002,1.0,0.0,2.0,1.0,798.0
1.0,5.0,18.0,1.0,0.71999999999999997,0.66670000000000007,0.54000000000000004,0.32840000000000003,1.0,0.0,2.0,1.0,752.0
1.0,5.0,19.0,1.0,0.69999999999999996,0.65150000000000008,0.60999999999999999,0.29850000000000004,1.0,0.0,2.0,1.0,492.0
1.0,5.0,20.0,2.0,0.65999999999999992,0.62119999999999997,0.68999999999999995,0.28360000000000002,1.0,0.0,2.0,1.0,398.0
1.0,5.0,21.0,3.0,0.64000000000000001,0.59089999999999998,0.78000000000000003,0.16420000000000001,1.0,0.0,2.0,1.0,285.0
1.0,5.0,22.0,2.0,0.64000000000000001,0.59089999999999998,0.78000000000000003,0.1045,1.0,0.0,2.0,1.0,243.0
1.0,5.0,23.0,2.0,0.64000000000000001,0.59089999999999998,0.78000000000000003,0.1343,1.0,0.0,2.0,1.0,167.0
1.0,5.0,0.0,1.0,0.62,0.57579999999999998,0.82999999999999996,0.1343,1.0,0.0,3.0,1.0,73.0
1.0,5.0,1.0,1.0,0.62,0.57579999999999998,0.82999999999999996,0.089599999999999999,1.0,0.0,3.0,1.0,42.0
1.0,5.0,2.0,2.0,0.62,0.57579999999999998,0.82999999999999996,0.0,1.0,0.0,3.0,1.0,23.0
1.0,5.0,3.0,2.0,0.62,0.56059999999999999,0.88,0.1045,1.0,0.0,3.0,1.0,14.0
1.0,5.0,4.0,2.0,0.62,0.56059999999999999,0.88,0.0,1.0,0.0,3.0,1.0,9.0
1.0,5.0,5.0,2.0,0.62,0.56059999999999999,0.88,0.089599999999999999,1.0,0.0,3.0,1.0,30.0
1.0,5.0,6.0,2.0,0.62,0.56059999999999999,0.88,0.1045,1.0,0.0,3.0,1.0,113.0
1.0,5.0,7.0,2.0,0.62,0.56059999999999999,0.88,0.16420000000000001,1.0,0.0,3.0,1.0,359.0
1.0,5.0,8.0,2.0,0.64000000000000001,0.57579999999999998,0.89000000000000001,0.1045,1.0,0.0,3.0,1.0,583.0
1.0,5.0,9.0,2.0,0.64000000000000001,0.57579999999999998,0.89000000000000001,0.1343,1.0,0.0,3.0,1.0,340.0
1.0,5.0,10.0,1.0,0.67999999999999994,0.63639999999999997,0.79000000000000004,0.16420000000000001,1.0,0.0,3.0,1.0,232.0
1.0,5.0,11.0,1.0,0.67999999999999994,0.63639999999999997,0.79000000000000004,0.1343,1.0,0.0,3.0,1.0,283.0
1.0,5.0,12.0,1.0,0.71999999999999997,0.68180000000000007,0.66000000000000003,0.1045,1.0,0.0,3.0,1.0,321.0
1.0,5.0,13.0,1.0,0.73999999999999999,0.68180000000000007,0.62,0.1343,1.0,0.0,3.0,1.0,333.0
1.0,5.0,14.0,1.0,0.73999999999999999,0.68180000000000007,0.57999999999999996,0.1343,1.0,0.0,3.0,1.0,367.0
1.0,5.0,15.0,1.0,0.76000000000000001,0.71209999999999996,0.62,0.19399999999999998,1.0,0.0,3.0,1.0,466.0
1.0,5.0,16.0,1.0,0.78000000000000003,0.71209999999999996,0.52000000000000002,0.22390000000000002,1.0,0.0,3.0,1.0,584.0
1.0,5.0,17.0,1.0,0.76000000000000001,0.71209999999999996,0.62,0.28360000000000002,1.0,0.0,3.0,1.0,653.0
1.0,5.0,18.0,1.0,0.76000000000000001,0.71209999999999996,0.62,0.19399999999999998,1.0,0.0,3.0,1.0,522.0
1.0,5.0,19.0,1.0,0.73999999999999999,0.68180000000000007,0.62,0.25370000000000004,1.0,0.0,3.0,1.0,404.0
1.0,5.0,20.0,1.0,0.69999999999999996,0.65150000000000008,0.65000000000000002,0.16420000000000001,1.0,0.0,3.0,1.0,350.0
1.0,5.0,21.0,1.0,0.69999999999999996,0.65150000000000008,0.65000000000000002,0.1343,1.0,0.0,3.0,1.0,255.0
1.0,5.0,22.0,1.0,0.65999999999999992,0.62119999999999997,0.73999999999999999,0.1045,1.0,0.0,3.0,1.0,212.0
1.0,5.0,23.0,1.0,0.65999999999999992,0.60609999999999997,0.78000000000000003,0.22390000000000002,1.0,0.0,3.0,1.0,166.0
1.0,5.0,0.0,1.0,0.64000000000000001,0.57579999999999998,0.82999999999999996,0.16420000000000001,1.0,0.0,4.0,1.0,116.0
1.0,5.0,1.0,1.0,0.64000000000000001,0.57579999999999998,0.82999999999999996,0.1343,1.0,0.0,4.0,1.0,82.0
1.0,5.0,2.0,1.0,0.64000000000000001,0.57579999999999998,0.89000000000000001,0.1343,1.0,0.0,4.0,1.0,64.0
1.0,5.0,3.0,1.0,0.62,0.56059999999999999,0.88,0.1045,1.0,0.0,4.0,1.0,31.0
1.0,5.0,4.0,1.0,0.62,0.56059999999999999,0.88,0.1343,1.0,0.0,4.0,1.0,2.0
1.0,5.0,5.0,1.0,0.62,0.57579999999999998,0.82999999999999996,0.25370000000000004,1.0,0.0,4.0,1.0,10.0
1.0,5.0,6.0,1.0,0.62,0.56059999999999999,0.88,0.19399999999999998,1.0,0.0,4.0,1.0,31.0
1.0,5.0,7.0,2.0,0.62,0.56059999999999999,0.88,0.16420000000000001,1.0,0.0,4.0,1.0,54.0
1.0,5.0,8.0,1.0,0.64000000000000001,0.59089999999999998,0.78000000000000003,0.1343,1.0,0.0,4.0,1.0,141.0
1.0,5.0,9.0,1.0,0.64000000000000001,0.57579999999999998,0.82999999999999996,0.19399999999999998,1.0,0.0,4.0,1.0,289.0
1.0,5.0,10.0,1.0,0.67999999999999994,0.63639999999999997,0.79000000000000004,0.22390000000000002,1.0,0.0,4.0,1.0,437.0
1.0,5.0,11.0,1.0,0.69999999999999996,0.66670000000000007,0.73999999999999999,0.19399999999999998,1.0,0.0,4.0,1.0,520.0
1.0,5.0,12.0,1.0,0.73999999999999999,0.69700000000000006,0.66000000000000003,0.22390000000000002,1.0,0.0,4.0,1.0,529.0
1.0,5.0,13.0,1.0,0.76000000000000001,0.72730000000000006,0.66000000000000003,0.19399999999999998,1.0,0.0,4.0,1.0,539.0
1.0,5.0,14.0,1.0,0.76000000000000001,0.72730000000000006,0.66000000000000003,0.22390000000000002,1.0,0.0,4.0,1.0,564.0
1.0,5.0,15.0,1.0,0.76000000000000001,0.72730000000000006,0.66000000000000003,0.28360000000000002,1.0,0.0,4.0,1.0,513.0
1.0,5.0,16.0,1.0,0.78000000000000003,0.72730000000000006,0.55000000000000004,0.25370000000000004,1.0,0.0,4.0,1.0,504.0
1.0,5.0,17.0,2.0,0.78000000000000003,0.71209999999999996,0.52000000000000002,0.25370000000000004,1.0,0.0,4.0,1.0,462.0
1.0,5.0,18.0,2.0,0.76000000000000001,0.69700000000000006,0.52000000000000002,0.19399999999999998,1.0,0.0,4.0,1.0,415.0
1.0,5.0,19.0,2.0,0.73999999999999999,0.69700000000000006,0.66000000000000003,0.22390000000000002,1.0,0.0,4.0,1.0,373.0
1.0,5.0,20.0,2.0,0.73999999999999999,0.68180000000000007,0.55000000000000004,0.19399999999999998,1.0,0.0,4.0,1.0,255.0
1.0,5.0,21.0,2.0,0.71999999999999997,0.68180000000000007,0.62,0.19399999999999998,1.0,0.0,4.0,1.0,251.0
1.0,5.0,22.0,1.0,0.69999999999999996,0.66670000000000007,0.73999999999999999,0.25370000000000004,1.0,0.0,4.0,1.0,204.0
1.0,5.0,23.0,1.0,0.69999999999999996,0.66670000000000007,0.73999999999999999,0.25370000000000004,1.0,0.0,4.0,1.0,150.0
1.0,5.0,0.0,2.0,0.67999999999999994,0.63639999999999997,0.68999999999999995,0.16420000000000001,1.0,0.0,5.0,1.0,137.0
1.0,5.0,1.0,1.0,0.65999999999999992,0.62119999999999997,0.73999999999999999,0.22390000000000002,1.0,0.0,5.0,1.0,78.0
1.0,5.0,2.0,1.0,0.64000000000000001,0.60609999999999997,0.72999999999999998,0.22390000000000002,1.0,0.0,5.0,1.0,61.0
1.0,5.0,3.0,1.0,0.64000000000000001,0.60609999999999997,0.72999999999999998,0.16420000000000001,1.0,0.0,5.0,1.0,36.0
1.0,5.0,4.0,1.0,0.62,0.57579999999999998,0.82999999999999996,0.19399999999999998,1.0,0.0,5.0,1.0,11.0
1.0,5.0,5.0,1.0,0.62,0.57579999999999998,0.82999999999999996,0.19399999999999998,1.0,0.0,5.0,1.0,7.0
1.0,5.0,6.0,1.0,0.62,0.57579999999999998,0.82999999999999996,0.16420000000000001,1.0,0.0,5.0,1.0,22.0
1.0,5.0,7.0,1.0,0.62,0.56059999999999999,0.88,0.16420000000000001,1.0,0.0,5.0,1.0,52.0
1.0,5.0,8.0,1.0,0.64000000000000001,0.57579999999999998,0.82999999999999996,0.19399999999999998,1.0,0.0,5.0,1.0,151.0
1.0,5.0,9.0,1.0,0.65999999999999992,0.60609999999999997,0.82999999999999996,0.22390000000000002,1.0,0.0,5.0,1.0,270.0
1.0,5.0,10.0,1.0,0.67999999999999994,0.63639999999999997,0.73999999999999999,0.25370000000000004,1.0,0.0,5.0,1.0,424.0
1.0,5.0,11.0,1.0,0.71999999999999997,0.68180000000000007,0.66000000000000003,0.22390000000000002,1.0,0.0,5.0,1.0,519.0
1.0,5.0,12.0,1.0,0.73999999999999999,0.69700000000000006,0.66000000000000003,0.25370000000000004,1.0,0.0,5.0,1.0,570.0
1.0,5.0,13.0,1.0,0.76000000000000001,0.71209999999999996,0.57999999999999996,0.19399999999999998,1.0,0.0,5.0,1.0,498.0
1.0,5.0,14.0,1.0,0.76000000000000001,0.71209999999999996,0.57999999999999996,0.25370000000000004,1.0,0.0,5.0,1.0,547.0
1.0,5.0,15.0,1.0,0.78000000000000003,0.71209999999999996,0.52000000000000002,0.28360000000000002,1.0,0.0,5.0,1.0,535.0
1.0,5.0,16.0,1.0,0.78000000000000003,0.71209999999999996,0.52000000000000002,0.28360000000000002,1.0,0.0,5.0,1.0,501.0
1.0,5.0,17.0,1.0,0.78000000000000003,0.71209999999999996,0.48999999999999999,0.29850000000000004,1.0,0.0,5.0,1.0,522.0
1.0,5.0,18.0,1.0,0.76000000000000001,0.71209999999999996,0.57999999999999996,0.29850000000000004,1.0,0.0,5.0,1.0,518.0
1.0,5.0,19.0,1.0,0.76000000000000001,0.71209999999999996,0.57999999999999996,0.19399999999999998,1.0,0.0,5.0,1.0,442.0
1.0,5.0,20.0,1.0,0.73999999999999999,0.68180000000000007,0.55000000000000004,0.16420000000000001,1.0,0.0,5.0,1.0,392.0
1.0,5.0,21.0,3.0,0.65999999999999992,0.62119999999999997,0.68999999999999995,0.41790000000000005,1.0,0.0,5.0,1.0,143.0
1.0,5.0,22.0,3.0,0.62,0.57579999999999998,0.82999999999999996,0.0,1.0,0.0,5.0,1.0,59.0
1.0,5.0,23.0,3.0,0.62,0.57579999999999998,0.82999999999999996,0.1343,1.0,0.0,5.0,1.0,96.0
1.0,5.0,0.0,1.0,0.62,0.57579999999999998,0.82999999999999996,0.22390000000000002,1.0,0.0,6.0,0.0,65.0
1.0,5.0,1.0,2.0,0.62,0.59089999999999998,0.78000000000000003,0.29850000000000004,1.0,0.0,6.0,0.0,59.0
1.0,5.0,2.0,1.0,0.60000000000000009,0.56059999999999999,0.82999999999999996,0.22390000000000002,1.0,0.0,6.0,0.0,48.0
1.0,5.0,3.0,1.0,0.62,0.59089999999999998,0.72999999999999998,0.16420000000000001,1.0,0.0,6.0,0.0,18.0
1.0,5.0,4.0,1.0,0.60000000000000009,0.57579999999999998,0.78000000000000003,0.1343,1.0,0.0,6.0,0.0,6.0
1.0,5.0,5.0,1.0,0.60000000000000009,0.57579999999999998,0.78000000000000003,0.1343,1.0,0.0,6.0,0.0,9.0
1.0,5.0,6.0,1.0,0.62,0.59089999999999998,0.72999999999999998,0.16420000000000001,1.0,0.0,6.0,0.0,20.0
1.0,5.0,7.0,1.0,0.62,0.59089999999999998,0.78000000000000003,0.1045,1.0,0.0,6.0,0.0,67.0
1.0,5.0,8.0,1.0,0.65999999999999992,0.62119999999999997,0.68999999999999995,0.0,1.0,0.0,6.0,0.0,155.0
1.0,5.0,9.0,1.0,0.69999999999999996,0.65150000000000008,0.60999999999999999,0.0,1.0,0.0,6.0,0.0,263.0
1.0,5.0,10.0,1.0,0.69999999999999996,0.65150000000000008,0.60999999999999999,0.0,1.0,0.0,6.0,0.0,364.0
1.0,5.0,11.0,1.0,0.71999999999999997,0.68180000000000007,0.66000000000000003,0.1343,1.0,0.0,6.0,0.0,476.0
1.0,5.0,12.0,1.0,0.76000000000000001,0.71209999999999996,0.62,0.1343,1.0,0.0,6.0,0.0,525.0
1.0,5.0,13.0,1.0,0.79999999999999993,0.78790000000000004,0.63,0.28360000000000002,1.0,0.0,6.0,0.0,556.0
1.0,5.0,14.0,1.0,0.79999999999999993,0.78790000000000004,0.63,0.28360000000000002,1.0,0.0,6.0,0.0,465.0
1.0,5.0,15.0,1.0,0.81999999999999995,0.78790000000000004,0.56000000000000005,0.29850000000000004,1.0,0.0,6.0,0.0,460.0
1.0,5.0,16.0,1.0,0.81999999999999995,0.78790000000000004,0.56000000000000005,0.32840000000000003,1.0,0.0,6.0,0.0,501.0
1.0,5.0,17.0,1.0,0.81999999999999995,0.78790000000000004,0.56000000000000005,0.29850000000000004,1.0,0.0,6.0,0.0,405.0
1.0,5.0,18.0,1.0,0.79999999999999993,0.77269999999999994,0.58999999999999997,0.29850000000000004,1.0,0.0,6.0,0.0,383.0
1.0,5.0,19.0,1.0,0.79999999999999993,0.75760000000000005,0.55000000000000004,0.29850000000000004,1.0,0.0,6.0,0.0,395.0
1.0,5.0,20.0,1.0,0.78000000000000003,0.74239999999999995,0.62,0.29850000000000004,1.0,0.0,6.0,0.0,317.0
1.0,5.0,21.0,1.0,0.76000000000000001,0.72730000000000006,0.66000000000000003,0.28360000000000002,1.0,0.0,6.0,0.0,247.0
1.0,5.0,22.0,1.0,0.73999999999999999,0.69700000000000006,0.69999999999999996,0.16420000000000001,1.0,0.0,6.0,0.0,157.0
1.0,5.0,23.0,1.0,0.71999999999999997,0.69700000000000006,0.73999999999999999,0.16420000000000001,1.0,0.0,6.0,0.0,82.0
1.0,5.0,0.0,1.0,0.69999999999999996,0.66670000000000007,0.79000000000000004,0.19399999999999998,1.0,0.0,7.0,0.0,45.0
1.0,5.0,1.0,1.0,0.69999999999999996,0.66670000000000007,0.79000000000000004,0.19399999999999998,1.0,0.0,7.0,0.0,14.0
1.0,5.0,2.0,1.0,0.67999999999999994,0.63639999999999997,0.82999999999999996,0.1343,1.0,0.0,7.0,0.0,8.0
1.0,5.0,3.0,1.0,0.67999999999999994,0.63639999999999997,0.79000000000000004,0.28360000000000002,1.0,0.0,7.0,0.0,3.0
1.0,5.0,4.0,1.0,0.65999999999999992,0.60609999999999997,0.78000000000000003,0.22390000000000002,1.0,0.0,7.0,0.0,5.0
1.0,5.0,5.0,1.0,0.65999999999999992,0.60609999999999997,0.78000000000000003,0.22390000000000002,1.0,0.0,7.0,0.0,33.0
1.0,5.0,6.0,1.0,0.65999999999999992,0.60609999999999997,0.78000000000000003,0.22390000000000002,1.0,0.0,7.0,0.0,154.0
1.0,5.0,7.0,1.0,0.65999999999999992,0.60609999999999997,0.78000000000000003,0.22390000000000002,1.0,0.0,7.0,0.0,450.0
1.0,5.0,8.0,1.0,0.69999999999999996,0.66670000000000007,0.73999999999999999,0.19399999999999998,1.0,0.0,7.0,0.0,634.0
1.0,5.0,9.0,1.0,0.71999999999999997,0.68180000000000007,0.69999999999999996,0.25370000000000004,1.0,0.0,7.0,0.0,257.0
1.0,5.0,10.0,1.0,0.73999999999999999,0.69700000000000006,0.69999999999999996,0.29850000000000004,1.0,0.0,7.0,0.0,183.0
1.0,5.0,11.0,1.0,0.76000000000000001,0.71209999999999996,0.62,0.29850000000000004,1.0,0.0,7.0,0.0,197.0
1.0,5.0,12.0,1.0,0.79999999999999993,0.75760000000000005,0.55000000000000004,0.32840000000000003,1.0,0.0,7.0,0.0,237.0
1.0,5.0,13.0,1.0,0.81999999999999995,0.77269999999999994,0.52000000000000002,0.3881,1.0,0.0,7.0,0.0,239.0
1.0,5.0,14.0,1.0,0.81999999999999995,0.77269999999999994,0.52000000000000002,0.41790000000000005,1.0,0.0,7.0,0.0,238.0
1.0,5.0,15.0,1.0,0.81999999999999995,0.77269999999999994,0.48999999999999999,0.3881,1.0,0.0,7.0,0.0,256.0
1.0,5.0,16.0,1.0,0.81999999999999995,0.77269999999999994,0.48999999999999999,0.49250000000000005,1.0,0.0,7.0,0.0,393.0
1.0,5.0,17.0,1.0,0.81999999999999995,0.75760000000000005,0.46000000000000002,0.41790000000000005,1.0,0.0,7.0,0.0,781.0
1.0,5.0,18.0,1.0,0.79999999999999993,0.74239999999999995,0.48999999999999999,0.49250000000000005,1.0,0.0,7.0,0.0,710.0
1.0,5.0,19.0,1.0,0.78000000000000003,0.71209999999999996,0.52000000000000002,0.35820000000000002,1.0,0.0,7.0,0.0,526.0
1.0,5.0,20.0,3.0,0.69999999999999996,0.65150000000000008,0.60999999999999999,0.52239999999999998,1.0,0.0,7.0,0.0,204.0
1.0,5.0,21.0,3.0,0.60000000000000009,0.54549999999999998,0.88,0.44780000000000003,1.0,0.0,7.0,0.0,71.0
1.0,5.0,22.0,2.0,0.62,0.56059999999999999,0.88,0.089599999999999999,1.0,0.0,7.0,0.0,55.0
1.0,5.0,23.0,3.0,0.62,0.54549999999999998,0.93999999999999995,0.0,1.0,0.0,7.0,0.0,50.0
1.0,5.0,0.0,3.0,0.64000000000000001,0.57579999999999998,0.89000000000000001,0.1045,1.0,1.0,1.0,1.0,36.0
1.0,5.0,1.0,3.0,0.64000000000000001,0.57579999999999998,0.89000000000000001,0.19399999999999998,1.0,1.0,1.0,1.0,4.0
1.0,5.0,2.0,3.0,0.62,0.54549999999999998,0.93999999999999995,0.089599999999999999,1.0,1.0,1.0,1.0,5.0
1.0,5.0,3.0,3.0,0.62,0.56059999999999999,0.88,0.1343,1.0,1.0,1.0,1.0,5.0
1.0,5.0,4.0,2.0,0.62,0.56059999999999999,0.88,0.1343,1.0,1.0,1.0,1.0,6.0
1.0,5.0,5.0,2.0,0.62,0.59089999999999998,0.78000000000000003,0.1343,1.0,1.0,1.0,1.0,41.0
1.0,5.0,6.0,2.0,0.60000000000000009,0.57579999999999998,0.78000000000000003,0.1045,1.0,1.0,1.0,1.0,144.0
1.0,5.0,7.0,3.0,0.60000000000000009,0.57579999999999998,0.78000000000000003,0.19399999999999998,1.0,1.0,1.0,1.0,483.0
1.0,5.0,8.0,2.0,0.60000000000000009,0.59089999999999998,0.72999999999999998,0.16420000000000001,1.0,1.0,1.0,1.0,671.0
1.0,5.0,9.0,2.0,0.62,0.60609999999999997,0.68999999999999995,0.19399999999999998,1.0,1.0,1.0,1.0,305.0
1.0,5.0,10.0,2.0,0.62,0.60609999999999997,0.68999999999999995,0.28360000000000002,1.0,1.0,1.0,1.0,177.0
1.0,5.0,11.0,2.0,0.65999999999999992,0.62119999999999997,0.65000000000000002,0.19399999999999998,1.0,1.0,1.0,1.0,208.0
1.0,5.0,12.0,1.0,0.69999999999999996,0.65150000000000008,0.54000000000000004,0.0,1.0,1.0,1.0,1.0,253.0
1.0,5.0,13.0,1.0,0.69999999999999996,0.65150000000000008,0.51000000000000001,0.0,1.0,1.0,1.0,1.0,289.0
1.0,5.0,14.0,1.0,0.71999999999999997,0.65150000000000008,0.41999999999999998,0.1343,1.0,1.0,1.0,1.0,252.0
1.0,5.0,15.0,1.0,0.71999999999999997,0.66670000000000007,0.51000000000000001,0.1343,1.0,1.0,1.0,1.0,275.0
1.0,5.0,16.0,1.0,0.71999999999999997,0.66670000000000007,0.51000000000000001,0.16420000000000001,1.0,1.0,1.0,1.0,398.0
1.0,5.0,17.0,1.0,0.73999999999999999,0.66670000000000007,0.47999999999999998,0.089599999999999999,1.0,1.0,1.0,1.0,839.0
1.0,5.0,18.0,1.0,0.73999999999999999,0.66670000000000007,0.47999999999999998,0.16420000000000001,1.0,1.0,1.0,1.0,796.0
1.0,5.0,19.0,1.0,0.71999999999999997,0.66670000000000007,0.54000000000000004,0.16420000000000001,1.0,1.0,1.0,1.0,556.0
1.0,5.0,20.0,2.0,0.54000000000000004,0.51519999999999999,0.59999999999999998,0.1343,1.0,1.0,1.0,1.0,431.0
1.0,5.0,21.0,1.0,0.67999999999999994,0.63639999999999997,0.56999999999999995,0.1045,1.0,1.0,1.0,1.0,304.0
1.0,5.0,22.0,1.0,0.65999999999999992,0.62119999999999997,0.68999999999999995,0.1045,1.0,1.0,1.0,1.0,217.0
1.0,5.0,23.0,1.0,0.65999999999999992,0.62119999999999997,0.65000000000000002,0.1045,1.0,1.0,1.0,1.0,160.0
1.0,5.0,0.0,1.0,0.64000000000000001,0.60609999999999997,0.68999999999999995,0.1343,1.0,0.0,2.0,1.0,61.0
1.0,5.0,1.0,1.0,0.64000000000000001,0.60609999999999997,0.68999999999999995,0.089599999999999999,1.0,0.0,2.0,1.0,26.0
1.0,5.0,2.0,1.0,0.64000000000000001,0.60609999999999997,0.65000000000000002,0.089599999999999999,1.0,0.0,2.0,1.0,14.0
1.0,5.0,3.0,1.0,0.62,0.60609999999999997,0.68999999999999995,0.089599999999999999,1.0,0.0,2.0,1.0,8.0
1.0,5.0,4.0,1.0,0.62,0.60609999999999997,0.68999999999999995,0.0,1.0,0.0,2.0,1.0,8.0
1.0,5.0,5.0,1.0,0.62,0.60609999999999997,0.68999999999999995,0.25370000000000004,1.0,0.0,2.0,1.0,33.0
1.0,5.0,6.0,1.0,0.60000000000000009,0.59089999999999998,0.72999999999999998,0.22390000000000002,1.0,0.0,2.0,1.0,178.0
1.0,5.0,7.0,1.0,0.60000000000000009,0.60609999999999997,0.64000000000000001,0.28360000000000002,1.0,0.0,2.0,1.0,507.0
1.0,5.0,8.0,1.0,0.62,0.62119999999999997,0.56999999999999995,0.25370000000000004,1.0,0.0,2.0,1.0,693.0
1.0,5.0,9.0,1.0,0.65999999999999992,0.62119999999999997,0.46999999999999997,0.25370000000000004,1.0,0.0,2.0,1.0,311.0
1.0,5.0,10.0,1.0,0.69999999999999996,0.63639999999999997,0.39000000000000001,0.3881,1.0,0.0,2.0,1.0,220.0
1.0,5.0,11.0,1.0,0.71999999999999997,0.65150000000000008,0.37,0.28360000000000002,1.0,0.0,2.0,1.0,218.0
1.0,5.0,12.0,1.0,0.71999999999999997,0.65150000000000008,0.37,0.19399999999999998,1.0,0.0,2.0,1.0,292.0
1.0,5.0,13.0,1.0,0.73999999999999999,0.65150000000000008,0.34999999999999998,0.1343,1.0,0.0,2.0,1.0,293.0
1.0,5.0,14.0,1.0,0.76000000000000001,0.66670000000000007,0.31,0.19399999999999998,1.0,0.0,2.0,1.0,254.0
1.0,5.0,15.0,1.0,0.76000000000000001,0.66670000000000007,0.33000000000000002,0.29850000000000004,1.0,0.0,2.0,1.0,290.0
1.0,5.0,16.0,1.0,0.76000000000000001,0.66670000000000007,0.33000000000000002,0.28360000000000002,1.0,0.0,2.0,1.0,487.0
1.0,5.0,17.0,1.0,0.76000000000000001,0.66670000000000007,0.31,0.16420000000000001,1.0,0.0,2.0,1.0,827.0
1.0,5.0,18.0,1.0,0.73999999999999999,0.65150000000000008,0.29999999999999999,0.19399999999999998,1.0,0.0,2.0,1.0,785.0
1.0,5.0,19.0,1.0,0.71999999999999997,0.65150000000000008,0.34000000000000002,0.16420000000000001,1.0,0.0,2.0,1.0,591.0
1.0,5.0,20.0,1.0,0.67999999999999994,0.63639999999999997,0.44,0.16420000000000001,1.0,0.0,2.0,1.0,479.0
1.0,5.0,21.0,1.0,0.67999999999999994,0.63639999999999997,0.44,0.16420000000000001,1.0,0.0,2.0,1.0,359.0
1.0,5.0,22.0,1.0,0.65999999999999992,0.62119999999999997,0.5,0.16420000000000001,1.0,0.0,2.0,1.0,264.0
1.0,5.0,23.0,1.0,0.65999999999999992,0.62119999999999997,0.54000000000000004,0.22390000000000002,1.0,0.0,2.0,1.0,140.0
1.0,6.0,0.0,1.0,0.65999999999999992,0.62119999999999997,0.5,0.25370000000000004,1.0,0.0,3.0,1.0,86.0
1.0,6.0,1.0,1.0,0.64000000000000001,0.62119999999999997,0.53000000000000003,0.22390000000000002,1.0,0.0,3.0,1.0,34.0
1.0,6.0,2.0,1.0,0.64000000000000001,0.62119999999999997,0.56999999999999995,0.22390000000000002,1.0,0.0,3.0,1.0,16.0
1.0,6.0,3.0,2.0,0.62,0.59089999999999998,0.72999999999999998,0.089599999999999999,1.0,0.0,3.0,1.0,4.0
1.0,6.0,4.0,2.0,0.62,0.59089999999999998,0.72999999999999998,0.089599999999999999,1.0,0.0,3.0,1.0,6.0
1.0,6.0,5.0,2.0,0.62,0.59089999999999998,0.78000000000000003,0.089599999999999999,1.0,0.0,3.0,1.0,45.0
1.0,6.0,6.0,3.0,0.62,0.56059999999999999,0.88,0.1343,1.0,0.0,3.0,1.0,141.0
1.0,6.0,7.0,2.0,0.64000000000000001,0.57579999999999998,0.89000000000000001,0.19399999999999998,1.0,0.0,3.0,1.0,402.0
1.0,6.0,8.0,2.0,0.64000000000000001,0.57579999999999998,0.89000000000000001,0.19399999999999998,1.0,0.0,3.0,1.0,694.0
1.0,6.0,9.0,2.0,0.64000000000000001,0.57579999999999998,0.82999999999999996,0.22390000000000002,1.0,0.0,3.0,1.0,298.0
1.0,6.0,10.0,2.0,0.65999999999999992,0.60609999999999997,0.78000000000000003,0.28360000000000002,1.0,0.0,3.0,1.0,204.0
1.0,6.0,11.0,2.0,0.69999999999999996,0.66670000000000007,0.73999999999999999,0.28360000000000002,1.0,0.0,3.0,1.0,235.0
1.0,6.0,12.0,2.0,0.69999999999999996,0.66670000000000007,0.73999999999999999,0.35820000000000002,1.0,0.0,3.0,1.0,310.0
1.0,6.0,13.0,1.0,0.71999999999999997,0.68180000000000007,0.69999999999999996,0.29850000000000004,1.0,0.0,3.0,1.0,316.0
1.0,6.0,14.0,3.0,0.71999999999999997,0.68180000000000007,0.66000000000000003,0.28360000000000002,1.0,0.0,3.0,1.0,254.0
1.0,6.0,15.0,3.0,0.71999999999999997,0.68180000000000007,0.66000000000000003,0.28360000000000002,1.0,0.0,3.0,1.0,258.0
1.0,6.0,16.0,3.0,0.73999999999999999,0.68180000000000007,0.57999999999999996,0.44780000000000003,1.0,0.0,3.0,1.0,222.0
1.0,6.0,17.0,3.0,0.69999999999999996,0.65150000000000008,0.69999999999999996,0.25370000000000004,1.0,0.0,3.0,1.0,227.0
1.0,6.0,18.0,3.0,0.62,0.56059999999999999,0.88,0.35820000000000002,1.0,0.0,3.0,1.0,110.0
1.0,6.0,19.0,3.0,0.62,0.56059999999999999,0.88,0.35820000000000002,1.0,0.0,3.0,1.0,45.0
1.0,6.0,20.0,3.0,0.62,0.54549999999999998,0.93999999999999995,0.25370000000000004,1.0,0.0,3.0,1.0,39.0
1.0,6.0,21.0,3.0,0.64000000000000001,0.59089999999999998,0.78000000000000003,0.25370000000000004,1.0,0.0,3.0,1.0,85.0
1.0,6.0,22.0,3.0,0.60000000000000009,0.54549999999999998,0.88,0.1343,1.0,0.0,3.0,1.0,23.0
1.0,6.0,23.0,3.0,0.60000000000000009,0.54549999999999998,0.88,0.1343,1.0,0.0,3.0,1.0,73.0
1.0,6.0,0.0,2.0,0.56000000000000005,0.53029999999999999,0.82999999999999996,0.1343,1.0,0.0,4.0,1.0,86.0
1.0,6.0,1.0,2.0,0.56000000000000005,0.53029999999999999,0.82999999999999996,0.1045,1.0,0.0,4.0,1.0,76.0
1.0,6.0,2.0,2.0,0.54000000000000004,0.51519999999999999,0.88,0.0,1.0,0.0,4.0,1.0,41.0
1.0,6.0,3.0,1.0,0.56000000000000005,0.53029999999999999,0.72999999999999998,0.25370000000000004,1.0,0.0,4.0,1.0,26.0
1.0,6.0,4.0,1.0,0.54000000000000004,0.51519999999999999,0.68000000000000005,0.28360000000000002,1.0,0.0,4.0,1.0,13.0
1.0,6.0,5.0,1.0,0.5,0.48479999999999995,0.71999999999999997,0.19399999999999998,1.0,0.0,4.0,1.0,12.0
1.0,6.0,6.0,2.0,0.5,0.48479999999999995,0.77000000000000002,0.19399999999999998,1.0,0.0,4.0,1.0,36.0
1.0,6.0,7.0,1.0,0.52000000000000002,0.5,0.71999999999999997,0.1045,1.0,0.0,4.0,1.0,86.0
1.0,6.0,8.0,1.0,0.54000000000000004,0.51519999999999999,0.64000000000000001,0.16420000000000001,1.0,0.0,4.0,1.0,210.0
1.0,6.0,9.0,1.0,0.56000000000000005,0.53029999999999999,0.59999999999999998,0.25370000000000004,1.0,0.0,4.0,1.0,332.0
1.0,6.0,10.0,1.0,0.60000000000000009,0.62119999999999997,0.53000000000000003,0.29850000000000004,1.0,0.0,4.0,1.0,493.0
1.0,6.0,11.0,1.0,0.58000000000000007,0.54549999999999998,0.46000000000000002,0.28360000000000002,1.0,0.0,4.0,1.0,536.0
1.0,6.0,12.0,1.0,0.62,0.62119999999999997,0.42999999999999999,0.35820000000000002,1.0,0.0,4.0,1.0,668.0
1.0,6.0,13.0,1.0,0.62,0.62119999999999997,0.40999999999999998,0.25370000000000004,1.0,0.0,4.0,1.0,679.0
1.0,6.0,14.0,1.0,0.64000000000000001,0.62119999999999997,0.38,0.29850000000000004,1.0,0.0,4.0,1.0,647.0
1.0,6.0,15.0,1.0,0.64000000000000001,0.62119999999999997,0.38,0.25370000000000004,1.0,0.0,4.0,1.0,702.0
1.0,6.0,16.0,1.0,0.64000000000000001,0.62119999999999997,0.38,0.25370000000000004,1.0,0.0,4.0,1.0,644.0
1.0,6.0,17.0,1.0,0.64000000000000001,0.62119999999999997,0.35999999999999999,0.0,1.0,0.0,4.0,1.0,586.0
1.0,6.0,18.0,1.0,0.64000000000000001,0.62119999999999997,0.35999999999999999,0.0,1.0,0.0,4.0,1.0,512.0
1.0,6.0,19.0,1.0,0.64000000000000001,0.62119999999999997,0.35999999999999999,0.16420000000000001,1.0,0.0,4.0,1.0,554.0
1.0,6.0,20.0,1.0,0.62,0.62119999999999997,0.34999999999999998,0.28360000000000002,1.0,0.0,4.0,1.0,399.0
1.0,6.0,21.0,1.0,0.60000000000000009,0.62119999999999997,0.40000000000000002,0.1045,1.0,0.0,4.0,1.0,316.0
1.0,6.0,22.0,1.0,0.58000000000000007,0.54549999999999998,0.46000000000000002,0.1343,1.0,0.0,4.0,1.0,228.0
1.0,6.0,23.0,1.0,0.56000000000000005,0.53029999999999999,0.52000000000000002,0.1045,1.0,0.0,4.0,1.0,238.0
1.0,6.0,0.0,1.0,0.54000000000000004,0.51519999999999999,0.59999999999999998,0.16420000000000001,1.0,0.0,5.0,1.0,169.0
1.0,6.0,1.0,1.0,0.54000000000000004,0.51519999999999999,0.56000000000000005,0.1343,1.0,0.0,5.0,1.0,121.0
1.0,6.0,2.0,1.0,0.52000000000000002,0.5,0.58999999999999997,0.1045,1.0,0.0,5.0,1.0,89.0
1.0,6.0,3.0,1.0,0.52000000000000002,0.5,0.63,0.1045,1.0,0.0,5.0,1.0,50.0
1.0,6.0,4.0,1.0,0.5,0.48479999999999995,0.71999999999999997,0.089599999999999999,1.0,0.0,5.0,1.0,13.0
1.0,6.0,5.0,1.0,0.5,0.48479999999999995,0.68000000000000005,0.0,1.0,0.0,5.0,1.0,12.0
1.0,6.0,6.0,1.0,0.45999999999999996,0.45450000000000002,0.81999999999999995,0.1045,1.0,0.0,5.0,1.0,22.0
1.0,6.0,7.0,1.0,0.5,0.48479999999999995,0.68000000000000005,0.1045,1.0,0.0,5.0,1.0,35.0
1.0,6.0,8.0,1.0,0.54000000000000004,0.51519999999999999,0.59999999999999998,0.089599999999999999,1.0,0.0,5.0,1.0,140.0
1.0,6.0,9.0,1.0,0.60000000000000009,0.62119999999999997,0.46000000000000002,0.19399999999999998,1.0,0.0,5.0,1.0,300.0
1.0,6.0,10.0,1.0,0.62,0.62119999999999997,0.42999999999999999,0.22390000000000002,1.0,0.0,5.0,1.0,404.0
1.0,6.0,11.0,1.0,0.64000000000000001,0.62119999999999997,0.40999999999999998,0.25370000000000004,1.0,0.0,5.0,1.0,511.0
1.0,6.0,12.0,1.0,0.65999999999999992,0.62119999999999997,0.39000000000000001,0.29850000000000004,1.0,0.0,5.0,1.0,684.0
1.0,6.0,13.0,1.0,0.67999999999999994,0.63639999999999997,0.35999999999999999,0.28360000000000002,1.0,0.0,5.0,1.0,686.0
1.0,6.0,14.0,1.0,0.67999999999999994,0.63639999999999997,0.35999999999999999,0.32840000000000003,1.0,0.0,5.0,1.0,678.0
1.0,6.0,15.0,1.0,0.69999999999999996,0.63639999999999997,0.34000000000000002,0.0,1.0,0.0,5.0,1.0,644.0
1.0,6.0,16.0,1.0,0.69999999999999996,0.63639999999999997,0.34000000000000002,0.29850000000000004,1.0,0.0,5.0,1.0,662.0
1.0,6.0,17.0,1.0,0.69999999999999996,0.63639999999999997,0.34000000000000002,0.25370000000000004,1.0,0.0,5.0,1.0,578.0
1.0,6.0,18.0,1.0,0.69999999999999996,0.63639999999999997,0.34000000000000002,0.25370000000000004,1.0,0.0,5.0,1.0,496.0
1.0,6.0,19.0,1.0,0.67999999999999994,0.63639999999999997,0.34000000000000002,0.28360000000000002,1.0,0.0,5.0,1.0,453.0
1.0,6.0,20.0,1.0,0.65999999999999992,0.62119999999999997,0.39000000000000001,0.19399999999999998,1.0,0.0,5.0,1.0,314.0
1.0,6.0,21.0,1.0,0.62,0.62119999999999997,0.42999999999999999,0.16420000000000001,1.0,0.0,5.0,1.0,246.0
1.0,6.0,22.0,1.0,0.62,0.62119999999999997,0.5,0.3881,1.0,0.0,5.0,1.0,226.0
1.0,6.0,23.0,1.0,0.58000000000000007,0.54549999999999998,0.53000000000000003,0.1045,1.0,0.0,5.0,1.0,108.0
1.0,6.0,0.0,1.0,0.58000000000000007,0.54549999999999998,0.53000000000000003,0.0,1.0,0.0,6.0,0.0,49.0
1.0,6.0,1.0,3.0,0.56000000000000005,0.53029999999999999,0.59999999999999998,0.16420000000000001,1.0,0.0,6.0,0.0,14.0
1.0,6.0,2.0,1.0,0.56000000000000005,0.53029999999999999,0.59999999999999998,0.22390000000000002,1.0,0.0,6.0,0.0,11.0
1.0,6.0,3.0,2.0,0.56000000000000005,0.53029999999999999,0.59999999999999998,0.16420000000000001,1.0,0.0,6.0,0.0,5.0
1.0,6.0,4.0,1.0,0.54000000000000004,0.51519999999999999,0.64000000000000001,0.089599999999999999,1.0,0.0,6.0,0.0,8.0
1.0,6.0,5.0,1.0,0.52000000000000002,0.5,0.68000000000000005,0.0,1.0,0.0,6.0,0.0,35.0
1.0,6.0,6.0,1.0,0.52000000000000002,0.5,0.68000000000000005,0.0,1.0,0.0,6.0,0.0,139.0
1.0,6.0,7.0,1.0,0.56000000000000005,0.53029999999999999,0.59999999999999998,0.22390000000000002,1.0,0.0,6.0,0.0,517.0
1.0,6.0,8.0,1.0,0.60000000000000009,0.62119999999999997,0.48999999999999999,0.22390000000000002,1.0,0.0,6.0,0.0,665.0
1.0,6.0,9.0,1.0,0.62,0.62119999999999997,0.42999999999999999,0.28360000000000002,1.0,0.0,6.0,0.0,282.0
1.0,6.0,10.0,1.0,0.64000000000000001,0.62119999999999997,0.40999999999999998,0.4627,1.0,0.0,6.0,0.0,187.0
1.0,6.0,11.0,1.0,0.64000000000000001,0.62119999999999997,0.38,0.49250000000000005,1.0,0.0,6.0,0.0,239.0
1.0,6.0,12.0,1.0,0.64000000000000001,0.62119999999999997,0.40999999999999998,0.44780000000000003,1.0,0.0,6.0,0.0,282.0
1.0,6.0,13.0,1.0,0.64000000000000001,0.62119999999999997,0.40999999999999998,0.35820000000000002,1.0,0.0,6.0,0.0,274.0
1.0,6.0,14.0,1.0,0.62,0.62119999999999997,0.40999999999999998,0.49250000000000005,1.0,0.0,6.0,0.0,270.0
1.0,6.0,15.0,1.0,0.65999999999999992,0.62119999999999997,0.39000000000000001,0.29850000000000004,1.0,0.0,6.0,0.0,292.0
1.0,6.0,16.0,1.0,0.65999999999999992,0.62119999999999997,0.39000000000000001,0.4627,1.0,0.0,6.0,0.0,448.0
1.0,6.0,17.0,1.0,0.64000000000000001,0.62119999999999997,0.38,0.44780000000000003,1.0,0.0,6.0,0.0,834.0
1.0,6.0,18.0,1.0,0.64000000000000001,0.62119999999999997,0.38,0.3881,1.0,0.0,6.0,0.0,822.0
1.0,6.0,19.0,1.0,0.62,0.62119999999999997,0.38,0.41790000000000005,1.0,0.0,6.0,0.0,645.0
1.0,6.0,20.0,1.0,0.60000000000000009,0.62119999999999997,0.40000000000000002,0.35820000000000002,1.0,0.0,6.0,0.0,461.0
1.0,6.0,21.0,1.0,0.58000000000000007,0.54549999999999998,0.48999999999999999,0.25370000000000004,1.0,0.0,6.0,0.0,265.0
1.0,6.0,22.0,1.0,0.56000000000000005,0.53029999999999999,0.52000000000000002,0.28360000000000002,1.0,0.0,6.0,0.0,168.0
1.0,6.0,23.0,1.0,0.58000000000000007,0.54549999999999998,0.48999999999999999,0.29850000000000004,1.0,0.0,6.0,0.0,86.0
1.0,6.0,0.0,1.0,0.54000000000000004,0.51519999999999999,0.68000000000000005,0.41790000000000005,1.0,0.0,7.0,0.0,34.0
1.0,6.0,1.0,2.0,0.52000000000000002,0.5,0.77000000000000002,0.32840000000000003,1.0,0.0,7.0,0.0,20.0
1.0,6.0,2.0,3.0,0.52000000000000002,0.5,0.71999999999999997,0.29850000000000004,1.0,0.0,7.0,0.0,8.0
1.0,6.0,3.0,3.0,0.5,0.48479999999999995,0.81999999999999995,0.19399999999999998,1.0,0.0,7.0,0.0,5.0
1.0,6.0,4.0,3.0,0.5,0.48479999999999995,0.81999999999999995,0.19399999999999998,1.0,0.0,7.0,0.0,5.0
1.0,6.0,5.0,3.0,0.47999999999999998,0.46970000000000001,0.81999999999999995,0.16420000000000001,1.0,0.0,7.0,0.0,36.0
1.0,6.0,6.0,1.0,0.47999999999999998,0.46970000000000001,0.81999999999999995,0.25370000000000004,1.0,0.0,7.0,0.0,184.0
1.0,6.0,7.0,1.0,0.47999999999999998,0.46970000000000001,0.77000000000000002,0.29850000000000004,1.0,0.0,7.0,0.0,569.0
1.0,6.0,8.0,2.0,0.47999999999999998,0.46970000000000001,0.77000000000000002,0.22390000000000002,1.0,0.0,7.0,0.0,710.0
1.0,6.0,9.0,2.0,0.52000000000000002,0.5,0.71999999999999997,0.25370000000000004,1.0,0.0,7.0,0.0,335.0
1.0,6.0,10.0,2.0,0.52000000000000002,0.5,0.63,0.29850000000000004,1.0,0.0,7.0,0.0,176.0
1.0,6.0,11.0,2.0,0.56000000000000005,0.53029999999999999,0.56000000000000005,0.19399999999999998,1.0,0.0,7.0,0.0,227.0
1.0,6.0,12.0,2.0,0.54000000000000004,0.51519999999999999,0.56000000000000005,0.22390000000000002,1.0,0.0,7.0,0.0,247.0
1.0,6.0,13.0,2.0,0.60000000000000009,0.62119999999999997,0.46000000000000002,0.16420000000000001,1.0,0.0,7.0,0.0,267.0
1.0,6.0,14.0,2.0,0.58000000000000007,0.54549999999999998,0.46000000000000002,0.16420000000000001,1.0,0.0,7.0,0.0,276.0
1.0,6.0,15.0,2.0,0.58000000000000007,0.54549999999999998,0.46000000000000002,0.1343,1.0,0.0,7.0,0.0,272.0
1.0,6.0,16.0,1.0,0.60000000000000009,0.62119999999999997,0.42999999999999999,0.19399999999999998,1.0,0.0,7.0,0.0,473.0
1.0,6.0,17.0,1.0,0.60000000000000009,0.62119999999999997,0.42999999999999999,0.0,1.0,0.0,7.0,0.0,850.0
1.0,6.0,18.0,1.0,0.60000000000000009,0.62119999999999997,0.42999999999999999,0.19399999999999998,1.0,0.0,7.0,0.0,790.0
1.0,6.0,19.0,1.0,0.58000000000000007,0.54549999999999998,0.46000000000000002,0.25370000000000004,1.0,0.0,7.0,0.0,513.0
1.0,6.0,20.0,1.0,0.56000000000000005,0.53029999999999999,0.48999999999999999,0.22390000000000002,1.0,0.0,7.0,0.0,415.0
1.0,6.0,21.0,1.0,0.54000000000000004,0.51519999999999999,0.56000000000000005,0.16420000000000001,1.0,0.0,7.0,0.0,283.0
1.0,6.0,22.0,1.0,0.56000000000000005,0.53029999999999999,0.52000000000000002,0.1045,1.0,0.0,7.0,0.0,193.0
1.0,6.0,23.0,1.0,0.54000000000000004,0.51519999999999999,0.56000000000000005,0.089599999999999999,1.0,0.0,7.0,0.0,113.0
1.0,6.0,0.0,1.0,0.52000000000000002,0.5,0.58999999999999997,0.089599999999999999,1.0,0.0,1.0,1.0,49.0
1.0,6.0,1.0,1.0,0.52000000000000002,0.5,0.68000000000000005,0.0,1.0,0.0,1.0,1.0,27.0
1.0,6.0,2.0,1.0,0.5,0.48479999999999995,0.68000000000000005,0.0,1.0,0.0,1.0,1.0,11.0
1.0,6.0,3.0,1.0,0.45999999999999996,0.45450000000000002,0.81999999999999995,0.0,1.0,0.0,1.0,1.0,8.0
1.0,6.0,4.0,1.0,0.45999999999999996,0.45450000000000002,0.81999999999999995,0.1045,1.0,0.0,1.0,1.0,10.0
1.0,6.0,5.0,1.0,0.47999999999999998,0.46970000000000001,0.77000000000000002,0.0,1.0,0.0,1.0,1.0,38.0
1.0,6.0,6.0,1.0,0.47999999999999998,0.46970000000000001,0.77000000000000002,0.0,1.0,0.0,1.0,1.0,172.0
1.0,6.0,7.0,1.0,0.5,0.48479999999999995,0.71999999999999997,0.0,1.0,0.0,1.0,1.0,547.0
1.0,6.0,8.0,1.0,0.54000000000000004,0.51519999999999999,0.68000000000000005,0.0,1.0,0.0,1.0,1.0,668.0
1.0,6.0,9.0,1.0,0.56000000000000005,0.53029999999999999,0.59999999999999998,0.089599999999999999,1.0,0.0,1.0,1.0,303.0
1.0,6.0,10.0,1.0,0.60000000000000009,0.62119999999999997,0.46000000000000002,0.089599999999999999,1.0,0.0,1.0,1.0,203.0
1.0,6.0,11.0,1.0,0.62,0.62119999999999997,0.42999999999999999,0.089599999999999999,1.0,0.0,1.0,1.0,226.0
1.0,6.0,12.0,1.0,0.62,0.62119999999999997,0.38,0.0,1.0,0.0,1.0,1.0,315.0
1.0,6.0,13.0,1.0,0.62,0.62119999999999997,0.40999999999999998,0.089599999999999999,1.0,0.0,1.0,1.0,303.0
1.0,6.0,14.0,1.0,0.64000000000000001,0.62119999999999997,0.38,0.0,1.0,0.0,1.0,1.0,302.0
1.0,6.0,15.0,1.0,0.64000000000000001,0.62119999999999997,0.38,0.0,1.0,0.0,1.0,1.0,300.0
1.0,6.0,16.0,1.0,0.64000000000000001,0.62119999999999997,0.40999999999999998,0.1343,1.0,0.0,1.0,1.0,452.0
1.0,6.0,17.0,1.0,0.62,0.62119999999999997,0.42999999999999999,0.1343,1.0,0.0,1.0,1.0,724.0
1.0,6.0,18.0,3.0,0.60000000000000009,0.62119999999999997,0.53000000000000003,0.19399999999999998,1.0,0.0,1.0,1.0,782.0
1.0,6.0,19.0,1.0,0.56000000000000005,0.53029999999999999,0.72999999999999998,0.29850000000000004,1.0,0.0,1.0,1.0,538.0
1.0,6.0,20.0,1.0,0.54000000000000004,0.51519999999999999,0.72999999999999998,0.28360000000000002,1.0,0.0,1.0,1.0,408.0
1.0,6.0,21.0,1.0,0.54000000000000004,0.51519999999999999,0.72999999999999998,0.16420000000000001,1.0,0.0,1.0,1.0,298.0
1.0,6.0,22.0,1.0,0.52000000000000002,0.5,0.77000000000000002,0.089599999999999999,1.0,0.0,1.0,1.0,248.0
1.0,6.0,23.0,1.0,0.52000000000000002,0.5,0.77000000000000002,0.0,1.0,0.0,1.0,1.0,123.0
1.0,6.0,0.0,1.0,0.52000000000000002,0.5,0.77000000000000002,0.1343,1.0,0.0,2.0,1.0,59.0
1.0,6.0,1.0,1.0,0.52000000000000002,0.5,0.77000000000000002,0.16420000000000001,1.0,0.0,2.0,1.0,22.0
1.0,6.0,2.0,1.0,0.52000000000000002,0.5,0.77000000000000002,0.089599999999999999,1.0,0.0,2.0,1.0,12.0
1.0,6.0,3.0,1.0,0.5,0.48479999999999995,0.77000000000000002,0.1045,1.0,0.0,2.0,1.0,5.0
1.0,6.0,4.0,1.0,0.45999999999999996,0.45450000000000002,0.88,0.1045,1.0,0.0,2.0,1.0,6.0
1.0,6.0,5.0,1.0,0.47999999999999998,0.46970000000000001,0.81999999999999995,0.089599999999999999,1.0,0.0,2.0,1.0,34.0
1.0,6.0,6.0,1.0,0.45999999999999996,0.45450000000000002,0.88,0.1045,1.0,0.0,2.0,1.0,170.0
1.0,6.0,7.0,1.0,0.5,0.48479999999999995,0.81999999999999995,0.16420000000000001,1.0,0.0,2.0,1.0,526.0
1.0,6.0,8.0,1.0,0.52000000000000002,0.5,0.77000000000000002,0.0,1.0,0.0,2.0,1.0,681.0
1.0,6.0,9.0,1.0,0.58000000000000007,0.54549999999999998,0.68000000000000005,0.0,1.0,0.0,2.0,1.0,337.0
1.0,6.0,10.0,1.0,0.60000000000000009,0.60609999999999997,0.64000000000000001,0.089599999999999999,1.0,0.0,2.0,1.0,210.0
1.0,6.0,11.0,1.0,0.65999999999999992,0.62119999999999997,0.46999999999999997,0.22390000000000002,1.0,0.0,2.0,1.0,237.0
1.0,6.0,12.0,1.0,0.69999999999999996,0.63639999999999997,0.41999999999999998,0.0,1.0,0.0,2.0,1.0,336.0
1.0,6.0,13.0,1.0,0.69999999999999996,0.63639999999999997,0.37,0.28360000000000002,1.0,0.0,2.0,1.0,315.0
1.0,6.0,14.0,1.0,0.71999999999999997,0.65150000000000008,0.37,0.25370000000000004,1.0,0.0,2.0,1.0,265.0
1.0,6.0,15.0,1.0,0.73999999999999999,0.65150000000000008,0.29999999999999999,0.0,1.0,0.0,2.0,1.0,333.0
1.0,6.0,16.0,1.0,0.71999999999999997,0.65150000000000008,0.34000000000000002,0.22390000000000002,1.0,0.0,2.0,1.0,466.0
1.0,6.0,17.0,1.0,0.71999999999999997,0.65150000000000008,0.34000000000000002,0.25370000000000004,1.0,0.0,2.0,1.0,869.0
1.0,6.0,18.0,1.0,0.69999999999999996,0.63639999999999997,0.34000000000000002,0.28360000000000002,1.0,0.0,2.0,1.0,813.0
1.0,6.0,19.0,1.0,0.69999999999999996,0.63639999999999997,0.34000000000000002,0.28360000000000002,1.0,0.0,2.0,1.0,602.0
1.0,6.0,20.0,1.0,0.65999999999999992,0.62119999999999997,0.35999999999999999,0.29850000000000004,1.0,0.0,2.0,1.0,478.0
1.0,6.0,21.0,1.0,0.62,0.62119999999999997,0.40999999999999998,0.32840000000000003,1.0,0.0,2.0,1.0,313.0
1.0,6.0,22.0,1.0,0.60000000000000009,0.62119999999999997,0.46000000000000002,0.16420000000000001,1.0,0.0,2.0,1.0,228.0
1.0,6.0,23.0,1.0,0.56000000000000005,0.53029999999999999,0.52000000000000002,0.1343,1.0,0.0,2.0,1.0,177.0
1.0,6.0,0.0,1.0,0.56000000000000005,0.53029999999999999,0.56000000000000005,0.16420000000000001,1.0,0.0,3.0,1.0,77.0
1.0,6.0,1.0,1.0,0.56000000000000005,0.53029999999999999,0.56000000000000005,0.16420000000000001,1.0,0.0,3.0,1.0,29.0
1.0,6.0,2.0,1.0,0.56000000000000005,0.53029999999999999,0.56000000000000005,0.0,1.0,0.0,3.0,1.0,19.0
1.0,6.0,3.0,1.0,0.54000000000000004,0.51519999999999999,0.59999999999999998,0.089599999999999999,1.0,0.0,3.0,1.0,8.0
1.0,6.0,4.0,1.0,0.52000000000000002,0.5,0.63,0.0,1.0,0.0,3.0,1.0,10.0
1.0,6.0,5.0,1.0,0.5,0.48479999999999995,0.71999999999999997,0.1045,1.0,0.0,3.0,1.0,29.0
1.0,6.0,6.0,1.0,0.52000000000000002,0.5,0.68000000000000005,0.089599999999999999,1.0,0.0,3.0,1.0,139.0
1.0,6.0,7.0,1.0,0.52000000000000002,0.5,0.71999999999999997,0.1045,1.0,0.0,3.0,1.0,428.0
1.0,6.0,8.0,1.0,0.58000000000000007,0.54549999999999998,0.59999999999999998,0.089599999999999999,1.0,0.0,3.0,1.0,700.0
1.0,6.0,9.0,1.0,0.62,0.62119999999999997,0.53000000000000003,0.16420000000000001,1.0,0.0,3.0,1.0,382.0
1.0,6.0,10.0,1.0,0.65999999999999992,0.62119999999999997,0.46999999999999997,0.25370000000000004,1.0,0.0,3.0,1.0,249.0
1.0,6.0,11.0,1.0,0.69999999999999996,0.63639999999999997,0.41999999999999998,0.25370000000000004,1.0,0.0,3.0,1.0,264.0
1.0,6.0,12.0,1.0,0.71999999999999997,0.65150000000000008,0.39000000000000001,0.32840000000000003,1.0,0.0,3.0,1.0,369.0
1.0,6.0,13.0,1.0,0.73999999999999999,0.65150000000000008,0.37,0.25370000000000004,1.0,0.0,3.0,1.0,416.0
1.0,6.0,14.0,1.0,0.76000000000000001,0.66670000000000007,0.31,0.3881,1.0,0.0,3.0,1.0,373.0
1.0,6.0,15.0,1.0,0.76000000000000001,0.66670000000000007,0.28999999999999998,0.28360000000000002,1.0,0.0,3.0,1.0,397.0
1.0,6.0,16.0,1.0,0.76000000000000001,0.66670000000000007,0.28999999999999998,0.29850000000000004,1.0,0.0,3.0,1.0,523.0
1.0,6.0,17.0,1.0,0.76000000000000001,0.66670000000000007,0.28999999999999998,0.19399999999999998,1.0,0.0,3.0,1.0,793.0
1.0,6.0,18.0,1.0,0.76000000000000001,0.66670000000000007,0.27000000000000002,0.22390000000000002,1.0,0.0,3.0,1.0,723.0
1.0,6.0,19.0,1.0,0.73999999999999999,0.65150000000000008,0.29999999999999999,0.22390000000000002,1.0,0.0,3.0,1.0,555.0
1.0,6.0,20.0,1.0,0.71999999999999997,0.65150000000000008,0.32000000000000001,0.1343,1.0,0.0,3.0,1.0,408.0
1.0,6.0,21.0,1.0,0.69999999999999996,0.63639999999999997,0.37,0.1343,1.0,0.0,3.0,1.0,339.0
1.0,6.0,22.0,1.0,0.67999999999999994,0.63639999999999997,0.40999999999999998,0.1045,1.0,0.0,3.0,1.0,291.0
1.0,6.0,23.0,1.0,0.64000000000000001,0.62119999999999997,0.56999999999999995,0.16420000000000001,1.0,0.0,3.0,1.0,215.0
1.0,6.0,0.0,1.0,0.64000000000000001,0.62119999999999997,0.53000000000000003,0.1045,1.0,0.0,4.0,1.0,206.0
1.0,6.0,1.0,1.0,0.64000000000000001,0.62119999999999997,0.53000000000000003,0.089599999999999999,1.0,0.0,4.0,1.0,123.0
1.0,6.0,2.0,1.0,0.64000000000000001,0.62119999999999997,0.5,0.22390000000000002,1.0,0.0,4.0,1.0,89.0
1.0,6.0,3.0,1.0,0.62,0.62119999999999997,0.56999999999999995,0.0,1.0,0.0,4.0,1.0,40.0
1.0,6.0,4.0,1.0,0.62,0.62119999999999997,0.56999999999999995,0.0,1.0,0.0,4.0,1.0,8.0
1.0,6.0,5.0,1.0,0.60000000000000009,0.62119999999999997,0.56000000000000005,0.1045,1.0,0.0,4.0,1.0,19.0
1.0,6.0,6.0,1.0,0.56000000000000005,0.53029999999999999,0.64000000000000001,0.1045,1.0,0.0,4.0,1.0,80.0
1.0,6.0,7.0,1.0,0.58000000000000007,0.54549999999999998,0.64000000000000001,0.1045,1.0,0.0,4.0,1.0,87.0
1.0,6.0,8.0,1.0,0.62,0.60609999999999997,0.60999999999999999,0.1045,1.0,0.0,4.0,1.0,244.0
1.0,6.0,9.0,1.0,0.64000000000000001,0.62119999999999997,0.56999999999999995,0.16420000000000001,1.0,0.0,4.0,1.0,340.0
1.0,6.0,10.0,1.0,0.69999999999999996,0.65150000000000008,0.51000000000000001,0.1045,1.0,0.0,4.0,1.0,466.0
1.0,6.0,11.0,1.0,0.76000000000000001,0.66670000000000007,0.34999999999999998,0.0,1.0,0.0,4.0,1.0,569.0
1.0,6.0,12.0,1.0,0.79999999999999993,0.69700000000000006,0.28999999999999998,0.25370000000000004,1.0,0.0,4.0,1.0,531.0
1.0,6.0,13.0,1.0,0.81999999999999995,0.69700000000000006,0.23999999999999999,0.28360000000000002,1.0,0.0,4.0,1.0,585.0
1.0,6.0,14.0,1.0,0.81999999999999995,0.69700000000000006,0.23000000000000001,0.19399999999999998,1.0,0.0,4.0,1.0,593.0
1.0,6.0,15.0,1.0,0.83999999999999997,0.71209999999999996,0.20000000000000001,0.29850000000000004,1.0,0.0,4.0,1.0,555.0
1.0,6.0,16.0,1.0,0.81999999999999995,0.69700000000000006,0.23999999999999999,0.19399999999999998,1.0,0.0,4.0,1.0,534.0
1.0,6.0,17.0,1.0,0.83999999999999997,0.71209999999999996,0.23999999999999999,0.0,1.0,0.0,4.0,1.0,495.0
1.0,6.0,18.0,1.0,0.81999999999999995,0.69700000000000006,0.23999999999999999,0.22390000000000002,1.0,0.0,4.0,1.0,451.0
1.0,6.0,19.0,1.0,0.79999999999999993,0.69700000000000006,0.28999999999999998,0.16420000000000001,1.0,0.0,4.0,1.0,360.0
1.0,6.0,20.0,1.0,0.76000000000000001,0.66670000000000007,0.34999999999999998,0.22390000000000002,1.0,0.0,4.0,1.0,363.0
1.0,6.0,21.0,1.0,0.73999999999999999,0.65150000000000008,0.40000000000000002,0.19399999999999998,1.0,0.0,4.0,1.0,316.0
1.0,6.0,22.0,1.0,0.69999999999999996,0.65150000000000008,0.57999999999999996,0.16420000000000001,1.0,0.0,4.0,1.0,214.0
1.0,6.0,23.0,1.0,0.67999999999999994,0.63639999999999997,0.60999999999999999,0.16420000000000001,1.0,0.0,4.0,1.0,230.0
1.0,6.0,0.0,1.0,0.65999999999999992,0.62119999999999997,0.68999999999999995,0.1045,1.0,0.0,5.0,1.0,158.0
1.0,6.0,1.0,1.0,0.64000000000000001,0.60609999999999997,0.72999999999999998,0.1343,1.0,0.0,5.0,1.0,116.0
1.0,6.0,2.0,1.0,0.64000000000000001,0.60609999999999997,0.68999999999999995,0.1343,1.0,0.0,5.0,1.0,73.0
1.0,6.0,3.0,1.0,0.64000000000000001,0.60609999999999997,0.72999999999999998,0.1045,1.0,0.0,5.0,1.0,29.0
1.0,6.0,4.0,1.0,0.62,0.59089999999999998,0.78000000000000003,0.089599999999999999,1.0,0.0,5.0,1.0,10.0
1.0,6.0,5.0,1.0,0.62,0.60609999999999997,0.68999999999999995,0.089599999999999999,1.0,0.0,5.0,1.0,13.0
1.0,6.0,6.0,1.0,0.62,0.59089999999999998,0.72999999999999998,0.0,1.0,0.0,5.0,1.0,30.0
1.0,6.0,7.0,1.0,0.60000000000000009,0.57579999999999998,0.78000000000000003,0.1045,1.0,0.0,5.0,1.0,62.0
1.0,6.0,8.0,1.0,0.64000000000000001,0.60609999999999997,0.72999999999999998,0.089599999999999999,1.0,0.0,5.0,1.0,181.0
1.0,6.0,9.0,1.0,0.69999999999999996,0.65150000000000008,0.57999999999999996,0.0,1.0,0.0,5.0,1.0,266.0
1.0,6.0,10.0,1.0,0.76000000000000001,0.68180000000000007,0.40000000000000002,0.1045,1.0,0.0,5.0,1.0,413.0
1.0,6.0,11.0,1.0,0.76000000000000001,0.68180000000000007,0.45000000000000001,0.089599999999999999,1.0,0.0,5.0,1.0,499.0
1.0,6.0,12.0,1.0,0.81999999999999995,0.71209999999999996,0.29999999999999999,0.0,1.0,0.0,5.0,1.0,502.0
1.0,6.0,13.0,1.0,0.83999999999999997,0.72730000000000006,0.28000000000000003,0.1343,1.0,0.0,5.0,1.0,492.0
1.0,6.0,14.0,1.0,0.83999999999999997,0.72730000000000006,0.29999999999999999,0.1343,1.0,0.0,5.0,1.0,500.0
1.0,6.0,15.0,1.0,0.83999999999999997,0.72730000000000006,0.29999999999999999,0.22390000000000002,1.0,0.0,5.0,1.0,475.0
1.0,6.0,16.0,1.0,0.83999999999999997,0.74239999999999995,0.35999999999999999,0.28360000000000002,1.0,0.0,5.0,1.0,508.0
1.0,6.0,17.0,1.0,0.81999999999999995,0.74239999999999995,0.40999999999999998,0.28360000000000002,1.0,0.0,5.0,1.0,521.0
1.0,6.0,18.0,1.0,0.81999999999999995,0.72730000000000006,0.38,0.22390000000000002,1.0,0.0,5.0,1.0,490.0
1.0,6.0,19.0,1.0,0.81999999999999995,0.71209999999999996,0.28000000000000003,0.28360000000000002,1.0,0.0,5.0,1.0,375.0
1.0,6.0,20.0,1.0,0.76000000000000001,0.68180000000000007,0.47999999999999998,0.16420000000000001,1.0,0.0,5.0,1.0,363.0
1.0,6.0,21.0,1.0,0.71999999999999997,0.68180000000000007,0.62,0.16420000000000001,1.0,0.0,5.0,1.0,253.0
1.0,6.0,22.0,1.0,0.69999999999999996,0.65150000000000008,0.65000000000000002,0.16420000000000001,1.0,0.0,5.0,1.0,159.0
1.0,6.0,23.0,1.0,0.71999999999999997,0.66670000000000007,0.57999999999999996,0.1045,1.0,0.0,5.0,1.0,110.0
1.0,6.0,0.0,1.0,0.69999999999999996,0.65150000000000008,0.65000000000000002,0.1045,1.0,0.0,6.0,0.0,41.0
1.0,6.0,1.0,1.0,0.65999999999999992,0.62119999999999997,0.73999999999999999,0.16420000000000001,1.0,0.0,6.0,0.0,24.0
1.0,6.0,2.0,1.0,0.65999999999999992,0.62119999999999997,0.73999999999999999,0.1045,1.0,0.0,6.0,0.0,17.0
1.0,6.0,3.0,1.0,0.64000000000000001,0.59089999999999998,0.78000000000000003,0.1045,1.0,0.0,6.0,0.0,6.0
1.0,6.0,4.0,1.0,0.64000000000000001,0.59089999999999998,0.78000000000000003,0.1343,1.0,0.0,6.0,0.0,7.0
1.0,6.0,5.0,1.0,0.64000000000000001,0.59089999999999998,0.78000000000000003,0.1343,1.0,0.0,6.0,0.0,37.0
1.0,6.0,6.0,1.0,0.62,0.57579999999999998,0.82999999999999996,0.1045,1.0,0.0,6.0,0.0,144.0
1.0,6.0,7.0,1.0,0.64000000000000001,0.59089999999999998,0.78000000000000003,0.1045,1.0,0.0,6.0,0.0,503.0
1.0,6.0,8.0,1.0,0.65999999999999992,0.62119999999999997,0.73999999999999999,0.1343,1.0,0.0,6.0,0.0,651.0
1.0,6.0,9.0,1.0,0.69999999999999996,0.65150000000000008,0.65000000000000002,0.1343,1.0,0.0,6.0,0.0,316.0
1.0,6.0,10.0,1.0,0.71999999999999997,0.68180000000000007,0.62,0.16420000000000001,1.0,0.0,6.0,0.0,147.0
1.0,6.0,11.0,2.0,0.76000000000000001,0.68180000000000007,0.47999999999999998,0.22390000000000002,1.0,0.0,6.0,0.0,202.0
1.0,6.0,12.0,2.0,0.79999999999999993,0.72730000000000006,0.42999999999999999,0.19399999999999998,1.0,0.0,6.0,0.0,261.0
1.0,6.0,13.0,2.0,0.79999999999999993,0.71209999999999996,0.40999999999999998,0.29850000000000004,1.0,0.0,6.0,0.0,248.0
1.0,6.0,14.0,2.0,0.81999999999999995,0.72730000000000006,0.34000000000000002,0.28360000000000002,1.0,0.0,6.0,0.0,259.0
1.0,6.0,15.0,1.0,0.79999999999999993,0.71209999999999996,0.40999999999999998,0.35820000000000002,1.0,0.0,6.0,0.0,259.0
1.0,6.0,16.0,2.0,0.79999999999999993,0.71209999999999996,0.40999999999999998,0.41790000000000005,1.0,0.0,6.0,0.0,427.0
1.0,6.0,17.0,2.0,0.79999999999999993,0.71209999999999996,0.40999999999999998,0.35820000000000002,1.0,0.0,6.0,0.0,800.0
1.0,6.0,18.0,2.0,0.79999999999999993,0.72730000000000006,0.42999999999999999,0.29850000000000004,1.0,0.0,6.0,0.0,831.0
1.0,6.0,19.0,2.0,0.76000000000000001,0.68180000000000007,0.47999999999999998,0.32840000000000003,1.0,0.0,6.0,0.0,596.0
1.0,6.0,20.0,2.0,0.73999999999999999,0.66670000000000007,0.47999999999999998,0.22390000000000002,1.0,0.0,6.0,0.0,394.0
1.0,6.0,21.0,2.0,0.71999999999999997,0.66670000000000007,0.57999999999999996,0.19399999999999998,1.0,0.0,6.0,0.0,250.0
1.0,6.0,22.0,2.0,0.71999999999999997,0.66670000000000007,0.57999999999999996,0.19399999999999998,1.0,0.0,6.0,0.0,164.0
1.0,6.0,23.0,2.0,0.69999999999999996,0.65150000000000008,0.57999999999999996,0.22390000000000002,1.0,0.0,6.0,0.0,80.0
1.0,6.0,0.0,2.0,0.69999999999999996,0.65150000000000008,0.57999999999999996,0.22390000000000002,1.0,0.0,7.0,0.0,28.0
1.0,6.0,1.0,2.0,0.67999999999999994,0.63639999999999997,0.65000000000000002,0.16420000000000001,1.0,0.0,7.0,0.0,16.0
1.0,6.0,2.0,2.0,0.67999999999999994,0.63639999999999997,0.65000000000000002,0.19399999999999998,1.0,0.0,7.0,0.0,6.0
1.0,6.0,3.0,2.0,0.65999999999999992,0.62119999999999997,0.68999999999999995,0.25370000000000004,1.0,0.0,7.0,0.0,12.0
1.0,6.0,4.0,3.0,0.60000000000000009,0.54549999999999998,0.88,0.16420000000000001,1.0,0.0,7.0,0.0,4.0
1.0,6.0,5.0,3.0,0.60000000000000009,0.54549999999999998,0.88,0.1343,1.0,0.0,7.0,0.0,29.0
1.0,6.0,6.0,2.0,0.60000000000000009,0.54549999999999998,0.88,0.1343,1.0,0.0,7.0,0.0,136.0
1.0,6.0,7.0,3.0,0.62,0.56059999999999999,0.88,0.25370000000000004,1.0,0.0,7.0,0.0,303.0
1.0,6.0,8.0,2.0,0.62,0.56059999999999999,0.88,0.22390000000000002,1.0,0.0,7.0,0.0,613.0
1.0,6.0,9.0,2.0,0.64000000000000001,0.57579999999999998,0.89000000000000001,0.28360000000000002,1.0,0.0,7.0,0.0,285.0
1.0,6.0,10.0,3.0,0.64000000000000001,0.57579999999999998,0.89000000000000001,0.28360000000000002,1.0,0.0,7.0,0.0,125.0
1.0,6.0,11.0,3.0,0.65999999999999992,0.60609999999999997,0.82999999999999996,0.35820000000000002,1.0,0.0,7.0,0.0,65.0
1.0,6.0,12.0,3.0,0.65999999999999992,0.60609999999999997,0.82999999999999996,0.25370000000000004,1.0,0.0,7.0,0.0,95.0
1.0,6.0,13.0,3.0,0.65999999999999992,0.60609999999999997,0.82999999999999996,0.19399999999999998,1.0,0.0,7.0,0.0,59.0
1.0,6.0,14.0,3.0,0.64000000000000001,0.57579999999999998,0.89000000000000001,0.25370000000000004,1.0,0.0,7.0,0.0,60.0
1.0,6.0,15.0,3.0,0.65999999999999992,0.59089999999999998,0.89000000000000001,0.19399999999999998,1.0,0.0,7.0,0.0,116.0
1.0,6.0,16.0,2.0,0.65999999999999992,0.59089999999999998,0.89000000000000001,0.28360000000000002,1.0,0.0,7.0,0.0,239.0
1.0,6.0,17.0,2.0,0.65999999999999992,0.59089999999999998,0.89000000000000001,0.19251794158553492,1.0,0.0,7.0,0.0,681.0
1.0,6.0,18.0,1.0,0.67999999999999994,0.63639999999999997,0.82999999999999996,0.19399999999999998,1.0,0.0,7.0,0.0,653.0
1.0,6.0,19.0,1.0,0.67999999999999994,0.63639999999999997,0.82999999999999996,0.19399999999999998,1.0,0.0,7.0,0.0,491.0
1.0,6.0,20.0,1.0,0.67999999999999994,0.63639999999999997,0.82999999999999996,0.19399999999999998,1.0,0.0,7.0,0.0,386.0
1.0,6.0,21.0,1.0,0.67999999999999994,0.63639999999999997,0.82999999999999996,0.1045,1.0,0.0,7.0,0.0,274.0
1.0,6.0,22.0,1.0,0.65999999999999992,0.59089999999999998,0.93999999999999995,0.1045,1.0,0.0,7.0,0.0,207.0
1.0,6.0,23.0,3.0,0.65999999999999992,0.59089999999999998,0.93999999999999995,0.22390000000000002,1.0,0.0,7.0,0.0,89.0
1.0,6.0,0.0,2.0,0.65999999999999992,0.59089999999999998,0.93999999999999995,0.19399999999999998,1.0,0.0,1.0,1.0,34.0
1.0,6.0,1.0,1.0,0.64000000000000001,0.59089999999999998,0.78000000000000003,0.0,1.0,0.0,1.0,1.0,28.0
1.0,6.0,2.0,1.0,0.62,0.57579999999999998,0.82999999999999996,0.1343,1.0,0.0,1.0,1.0,4.0
1.0,6.0,3.0,1.0,0.62,0.57579999999999998,0.82999999999999996,0.19399999999999998,1.0,0.0,1.0,1.0,8.0
1.0,6.0,4.0,1.0,0.60000000000000009,0.56059999999999999,0.82999999999999996,0.1343,1.0,0.0,1.0,1.0,10.0
1.0,6.0,5.0,1.0,0.60000000000000009,0.56059999999999999,0.82999999999999996,0.19399999999999998,1.0,0.0,1.0,1.0,40.0
1.0,6.0,6.0,1.0,0.60000000000000009,0.56059999999999999,0.82999999999999996,0.22390000000000002,1.0,0.0,1.0,1.0,194.0
1.0,6.0,7.0,1.0,0.60000000000000009,0.56059999999999999,0.82999999999999996,0.29850000000000004,1.0,0.0,1.0,1.0,505.0
1.0,6.0,8.0,2.0,0.62,0.59089999999999998,0.72999999999999998,0.52239999999999998,1.0,0.0,1.0,1.0,713.0
1.0,6.0,9.0,2.0,0.64000000000000001,0.60609999999999997,0.68999999999999995,0.58210000000000006,1.0,0.0,1.0,1.0,352.0
1.0,6.0,10.0,2.0,0.64000000000000001,0.60609999999999997,0.65000000000000002,0.41790000000000005,1.0,0.0,1.0,1.0,198.0
1.0,6.0,11.0,2.0,0.65999999999999992,0.62119999999999997,0.54000000000000004,0.44780000000000003,1.0,0.0,1.0,1.0,246.0
1.0,6.0,12.0,2.0,0.67999999999999994,0.63639999999999997,0.44,0.41790000000000005,1.0,0.0,1.0,1.0,334.0
1.0,6.0,13.0,2.0,0.69999999999999996,0.63639999999999997,0.45000000000000001,0.3881,1.0,0.0,1.0,1.0,255.0
1.0,6.0,14.0,2.0,0.71999999999999997,0.65150000000000008,0.37,0.41790000000000005,1.0,0.0,1.0,1.0,320.0
1.0,6.0,15.0,1.0,0.71999999999999997,0.65150000000000008,0.32000000000000001,0.49250000000000005,1.0,0.0,1.0,1.0,281.0
1.0,6.0,16.0,1.0,0.71999999999999997,0.65150000000000008,0.29999999999999999,0.49250000000000005,1.0,0.0,1.0,1.0,392.0
1.0,6.0,17.0,1.0,0.71999999999999997,0.65150000000000008,0.32000000000000001,0.49250000000000005,1.0,0.0,1.0,1.0,857.0
1.0,6.0,18.0,1.0,0.71999999999999997,0.65150000000000008,0.32000000000000001,0.44780000000000003,1.0,0.0,1.0,1.0,744.0
1.0,6.0,19.0,1.0,0.69999999999999996,0.63639999999999997,0.34000000000000002,0.3881,1.0,0.0,1.0,1.0,671.0
1.0,6.0,20.0,1.0,0.67999999999999994,0.63639999999999997,0.35999999999999999,0.41790000000000005,1.0,0.0,1.0,1.0,448.0
1.0,6.0,21.0,1.0,0.64000000000000001,0.62119999999999997,0.44,0.35820000000000002,1.0,0.0,1.0,1.0,396.0
1.0,6.0,22.0,1.0,0.62,0.62119999999999997,0.5,0.29850000000000004,1.0,0.0,1.0,1.0,238.0
1.0,6.0,23.0,1.0,0.62,0.62119999999999997,0.5,0.28360000000000002,1.0,0.0,1.0,1.0,153.0
1.0,6.0,0.0,1.0,0.60000000000000009,0.62119999999999997,0.53000000000000003,0.29850000000000004,1.0,0.0,2.0,1.0,48.0
1.0,6.0,1.0,1.0,0.60000000000000009,0.62119999999999997,0.56000000000000005,0.22390000000000002,1.0,0.0,2.0,1.0,21.0
1.0,6.0,2.0,2.0,0.62,0.62119999999999997,0.53000000000000003,0.25370000000000004,1.0,0.0,2.0,1.0,9.0
1.0,6.0,3.0,2.0,0.62,0.62119999999999997,0.53000000000000003,0.28360000000000002,1.0,0.0,2.0,1.0,5.0
1.0,6.0,4.0,2.0,0.60000000000000009,0.62119999999999997,0.56000000000000005,0.25370000000000004,1.0,0.0,2.0,1.0,6.0
1.0,6.0,5.0,2.0,0.60000000000000009,0.62119999999999997,0.56000000000000005,0.25370000000000004,1.0,0.0,2.0,1.0,40.0
1.0,6.0,6.0,1.0,0.58000000000000007,0.54549999999999998,0.59999999999999998,0.28360000000000002,1.0,0.0,2.0,1.0,181.0
1.0,6.0,7.0,1.0,0.60000000000000009,0.60609999999999997,0.59999999999999998,0.28360000000000002,1.0,0.0,2.0,1.0,506.0
1.0,6.0,8.0,1.0,0.60000000000000009,0.60609999999999997,0.64000000000000001,0.32840000000000003,1.0,0.0,2.0,1.0,719.0
1.0,6.0,9.0,1.0,0.62,0.60609999999999997,0.60999999999999999,0.22390000000000002,1.0,0.0,2.0,1.0,357.0
1.0,6.0,10.0,1.0,0.64000000000000001,0.60609999999999997,0.65000000000000002,0.41790000000000005,1.0,0.0,2.0,1.0,179.0
1.0,6.0,11.0,1.0,0.65999999999999992,0.62119999999999997,0.56999999999999995,0.25370000000000004,1.0,0.0,2.0,1.0,228.0
1.0,6.0,12.0,2.0,0.65999999999999992,0.62119999999999997,0.60999999999999999,0.22390000000000002,1.0,0.0,2.0,1.0,265.0
1.0,6.0,13.0,1.0,0.67999999999999994,0.63639999999999997,0.56999999999999995,0.16420000000000001,1.0,0.0,2.0,1.0,284.0
1.0,6.0,14.0,1.0,0.69999999999999996,0.65150000000000008,0.54000000000000004,0.28360000000000002,1.0,0.0,2.0,1.0,298.0
1.0,6.0,15.0,1.0,0.73999999999999999,0.66670000000000007,0.47999999999999998,0.29850000000000004,1.0,0.0,2.0,1.0,324.0
1.0,6.0,16.0,1.0,0.71999999999999997,0.66670000000000007,0.51000000000000001,0.28360000000000002,1.0,0.0,2.0,1.0,438.0
1.0,6.0,17.0,1.0,0.71999999999999997,0.66670000000000007,0.47999999999999998,0.22390000000000002,1.0,0.0,2.0,1.0,867.0
1.0,6.0,18.0,1.0,0.73999999999999999,0.66670000000000007,0.41999999999999998,0.19399999999999998,1.0,0.0,2.0,1.0,823.0
1.0,6.0,19.0,1.0,0.69999999999999996,0.65150000000000008,0.47999999999999998,0.25370000000000004,1.0,0.0,2.0,1.0,579.0
1.0,6.0,20.0,1.0,0.65999999999999992,0.62119999999999997,0.65000000000000002,0.25370000000000004,1.0,0.0,2.0,1.0,435.0
1.0,6.0,21.0,1.0,0.64000000000000001,0.60609999999999997,0.65000000000000002,0.16420000000000001,1.0,0.0,2.0,1.0,337.0
1.0,6.0,22.0,2.0,0.64000000000000001,0.60609999999999997,0.65000000000000002,0.22390000000000002,1.0,0.0,2.0,1.0,242.0
1.0,6.0,23.0,2.0,0.62,0.60609999999999997,0.68999999999999995,0.16420000000000001,1.0,0.0,2.0,1.0,172.0
1.0,6.0,0.0,1.0,0.60000000000000009,0.59089999999999998,0.72999999999999998,0.16420000000000001,1.0,0.0,3.0,1.0,94.0
1.0,6.0,1.0,1.0,0.58000000000000007,0.54549999999999998,0.78000000000000003,0.19399999999999998,1.0,0.0,3.0,1.0,51.0
1.0,6.0,2.0,1.0,0.56000000000000005,0.53029999999999999,0.82999999999999996,0.1045,1.0,0.0,3.0,1.0,15.0
1.0,6.0,3.0,1.0,0.56000000000000005,0.53029999999999999,0.82999999999999996,0.16420000000000001,1.0,0.0,3.0,1.0,5.0
1.0,6.0,4.0,1.0,0.56000000000000005,0.53029999999999999,0.82999999999999996,0.16420000000000001,1.0,0.0,3.0,1.0,14.0
1.0,6.0,5.0,1.0,0.54000000000000004,0.51519999999999999,0.88,0.1045,1.0,0.0,3.0,1.0,33.0
1.0,6.0,6.0,1.0,0.54000000000000004,0.51519999999999999,0.82999999999999996,0.1343,1.0,0.0,3.0,1.0,151.0
1.0,6.0,7.0,1.0,0.56000000000000005,0.53029999999999999,0.82999999999999996,0.16420000000000001,1.0,0.0,3.0,1.0,430.0
1.0,6.0,8.0,1.0,0.60000000000000009,0.59089999999999998,0.68999999999999995,0.16420000000000001,1.0,0.0,3.0,1.0,653.0
1.0,6.0,9.0,1.0,0.62,0.60609999999999997,0.65000000000000002,0.16420000000000001,1.0,0.0,3.0,1.0,366.0
1.0,6.0,10.0,1.0,0.64000000000000001,0.62119999999999997,0.56999999999999995,0.16420000000000001,1.0,0.0,3.0,1.0,216.0
1.0,6.0,11.0,1.0,0.65999999999999992,0.62119999999999997,0.5,0.19399999999999998,1.0,0.0,3.0,1.0,286.0
1.0,6.0,12.0,1.0,0.69999999999999996,0.63639999999999997,0.45000000000000001,0.16420000000000001,1.0,0.0,3.0,1.0,403.0
1.0,6.0,13.0,1.0,0.69999999999999996,0.63639999999999997,0.41999999999999998,0.25370000000000004,1.0,0.0,3.0,1.0,393.0
1.0,6.0,14.0,1.0,0.71999999999999997,0.65150000000000008,0.39000000000000001,0.19399999999999998,1.0,0.0,3.0,1.0,376.0
1.0,6.0,15.0,1.0,0.71999999999999997,0.65150000000000008,0.39000000000000001,0.19399999999999998,1.0,0.0,3.0,1.0,377.0
1.0,6.0,16.0,1.0,0.71999999999999997,0.65150000000000008,0.37,0.19399999999999998,1.0,0.0,3.0,1.0,558.0
1.0,6.0,17.0,1.0,0.73999999999999999,0.65150000000000008,0.37,0.28360000000000002,1.0,0.0,3.0,1.0,823.0
1.0,6.0,18.0,1.0,0.71999999999999997,0.65150000000000008,0.39000000000000001,0.22390000000000002,1.0,0.0,3.0,1.0,693.0
1.0,6.0,19.0,1.0,0.69999999999999996,0.63639999999999997,0.41999999999999998,0.16420000000000001,1.0,0.0,3.0,1.0,467.0
1.0,6.0,20.0,1.0,0.67999999999999994,0.63639999999999997,0.44,0.19399999999999998,1.0,0.0,3.0,1.0,385.0
1.0,6.0,21.0,1.0,0.65999999999999992,0.62119999999999997,0.5,0.1045,1.0,0.0,3.0,1.0,333.0
1.0,6.0,22.0,1.0,0.64000000000000001,0.62119999999999997,0.53000000000000003,0.1343,1.0,0.0,3.0,1.0,321.0
1.0,6.0,23.0,1.0,0.62,0.62119999999999997,0.53000000000000003,0.25370000000000004,1.0,0.0,3.0,1.0,222.0
1.0,6.0,0.0,1.0,0.58000000000000007,0.54549999999999998,0.56000000000000005,0.1343,1.0,0.0,4.0,1.0,137.0
1.0,6.0,1.0,1.0,0.56000000000000005,0.53029999999999999,0.56000000000000005,0.0,1.0,0.0,4.0,1.0,95.0
1.0,6.0,2.0,1.0,0.58000000000000007,0.54549999999999998,0.53000000000000003,0.0,1.0,0.0,4.0,1.0,67.0
1.0,6.0,3.0,1.0,0.56000000000000005,0.53029999999999999,0.59999999999999998,0.089599999999999999,1.0,0.0,4.0,1.0,27.0
1.0,6.0,4.0,1.0,0.54000000000000004,0.51519999999999999,0.68000000000000005,0.1343,1.0,0.0,4.0,1.0,8.0
1.0,6.0,5.0,1.0,0.54000000000000004,0.51519999999999999,0.68000000000000005,0.1045,1.0,0.0,4.0,1.0,23.0
1.0,6.0,6.0,1.0,0.54000000000000004,0.51519999999999999,0.68000000000000005,0.19399999999999998,1.0,0.0,4.0,1.0,47.0
1.0,6.0,7.0,1.0,0.54000000000000004,0.51519999999999999,0.68000000000000005,0.19399999999999998,1.0,0.0,4.0,1.0,78.0
1.0,6.0,8.0,1.0,0.58000000000000007,0.54549999999999998,0.64000000000000001,0.16420000000000001,1.0,0.0,4.0,1.0,204.0
1.0,6.0,9.0,1.0,0.60000000000000009,0.60609999999999997,0.59999999999999998,0.089599999999999999,1.0,0.0,4.0,1.0,367.0
1.0,6.0,10.0,1.0,0.64000000000000001,0.62119999999999997,0.46999999999999997,0.19399999999999998,1.0,0.0,4.0,1.0,435.0
1.0,6.0,11.0,1.0,0.65999999999999992,0.62119999999999997,0.39000000000000001,0.16420000000000001,1.0,0.0,4.0,1.0,566.0
1.0,6.0,12.0,1.0,0.67999999999999994,0.63639999999999997,0.40999999999999998,0.1045,1.0,0.0,4.0,1.0,603.0
1.0,6.0,13.0,1.0,0.71999999999999997,0.65150000000000008,0.34000000000000002,0.16420000000000001,1.0,0.0,4.0,1.0,617.0
1.0,6.0,14.0,1.0,0.71999999999999997,0.65150000000000008,0.37,0.22390000000000002,1.0,0.0,4.0,1.0,573.0
1.0,6.0,15.0,1.0,0.73999999999999999,0.65150000000000008,0.34999999999999998,0.25370000000000004,1.0,0.0,4.0,1.0,583.0
1.0,6.0,16.0,2.0,0.71999999999999997,0.65150000000000008,0.37,0.1045,1.0,0.0,4.0,1.0,542.0
1.0,6.0,17.0,2.0,0.71999999999999997,0.65150000000000008,0.37,0.25370000000000004,1.0,0.0,4.0,1.0,593.0
1.0,6.0,18.0,2.0,0.71999999999999997,0.65150000000000008,0.37,0.22390000000000002,1.0,0.0,4.0,1.0,571.0
1.0,6.0,19.0,2.0,0.69999999999999996,0.63639999999999997,0.41999999999999998,0.19399999999999998,1.0,0.0,4.0,1.0,461.0
1.0,6.0,20.0,2.0,0.65999999999999992,0.62119999999999997,0.46999999999999997,0.19399999999999998,1.0,0.0,4.0,1.0,352.0
1.0,6.0,21.0,2.0,0.64000000000000001,0.62119999999999997,0.5,0.22390000000000002,1.0,0.0,4.0,1.0,290.0
1.0,6.0,22.0,1.0,0.62,0.62119999999999997,0.53000000000000003,0.29850000000000004,1.0,0.0,4.0,1.0,280.0
1.0,6.0,23.0,1.0,0.60000000000000009,0.62119999999999997,0.53000000000000003,0.29850000000000004,1.0,0.0,4.0,1.0,183.0
1.0,6.0,0.0,1.0,0.56000000000000005,0.53029999999999999,0.56000000000000005,0.1343,1.0,0.0,5.0,1.0,148.0
1.0,6.0,1.0,1.0,0.56000000000000005,0.53029999999999999,0.59999999999999998,0.16420000000000001,1.0,0.0,5.0,1.0,88.0
1.0,6.0,2.0,1.0,0.56000000000000005,0.53029999999999999,0.56000000000000005,0.089599999999999999,1.0,0.0,5.0,1.0,74.0
1.0,6.0,3.0,1.0,0.54000000000000004,0.51519999999999999,0.64000000000000001,0.1045,1.0,0.0,5.0,1.0,28.0
1.0,6.0,4.0,1.0,0.54000000000000004,0.51519999999999999,0.64000000000000001,0.089599999999999999,1.0,0.0,5.0,1.0,18.0
1.0,6.0,5.0,1.0,0.54000000000000004,0.51519999999999999,0.68000000000000005,0.1343,1.0,0.0,5.0,1.0,17.0
1.0,6.0,6.0,1.0,0.52000000000000002,0.5,0.71999999999999997,0.1045,1.0,0.0,5.0,1.0,23.0
1.0,6.0,7.0,1.0,0.52000000000000002,0.5,0.71999999999999997,0.089599999999999999,1.0,0.0,5.0,1.0,48.0
1.0,6.0,8.0,1.0,0.56000000000000005,0.53029999999999999,0.68000000000000005,0.25370000000000004,1.0,0.0,5.0,1.0,119.0
1.0,6.0,9.0,1.0,0.56000000000000005,0.53029999999999999,0.68000000000000005,0.16420000000000001,1.0,0.0,5.0,1.0,274.0
1.0,6.0,10.0,1.0,0.58000000000000007,0.54549999999999998,0.64000000000000001,0.0,1.0,0.0,5.0,1.0,436.0
1.0,6.0,11.0,1.0,0.62,0.62119999999999997,0.56999999999999995,0.1045,1.0,0.0,5.0,1.0,546.0
1.0,6.0,12.0,1.0,0.62,0.62119999999999997,0.56999999999999995,0.0,1.0,0.0,5.0,1.0,615.0
1.0,6.0,13.0,1.0,0.64000000000000001,0.62119999999999997,0.53000000000000003,0.16420000000000001,1.0,0.0,5.0,1.0,614.0
1.0,6.0,14.0,1.0,0.64000000000000001,0.62119999999999997,0.53000000000000003,0.0,1.0,0.0,5.0,1.0,582.0
1.0,6.0,15.0,1.0,0.65999999999999992,0.62119999999999997,0.5,0.22390000000000002,1.0,0.0,5.0,1.0,463.0
1.0,6.0,16.0,1.0,0.65999999999999992,0.62119999999999997,0.54000000000000004,0.29850000000000004,1.0,0.0,5.0,1.0,580.0
1.0,6.0,17.0,1.0,0.64000000000000001,0.62119999999999997,0.56999999999999995,0.22390000000000002,1.0,0.0,5.0,1.0,593.0
1.0,6.0,18.0,1.0,0.64000000000000001,0.62119999999999997,0.53000000000000003,0.19399999999999998,1.0,0.0,5.0,1.0,513.0
1.0,6.0,19.0,1.0,0.64000000000000001,0.62119999999999997,0.53000000000000003,0.16420000000000001,1.0,0.0,5.0,1.0,390.0
1.0,6.0,20.0,1.0,0.62,0.62119999999999997,0.56999999999999995,0.19399999999999998,1.0,0.0,5.0,1.0,302.0
1.0,6.0,21.0,1.0,0.62,0.62119999999999997,0.56999999999999995,0.19399999999999998,1.0,0.0,5.0,1.0,246.0
1.0,6.0,22.0,1.0,0.60000000000000009,0.60609999999999997,0.59999999999999998,0.19399999999999998,1.0,0.0,5.0,1.0,153.0
1.0,6.0,23.0,1.0,0.58000000000000007,0.54549999999999998,0.64000000000000001,0.19399999999999998,1.0,0.0,5.0,1.0,108.0
1.0,6.0,0.0,1.0,0.56000000000000005,0.53029999999999999,0.72999999999999998,0.25370000000000004,1.0,0.0,6.0,0.0,40.0
1.0,6.0,1.0,1.0,0.54000000000000004,0.51519999999999999,0.77000000000000002,0.22390000000000002,1.0,0.0,6.0,0.0,14.0
1.0,6.0,2.0,1.0,0.54000000000000004,0.51519999999999999,0.77000000000000002,0.22390000000000002,1.0,0.0,6.0,0.0,9.0
1.0,6.0,3.0,2.0,0.52000000000000002,0.5,0.82999999999999996,0.22390000000000002,1.0,0.0,6.0,0.0,4.0
1.0,6.0,4.0,2.0,0.54000000000000004,0.51519999999999999,0.77000000000000002,0.19399999999999998,1.0,0.0,6.0,0.0,9.0
1.0,6.0,5.0,3.0,0.52000000000000002,0.5,0.82999999999999996,0.1343,1.0,0.0,6.0,0.0,23.0
1.0,6.0,6.0,3.0,0.52000000000000002,0.5,0.88,0.1343,1.0,0.0,6.0,0.0,37.0
1.0,6.0,7.0,3.0,0.52000000000000002,0.5,0.93999999999999995,0.22390000000000002,1.0,0.0,6.0,0.0,145.0
1.0,6.0,8.0,2.0,0.54000000000000004,0.51519999999999999,0.82999999999999996,0.19399999999999998,1.0,0.0,6.0,0.0,474.0
1.0,6.0,9.0,2.0,0.54000000000000004,0.51519999999999999,0.82999999999999996,0.22390000000000002,1.0,0.0,6.0,0.0,250.0
1.0,6.0,10.0,3.0,0.54000000000000004,0.51519999999999999,0.88,0.1045,1.0,0.0,6.0,0.0,91.0
1.0,6.0,11.0,2.0,0.54000000000000004,0.51519999999999999,0.88,0.16420000000000001,1.0,0.0,6.0,0.0,121.0
1.0,6.0,12.0,3.0,0.56000000000000005,0.53029999999999999,0.78000000000000003,0.1343,1.0,0.0,6.0,0.0,168.0
1.0,6.0,13.0,2.0,0.58000000000000007,0.54549999999999998,0.72999999999999998,0.1343,1.0,0.0,6.0,0.0,225.0
1.0,6.0,14.0,2.0,0.58000000000000007,0.54549999999999998,0.68000000000000005,0.19399999999999998,1.0,0.0,6.0,0.0,219.0
1.0,6.0,15.0,2.0,0.60000000000000009,0.59089999999999998,0.68999999999999995,0.19399999999999998,1.0,0.0,6.0,0.0,237.0
1.0,6.0,16.0,2.0,0.60000000000000009,0.59089999999999998,0.72999999999999998,0.19399999999999998,1.0,0.0,6.0,0.0,332.0
1.0,6.0,17.0,2.0,0.60000000000000009,0.59089999999999998,0.72999999999999998,0.19399999999999998,1.0,0.0,6.0,0.0,723.0
1.0,6.0,18.0,2.0,0.62,0.60609999999999997,0.68999999999999995,0.16420000000000001,1.0,0.0,6.0,0.0,642.0
1.0,6.0,19.0,2.0,0.62,0.59089999999999998,0.72999999999999998,0.089599999999999999,1.0,0.0,6.0,0.0,463.0
1.0,6.0,20.0,2.0,0.62,0.59089999999999998,0.72999999999999998,0.1343,1.0,0.0,6.0,0.0,362.0
1.0,6.0,21.0,2.0,0.62,0.59089999999999998,0.72999999999999998,0.1045,1.0,0.0,6.0,0.0,273.0
1.0,6.0,22.0,2.0,0.62,0.59089999999999998,0.72999999999999998,0.16420000000000001,1.0,0.0,6.0,0.0,164.0
1.0,6.0,23.0,3.0,0.60000000000000009,0.57579999999999998,0.78000000000000003,0.19399999999999998,1.0,0.0,6.0,0.0,74.0
1.0,6.0,0.0,2.0,0.60000000000000009,0.57579999999999998,0.78000000000000003,0.16420000000000001,1.0,0.0,7.0,0.0,35.0
1.0,6.0,1.0,2.0,0.60000000000000009,0.57579999999999998,0.78000000000000003,0.16420000000000001,1.0,0.0,7.0,0.0,14.0
1.0,6.0,2.0,2.0,0.60000000000000009,0.57579999999999998,0.78000000000000003,0.1343,1.0,0.0,7.0,0.0,15.0
1.0,6.0,3.0,2.0,0.60000000000000009,0.57579999999999998,0.78000000000000003,0.1045,1.0,0.0,7.0,0.0,8.0
1.0,6.0,4.0,2.0,0.60000000000000009,0.57579999999999998,0.78000000000000003,0.1343,1.0,0.0,7.0,0.0,10.0
1.0,6.0,5.0,2.0,0.60000000000000009,0.57579999999999998,0.78000000000000003,0.19399999999999998,1.0,0.0,7.0,0.0,37.0
1.0,6.0,6.0,2.0,0.60000000000000009,0.57579999999999998,0.78000000000000003,0.1045,1.0,0.0,7.0,0.0,161.0
1.0,6.0,7.0,2.0,0.60000000000000009,0.57579999999999998,0.78000000000000003,0.1343,1.0,0.0,7.0,0.0,480.0
1.0,6.0,8.0,2.0,0.60000000000000009,0.57579999999999998,0.78000000000000003,0.16420000000000001,1.0,0.0,7.0,0.0,673.0
1.0,6.0,9.0,1.0,0.64000000000000001,0.60609999999999997,0.72999999999999998,0.089599999999999999,1.0,0.0,7.0,0.0,328.0
1.0,6.0,10.0,1.0,0.64000000000000001,0.60609999999999997,0.72999999999999998,0.089599999999999999,1.0,0.0,7.0,0.0,180.0
1.0,6.0,11.0,1.0,0.65999999999999992,0.62119999999999997,0.68999999999999995,0.1343,1.0,0.0,7.0,0.0,230.0
1.0,6.0,12.0,1.0,0.69999999999999996,0.65150000000000008,0.65000000000000002,0.089599999999999999,1.0,0.0,7.0,0.0,292.0
1.0,6.0,13.0,1.0,0.73999999999999999,0.68180000000000007,0.57999999999999996,0.1343,1.0,0.0,7.0,0.0,272.0
1.0,6.0,14.0,1.0,0.76000000000000001,0.71209999999999996,0.57999999999999996,0.1045,1.0,0.0,7.0,0.0,227.0
1.0,6.0,15.0,1.0,0.78000000000000003,0.74239999999999995,0.58999999999999997,0.16420000000000001,1.0,0.0,7.0,0.0,259.0
1.0,6.0,16.0,1.0,0.79999999999999993,0.75760000000000005,0.55000000000000004,0.22390000000000002,1.0,0.0,7.0,0.0,334.0
1.0,6.0,17.0,1.0,0.79999999999999993,0.75760000000000005,0.55000000000000004,0.19399999999999998,1.0,0.0,7.0,0.0,811.0
1.0,6.0,18.0,1.0,0.79999999999999993,0.75760000000000005,0.55000000000000004,0.16420000000000001,1.0,0.0,7.0,0.0,795.0
1.0,6.0,19.0,1.0,0.79999999999999993,0.77269999999999994,0.58999999999999997,0.22390000000000002,1.0,0.0,7.0,0.0,514.0
1.0,6.0,20.0,1.0,0.79999999999999993,0.75760000000000005,0.55000000000000004,0.25370000000000004,1.0,0.0,7.0,0.0,458.0
1.0,6.0,21.0,1.0,0.76000000000000001,0.71209999999999996,0.62,0.16420000000000001,1.0,0.0,7.0,0.0,276.0
1.0,6.0,22.0,1.0,0.71999999999999997,0.69700000000000006,0.79000000000000004,0.089599999999999999,1.0,0.0,7.0,0.0,291.0
1.0,6.0,23.0,1.0,0.71999999999999997,0.69700000000000006,0.79000000000000004,0.1343,1.0,0.0,7.0,0.0,125.0
1.0,6.0,0.0,1.0,0.69999999999999996,0.66670000000000007,0.79000000000000004,0.19399999999999998,1.0,0.0,1.0,1.0,53.0
1.0,6.0,1.0,1.0,0.67999999999999994,0.63639999999999997,0.79000000000000004,0.19399999999999998,1.0,0.0,1.0,1.0,27.0
1.0,6.0,2.0,1.0,0.65999999999999992,0.60609999999999997,0.82999999999999996,0.16420000000000001,1.0,0.0,1.0,1.0,6.0
1.0,6.0,3.0,1.0,0.65999999999999992,0.60609999999999997,0.82999999999999996,0.1343,1.0,0.0,1.0,1.0,8.0
1.0,6.0,4.0,1.0,0.65999999999999992,0.60609999999999997,0.82999999999999996,0.089599999999999999,1.0,0.0,1.0,1.0,7.0
1.0,6.0,5.0,1.0,0.65999999999999992,0.60609999999999997,0.82999999999999996,0.089599999999999999,1.0,0.0,1.0,1.0,39.0
1.0,6.0,6.0,2.0,0.64000000000000001,0.57579999999999998,0.89000000000000001,0.089599999999999999,1.0,0.0,1.0,1.0,165.0
1.0,6.0,7.0,2.0,0.65999999999999992,0.59089999999999998,0.89000000000000001,0.0,1.0,0.0,1.0,1.0,464.0
1.0,6.0,8.0,2.0,0.69999999999999996,0.66670000000000007,0.79000000000000004,0.1045,1.0,0.0,1.0,1.0,643.0
1.0,6.0,9.0,2.0,0.71999999999999997,0.69700000000000006,0.73999999999999999,0.0,1.0,0.0,1.0,1.0,316.0
1.0,6.0,10.0,1.0,0.81999999999999995,0.77269999999999994,0.52000000000000002,0.1343,1.0,0.0,1.0,1.0,167.0
1.0,6.0,11.0,1.0,0.83999999999999997,0.78790000000000004,0.48999999999999999,0.19399999999999998,1.0,0.0,1.0,1.0,188.0
1.0,6.0,12.0,1.0,0.85999999999999999,0.80299999999999994,0.46999999999999997,0.16420000000000001,1.0,0.0,1.0,1.0,180.0
1.0,6.0,13.0,1.0,0.85999999999999999,0.78790000000000004,0.44,0.1045,1.0,0.0,1.0,1.0,211.0
1.0,6.0,14.0,1.0,0.88,0.80299999999999994,0.39000000000000001,0.19399999999999998,1.0,0.0,1.0,1.0,190.0
1.0,6.0,15.0,1.0,0.89999999999999991,0.81819999999999993,0.34999999999999998,0.0,1.0,0.0,1.0,1.0,179.0
1.0,6.0,16.0,1.0,0.89999999999999991,0.81819999999999993,0.34999999999999998,0.1045,1.0,0.0,1.0,1.0,335.0
1.0,6.0,17.0,1.0,0.89999999999999991,0.81819999999999993,0.37,0.0,1.0,0.0,1.0,1.0,691.0
1.0,6.0,18.0,1.0,0.89999999999999991,0.81819999999999993,0.37,0.0,1.0,0.0,1.0,1.0,672.0
1.0,6.0,19.0,1.0,0.88,0.78790000000000004,0.37,0.25370000000000004,1.0,0.0,1.0,1.0,539.0
1.0,6.0,20.0,1.0,0.85999999999999999,0.77269999999999994,0.39000000000000001,0.22390000000000002,1.0,0.0,1.0,1.0,407.0
1.0,6.0,21.0,1.0,0.83999999999999997,0.75760000000000005,0.44,0.089599999999999999,1.0,0.0,1.0,1.0,344.0
1.0,6.0,22.0,1.0,0.81999999999999995,0.75760000000000005,0.46000000000000002,0.1045,1.0,0.0,1.0,1.0,257.0
1.0,6.0,23.0,1.0,0.78000000000000003,0.74239999999999995,0.58999999999999997,0.1045,1.0,0.0,1.0,1.0,123.0
1.0,6.0,0.0,1.0,0.73999999999999999,0.69700000000000006,0.69999999999999996,0.089599999999999999,1.0,0.0,2.0,1.0,69.0
1.0,6.0,1.0,1.0,0.71999999999999997,0.69700000000000006,0.79000000000000004,0.1343,1.0,0.0,2.0,1.0,18.0
1.0,6.0,2.0,1.0,0.71999999999999997,0.69700000000000006,0.79000000000000004,0.1045,1.0,0.0,2.0,1.0,18.0
1.0,6.0,3.0,1.0,0.71999999999999997,0.69700000000000006,0.73999999999999999,0.0,1.0,0.0,2.0,1.0,11.0
1.0,6.0,4.0,1.0,0.69999999999999996,0.66670000000000007,0.83999999999999997,0.089599999999999999,1.0,0.0,2.0,1.0,12.0
1.0,6.0,5.0,1.0,0.69999999999999996,0.66670000000000007,0.83999999999999997,0.1045,1.0,0.0,2.0,1.0,40.0
1.0,6.0,6.0,2.0,0.69999999999999996,0.66670000000000007,0.83999999999999997,0.089599999999999999,1.0,0.0,2.0,1.0,150.0
1.0,6.0,7.0,2.0,0.69999999999999996,0.66670000000000007,0.83999999999999997,0.089599999999999999,1.0,0.0,2.0,1.0,463.0
1.0,6.0,8.0,1.0,0.73999999999999999,0.69700000000000006,0.69999999999999996,0.0,1.0,0.0,2.0,1.0,590.0
1.0,6.0,9.0,1.0,0.79999999999999993,0.75760000000000005,0.55000000000000004,0.19399999999999998,1.0,0.0,2.0,1.0,256.0
1.0,6.0,10.0,1.0,0.83999999999999997,0.78790000000000004,0.48999999999999999,0.1045,1.0,0.0,2.0,1.0,150.0
1.0,6.0,11.0,1.0,0.85999999999999999,0.78790000000000004,0.40999999999999998,0.1343,1.0,0.0,2.0,1.0,161.0
1.0,6.0,12.0,1.0,0.89999999999999991,0.81819999999999993,0.34999999999999998,0.19399999999999998,1.0,0.0,2.0,1.0,215.0
1.0,6.0,13.0,1.0,0.89999999999999991,0.81819999999999993,0.34999999999999998,0.0,1.0,0.0,2.0,1.0,172.0
1.0,6.0,14.0,1.0,0.88,0.78790000000000004,0.37,0.16420000000000001,1.0,0.0,2.0,1.0,176.0
1.0,6.0,15.0,1.0,0.91999999999999993,0.83329999999999993,0.33000000000000002,0.16420000000000001,1.0,0.0,2.0,1.0,194.0
1.0,6.0,16.0,1.0,0.89999999999999991,0.81819999999999993,0.34999999999999998,0.1343,1.0,0.0,2.0,1.0,320.0
1.0,6.0,17.0,1.0,0.88,0.78790000000000004,0.37,0.0,1.0,0.0,2.0,1.0,615.0
1.0,6.0,18.0,1.0,0.85999999999999999,0.78790000000000004,0.40999999999999998,0.19399999999999998,1.0,0.0,2.0,1.0,640.0
1.0,6.0,19.0,1.0,0.88,0.80299999999999994,0.39000000000000001,0.22390000000000002,1.0,0.0,2.0,1.0,499.0
1.0,6.0,20.0,1.0,0.85999999999999999,0.78790000000000004,0.44,0.19399999999999998,1.0,0.0,2.0,1.0,436.0
1.0,6.0,21.0,1.0,0.81999999999999995,0.77269999999999994,0.52000000000000002,0.19399999999999998,1.0,0.0,2.0,1.0,311.0
1.0,6.0,22.0,1.0,0.79999999999999993,0.78790000000000004,0.63,0.16420000000000001,1.0,0.0,2.0,1.0,243.0
1.0,6.0,23.0,1.0,0.79999999999999993,0.77269999999999994,0.58999999999999997,0.089599999999999999,1.0,0.0,2.0,1.0,146.0
1.0,6.0,0.0,2.0,0.76000000000000001,0.72730000000000006,0.69999999999999996,0.1045,1.0,0.0,3.0,1.0,93.0
1.0,6.0,1.0,1.0,0.76000000000000001,0.74239999999999995,0.75,0.16420000000000001,1.0,0.0,3.0,1.0,31.0
1.0,6.0,2.0,1.0,0.73999999999999999,0.71209999999999996,0.79000000000000004,0.0,1.0,0.0,3.0,1.0,12.0
1.0,6.0,3.0,1.0,0.73999999999999999,0.71209999999999996,0.79000000000000004,0.0,1.0,0.0,3.0,1.0,7.0
1.0,6.0,4.0,2.0,0.76000000000000001,0.72730000000000006,0.66000000000000003,0.0,1.0,0.0,3.0,1.0,10.0
1.0,6.0,5.0,2.0,0.73999999999999999,0.69700000000000006,0.66000000000000003,0.089599999999999999,1.0,0.0,3.0,1.0,38.0
1.0,6.0,6.0,2.0,0.73999999999999999,0.69700000000000006,0.66000000000000003,0.0,1.0,0.0,3.0,1.0,122.0
1.0,6.0,7.0,1.0,0.73999999999999999,0.68180000000000007,0.57999999999999996,0.16420000000000001,1.0,0.0,3.0,1.0,359.0
1.0,6.0,8.0,1.0,0.76000000000000001,0.69700000000000006,0.55000000000000004,0.1343,1.0,0.0,3.0,1.0,613.0
1.0,6.0,9.0,1.0,0.76000000000000001,0.71209999999999996,0.57999999999999996,0.22390000000000002,1.0,0.0,3.0,1.0,333.0
1.0,6.0,10.0,1.0,0.79999999999999993,0.74239999999999995,0.52000000000000002,0.35820000000000002,1.0,0.0,3.0,1.0,185.0
1.0,6.0,11.0,1.0,0.79999999999999993,0.74239999999999995,0.48999999999999999,0.16420000000000001,1.0,0.0,3.0,1.0,236.0
1.0,6.0,12.0,1.0,0.83999999999999997,0.78790000000000004,0.48999999999999999,0.1343,1.0,0.0,3.0,1.0,254.0
1.0,6.0,13.0,1.0,0.88,0.80299999999999994,0.39000000000000001,0.22390000000000002,1.0,0.0,3.0,1.0,300.0
1.0,6.0,14.0,1.0,0.88,0.80299999999999994,0.39000000000000001,0.22390000000000002,1.0,0.0,3.0,1.0,263.0
1.0,6.0,15.0,1.0,0.89999999999999991,0.81819999999999993,0.34999999999999998,0.35820000000000002,1.0,0.0,3.0,1.0,284.0
1.0,6.0,16.0,1.0,0.89999999999999991,0.80299999999999994,0.31,0.22390000000000002,1.0,0.0,3.0,1.0,380.0
1.0,6.0,17.0,2.0,0.81999999999999995,0.72730000000000006,0.38,0.16420000000000001,1.0,0.0,3.0,1.0,646.0
1.0,6.0,18.0,2.0,0.79999999999999993,0.75760000000000005,0.55000000000000004,0.19399999999999998,1.0,0.0,3.0,1.0,505.0
1.0,6.0,19.0,2.0,0.76000000000000001,0.69700000000000006,0.55000000000000004,0.52239999999999998,1.0,0.0,3.0,1.0,362.0
1.0,6.0,20.0,2.0,0.76000000000000001,0.69700000000000006,0.55000000000000004,0.52239999999999998,1.0,0.0,3.0,1.0,202.0
1.0,6.0,21.0,3.0,0.67999999999999994,0.63639999999999997,0.65000000000000002,0.28360000000000002,1.0,0.0,3.0,1.0,217.0
1.0,6.0,22.0,1.0,0.67999999999999994,0.63639999999999997,0.68999999999999995,0.1343,1.0,0.0,3.0,1.0,197.0
1.0,6.0,23.0,2.0,0.65999999999999992,0.62119999999999997,0.73999999999999999,0.0,1.0,0.0,3.0,1.0,174.0
1.0,6.0,0.0,1.0,0.64000000000000001,0.57579999999999998,0.82999999999999996,0.0,2.0,0.0,4.0,1.0,116.0
1.0,6.0,1.0,1.0,0.65999999999999992,0.60609999999999997,0.78000000000000003,0.1343,2.0,0.0,4.0,1.0,123.0
1.0,6.0,2.0,2.0,0.64000000000000001,0.57579999999999998,0.82999999999999996,0.19399999999999998,2.0,0.0,4.0,1.0,93.0
1.0,6.0,3.0,2.0,0.64000000000000001,0.57579999999999998,0.82999999999999996,0.089599999999999999,2.0,0.0,4.0,1.0,42.0
1.0,6.0,4.0,2.0,0.64000000000000001,0.57579999999999998,0.82999999999999996,0.16420000000000001,2.0,0.0,4.0,1.0,19.0
1.0,6.0,5.0,2.0,0.64000000000000001,0.57579999999999998,0.82999999999999996,0.19399999999999998,2.0,0.0,4.0,1.0,12.0
1.0,6.0,6.0,1.0,0.64000000000000001,0.57579999999999998,0.82999999999999996,0.089599999999999999,2.0,0.0,4.0,1.0,47.0
1.0,6.0,7.0,1.0,0.64000000000000001,0.57579999999999998,0.82999999999999996,0.16420000000000001,2.0,0.0,4.0,1.0,78.0
1.0,6.0,8.0,1.0,0.67999999999999994,0.63639999999999997,0.68999999999999995,0.22390000000000002,2.0,0.0,4.0,1.0,167.0
1.0,6.0,9.0,1.0,0.71999999999999997,0.68180000000000007,0.62,0.19399999999999998,2.0,0.0,4.0,1.0,332.0
1.0,6.0,10.0,1.0,0.73999999999999999,0.68180000000000007,0.55000000000000004,0.19399999999999998,2.0,0.0,4.0,1.0,494.0
1.0,6.0,11.0,1.0,0.76000000000000001,0.68180000000000007,0.47999999999999998,0.22390000000000002,2.0,0.0,4.0,1.0,516.0
1.0,6.0,12.0,1.0,0.79999999999999993,0.72730000000000006,0.42999999999999999,0.19399999999999998,2.0,0.0,4.0,1.0,602.0
1.0,6.0,13.0,1.0,0.81999999999999995,0.72730000000000006,0.34000000000000002,0.19399999999999998,2.0,0.0,4.0,1.0,564.0
1.0,6.0,14.0,1.0,0.78000000000000003,0.68180000000000007,0.33000000000000002,0.25370000000000004,2.0,0.0,4.0,1.0,609.0
1.0,6.0,15.0,1.0,0.83999999999999997,0.72730000000000006,0.29999999999999999,0.32840000000000003,2.0,0.0,4.0,1.0,483.0
1.0,6.0,16.0,1.0,0.83999999999999997,0.71209999999999996,0.26000000000000001,0.29850000000000004,2.0,0.0,4.0,1.0,513.0
1.0,6.0,17.0,1.0,0.81999999999999995,0.71209999999999996,0.26000000000000001,0.25370000000000004,2.0,0.0,4.0,1.0,530.0
1.0,6.0,18.0,1.0,0.81999999999999995,0.71209999999999996,0.26000000000000001,0.29850000000000004,2.0,0.0,4.0,1.0,481.0
1.0,6.0,19.0,1.0,0.79999999999999993,0.69700000000000006,0.27000000000000002,0.19399999999999998,2.0,0.0,4.0,1.0,425.0
1.0,6.0,20.0,1.0,0.78000000000000003,0.68180000000000007,0.31,0.19399999999999998,2.0,0.0,4.0,1.0,386.0
1.0,6.0,21.0,1.0,0.76000000000000001,0.66670000000000007,0.33000000000000002,0.1343,2.0,0.0,4.0,1.0,322.0
1.0,6.0,22.0,1.0,0.73999999999999999,0.65150000000000008,0.37,0.1045,2.0,0.0,4.0,1.0,279.0
1.0,6.0,23.0,1.0,0.71999999999999997,0.65150000000000008,0.44,0.0,2.0,0.0,4.0,1.0,225.0
1.0,6.0,0.0,1.0,0.69999999999999996,0.65150000000000008,0.51000000000000001,0.0,2.0,0.0,5.0,1.0,163.0
1.0,6.0,1.0,2.0,0.67999999999999994,0.63639999999999997,0.54000000000000004,0.089599999999999999,2.0,0.0,5.0,1.0,127.0
1.0,6.0,2.0,2.0,0.67999999999999994,0.63639999999999997,0.51000000000000001,0.0,2.0,0.0,5.0,1.0,114.0
1.0,6.0,3.0,2.0,0.65999999999999992,0.62119999999999997,0.65000000000000002,0.089599999999999999,2.0,0.0,5.0,1.0,60.0
1.0,6.0,4.0,2.0,0.65999999999999992,0.62119999999999997,0.65000000000000002,0.0,2.0,0.0,5.0,1.0,13.0
1.0,6.0,5.0,1.0,0.62,0.60609999999999997,0.68999999999999995,0.1343,2.0,0.0,5.0,1.0,8.0
1.0,6.0,6.0,1.0,0.64000000000000001,0.60609999999999997,0.65000000000000002,0.16420000000000001,2.0,0.0,5.0,1.0,25.0
1.0,6.0,7.0,1.0,0.64000000000000001,0.60609999999999997,0.68999999999999995,0.1045,2.0,0.0,5.0,1.0,71.0
1.0,6.0,8.0,1.0,0.69999999999999996,0.65150000000000008,0.57999999999999996,0.0,2.0,0.0,5.0,1.0,141.0
1.0,6.0,9.0,1.0,0.71999999999999997,0.66670000000000007,0.51000000000000001,0.0,2.0,0.0,5.0,1.0,232.0
1.0,6.0,10.0,1.0,0.76000000000000001,0.68180000000000007,0.40000000000000002,0.0,2.0,0.0,5.0,1.0,452.0
1.0,6.0,11.0,1.0,0.76000000000000001,0.68180000000000007,0.40000000000000002,0.1343,2.0,0.0,5.0,1.0,506.0
1.0,6.0,12.0,1.0,0.79999999999999993,0.69700000000000006,0.33000000000000002,0.22390000000000002,2.0,0.0,5.0,1.0,556.0
1.0,6.0,13.0,1.0,0.79999999999999993,0.69700000000000006,0.33000000000000002,0.28360000000000002,2.0,0.0,5.0,1.0,585.0
1.0,6.0,14.0,1.0,0.83999999999999997,0.72730000000000006,0.29999999999999999,0.29850000000000004,2.0,0.0,5.0,1.0,551.0
1.0,6.0,15.0,1.0,0.85999999999999999,0.74239999999999995,0.28000000000000003,0.22390000000000002,2.0,0.0,5.0,1.0,487.0
1.0,6.0,16.0,1.0,0.83999999999999997,0.72730000000000006,0.29999999999999999,0.25370000000000004,2.0,0.0,5.0,1.0,461.0
1.0,6.0,17.0,1.0,0.83999999999999997,0.72730000000000006,0.32000000000000001,0.25370000000000004,2.0,0.0,5.0,1.0,532.0
1.0,6.0,18.0,1.0,0.81999999999999995,0.72730000000000006,0.34000000000000002,0.25370000000000004,2.0,0.0,5.0,1.0,534.0
1.0,6.0,19.0,1.0,0.79999999999999993,0.71209999999999996,0.38,0.29850000000000004,2.0,0.0,5.0,1.0,423.0
1.0,6.0,20.0,1.0,0.78000000000000003,0.69700000000000006,0.46000000000000002,0.25370000000000004,2.0,0.0,5.0,1.0,332.0
1.0,6.0,21.0,1.0,0.76000000000000001,0.69700000000000006,0.55000000000000004,0.22390000000000002,2.0,0.0,5.0,1.0,253.0
1.0,6.0,22.0,1.0,0.73999999999999999,0.68180000000000007,0.55000000000000004,0.1045,2.0,0.0,5.0,1.0,178.0
1.0,6.0,23.0,1.0,0.73999999999999999,0.68180000000000007,0.57999999999999996,0.1045,2.0,0.0,5.0,1.0,87.0
1.0,6.0,0.0,1.0,0.71999999999999997,0.68180000000000007,0.62,0.25370000000000004,2.0,0.0,6.0,0.0,68.0
1.0,6.0,1.0,1.0,0.69999999999999996,0.65150000000000008,0.65000000000000002,0.22390000000000002,2.0,0.0,6.0,0.0,31.0
1.0,6.0,2.0,1.0,0.69999999999999996,0.65150000000000008,0.69999999999999996,0.22390000000000002,2.0,0.0,6.0,0.0,14.0
1.0,6.0,3.0,1.0,0.67999999999999994,0.63639999999999997,0.68999999999999995,0.25370000000000004,2.0,0.0,6.0,0.0,5.0
1.0,6.0,4.0,1.0,0.65999999999999992,0.60609999999999997,0.78000000000000003,0.25370000000000004,2.0,0.0,6.0,0.0,4.0
1.0,6.0,5.0,1.0,0.65999999999999992,0.62119999999999997,0.73999999999999999,0.16420000000000001,2.0,0.0,6.0,0.0,43.0
1.0,6.0,6.0,1.0,0.64000000000000001,0.59089999999999998,0.78000000000000003,0.16420000000000001,2.0,0.0,6.0,0.0,158.0
1.0,6.0,7.0,1.0,0.65999999999999992,0.62119999999999997,0.73999999999999999,0.22390000000000002,2.0,0.0,6.0,0.0,485.0
1.0,6.0,8.0,1.0,0.65999999999999992,0.62119999999999997,0.68999999999999995,0.19399999999999998,2.0,0.0,6.0,0.0,608.0
1.0,6.0,9.0,1.0,0.69999999999999996,0.65150000000000008,0.65000000000000002,0.19399999999999998,2.0,0.0,6.0,0.0,268.0
1.0,6.0,10.0,1.0,0.76000000000000001,0.69700000000000006,0.55000000000000004,0.16420000000000001,2.0,0.0,6.0,0.0,184.0
1.0,6.0,11.0,1.0,0.79999999999999993,0.72730000000000006,0.42999999999999999,0.32840000000000003,2.0,0.0,6.0,0.0,181.0
1.0,6.0,12.0,2.0,0.76000000000000001,0.68180000000000007,0.45000000000000001,0.29850000000000004,2.0,0.0,6.0,0.0,270.0
1.0,6.0,13.0,1.0,0.71999999999999997,0.66670000000000007,0.51000000000000001,0.29850000000000004,2.0,0.0,6.0,0.0,260.0
1.0,6.0,14.0,1.0,0.78000000000000003,0.69700000000000006,0.42999999999999999,0.25370000000000004,2.0,0.0,6.0,0.0,251.0
1.0,6.0,15.0,1.0,0.78000000000000003,0.68180000000000007,0.38,0.4627,2.0,0.0,6.0,0.0,233.0
1.0,6.0,16.0,1.0,0.79999999999999993,0.69700000000000006,0.31,0.3881,2.0,0.0,6.0,0.0,414.0
1.0,6.0,17.0,1.0,0.79999999999999993,0.68180000000000007,0.23999999999999999,0.4627,2.0,0.0,6.0,0.0,833.0
1.0,6.0,18.0,1.0,0.76000000000000001,0.66670000000000007,0.27000000000000002,0.44780000000000003,2.0,0.0,6.0,0.0,791.0
1.0,6.0,19.0,1.0,0.73999999999999999,0.65150000000000008,0.27000000000000002,0.4627,2.0,0.0,6.0,0.0,582.0
1.0,6.0,20.0,1.0,0.71999999999999997,0.65150000000000008,0.29999999999999999,0.44780000000000003,2.0,0.0,6.0,0.0,475.0
1.0,6.0,21.0,1.0,0.67999999999999994,0.62119999999999997,0.29999999999999999,0.32840000000000003,2.0,0.0,6.0,0.0,331.0
1.0,6.0,22.0,1.0,0.65999999999999992,0.62119999999999997,0.28999999999999998,0.3881,2.0,0.0,6.0,0.0,187.0
1.0,6.0,23.0,1.0,0.64000000000000001,0.62119999999999997,0.33000000000000002,0.32840000000000003,2.0,0.0,6.0,0.0,103.0
1.0,6.0,0.0,1.0,0.62,0.62119999999999997,0.33000000000000002,0.32840000000000003,2.0,0.0,7.0,0.0,37.0
1.0,6.0,1.0,1.0,0.60000000000000009,0.62119999999999997,0.34999999999999998,0.3881,2.0,0.0,7.0,0.0,30.0
1.0,6.0,2.0,1.0,0.56000000000000005,0.53029999999999999,0.42999999999999999,0.28360000000000002,2.0,0.0,7.0,0.0,9.0
1.0,6.0,3.0,1.0,0.54000000000000004,0.51519999999999999,0.45000000000000001,0.28360000000000002,2.0,0.0,7.0,0.0,9.0
1.0,6.0,4.0,1.0,0.54000000000000004,0.51519999999999999,0.45000000000000001,0.29850000000000004,2.0,0.0,7.0,0.0,10.0
1.0,6.0,5.0,1.0,0.52000000000000002,0.5,0.47999999999999998,0.3881,2.0,0.0,7.0,0.0,39.0
1.0,6.0,6.0,1.0,0.52000000000000002,0.5,0.52000000000000002,0.29850000000000004,2.0,0.0,7.0,0.0,188.0
1.0,6.0,7.0,1.0,0.52000000000000002,0.5,0.52000000000000002,0.35820000000000002,2.0,0.0,7.0,0.0,552.0
1.0,6.0,8.0,1.0,0.56000000000000005,0.53029999999999999,0.48999999999999999,0.32840000000000003,2.0,0.0,7.0,0.0,656.0
1.0,6.0,9.0,1.0,0.58000000000000007,0.54549999999999998,0.46000000000000002,0.41790000000000005,2.0,0.0,7.0,0.0,328.0
1.0,6.0,10.0,1.0,0.62,0.62119999999999997,0.40999999999999998,0.35820000000000002,2.0,0.0,7.0,0.0,190.0
1.0,6.0,11.0,1.0,0.64000000000000001,0.62119999999999997,0.35999999999999999,0.41790000000000005,2.0,0.0,7.0,0.0,235.0
1.0,6.0,12.0,1.0,0.65999999999999992,0.62119999999999997,0.34000000000000002,0.44780000000000003,2.0,0.0,7.0,0.0,308.0
1.0,6.0,13.0,1.0,0.69999999999999996,0.63639999999999997,0.29999999999999999,0.4627,2.0,0.0,7.0,0.0,306.0
1.0,6.0,14.0,1.0,0.69999999999999996,0.63639999999999997,0.29999999999999999,0.4627,2.0,0.0,7.0,0.0,267.0
1.0,6.0,15.0,1.0,0.71999999999999997,0.65150000000000008,0.28000000000000003,0.4627,2.0,0.0,7.0,0.0,317.0
1.0,6.0,16.0,1.0,0.71999999999999997,0.63639999999999997,0.26000000000000001,0.49250000000000005,2.0,0.0,7.0,0.0,416.0
1.0,6.0,17.0,1.0,0.71999999999999997,0.65150000000000008,0.28000000000000003,0.41790000000000005,2.0,0.0,7.0,0.0,900.0
1.0,6.0,18.0,1.0,0.71999999999999997,0.65150000000000008,0.28000000000000003,0.35820000000000002,2.0,0.0,7.0,0.0,824.0
1.0,6.0,19.0,1.0,0.71999999999999997,0.65150000000000008,0.28000000000000003,0.22390000000000002,2.0,0.0,7.0,0.0,612.0
1.0,6.0,20.0,1.0,0.69999999999999996,0.63639999999999997,0.29999999999999999,0.28360000000000002,2.0,0.0,7.0,0.0,505.0
1.0,6.0,21.0,1.0,0.67999999999999994,0.63639999999999997,0.34000000000000002,0.19399999999999998,2.0,0.0,7.0,0.0,328.0
1.0,6.0,22.0,1.0,0.65999999999999992,0.62119999999999997,0.34000000000000002,0.25370000000000004,2.0,0.0,7.0,0.0,245.0
1.0,6.0,23.0,1.0,0.62,0.62119999999999997,0.40999999999999998,0.1343,2.0,0.0,7.0,0.0,131.0
1.0,6.0,0.0,1.0,0.62,0.62119999999999997,0.40999999999999998,0.19399999999999998,2.0,0.0,1.0,1.0,54.0
1.0,6.0,1.0,1.0,0.60000000000000009,0.62119999999999997,0.42999999999999999,0.16420000000000001,2.0,0.0,1.0,1.0,23.0
1.0,6.0,2.0,1.0,0.56000000000000005,0.53029999999999999,0.48999999999999999,0.1343,2.0,0.0,1.0,1.0,14.0
1.0,6.0,3.0,1.0,0.58000000000000007,0.54549999999999998,0.46000000000000002,0.089599999999999999,2.0,0.0,1.0,1.0,8.0
1.0,6.0,4.0,1.0,0.60000000000000009,0.62119999999999997,0.40000000000000002,0.25370000000000004,2.0,0.0,1.0,1.0,11.0
1.0,6.0,5.0,1.0,0.60000000000000009,0.62119999999999997,0.42999999999999999,0.28360000000000002,2.0,0.0,1.0,1.0,36.0
1.0,6.0,6.0,1.0,0.58000000000000007,0.54549999999999998,0.46000000000000002,0.28360000000000002,2.0,0.0,1.0,1.0,200.0
1.0,6.0,7.0,1.0,0.60000000000000009,0.62119999999999997,0.42999999999999999,0.35820000000000002,2.0,0.0,1.0,1.0,527.0
1.0,6.0,8.0,1.0,0.62,0.62119999999999997,0.42999999999999999,0.32840000000000003,2.0,0.0,1.0,1.0,687.0
1.0,6.0,9.0,1.0,0.65999999999999992,0.62119999999999997,0.40999999999999998,0.35820000000000002,2.0,0.0,1.0,1.0,282.0
1.0,6.0,10.0,1.0,0.69999999999999996,0.63639999999999997,0.37,0.25370000000000004,2.0,0.0,1.0,1.0,172.0
1.0,6.0,11.0,1.0,0.73999999999999999,0.65150000000000008,0.29999999999999999,0.32840000000000003,2.0,0.0,1.0,1.0,209.0
1.0,6.0,12.0,1.0,0.76000000000000001,0.66670000000000007,0.28999999999999998,0.29850000000000004,2.0,0.0,1.0,1.0,322.0
1.0,6.0,13.0,1.0,0.79999999999999993,0.69700000000000006,0.27000000000000002,0.32840000000000003,2.0,0.0,1.0,1.0,321.0
1.0,6.0,14.0,1.0,0.79999999999999993,0.68180000000000007,0.23999999999999999,0.35820000000000002,2.0,0.0,1.0,1.0,270.0
1.0,6.0,15.0,1.0,0.79999999999999993,0.69700000000000006,0.26000000000000001,0.4627,2.0,0.0,1.0,1.0,249.0
1.0,6.0,16.0,1.0,0.81999999999999995,0.69700000000000006,0.23999999999999999,0.44780000000000003,2.0,0.0,1.0,1.0,392.0
1.0,6.0,17.0,1.0,0.81999999999999995,0.69700000000000006,0.23999999999999999,0.3881,2.0,0.0,1.0,1.0,843.0
1.0,6.0,18.0,1.0,0.79999999999999993,0.69700000000000006,0.27000000000000002,0.32840000000000003,2.0,0.0,1.0,1.0,804.0
1.0,6.0,19.0,1.0,0.78000000000000003,0.68180000000000007,0.28999999999999998,0.32840000000000003,2.0,0.0,1.0,1.0,643.0
1.0,6.0,20.0,1.0,0.76000000000000001,0.66670000000000007,0.31,0.19399999999999998,2.0,0.0,1.0,1.0,445.0
1.0,6.0,21.0,1.0,0.73999999999999999,0.65150000000000008,0.34999999999999998,0.1343,2.0,0.0,1.0,1.0,367.0
1.0,6.0,22.0,1.0,0.71999999999999997,0.65150000000000008,0.39000000000000001,0.089599999999999999,2.0,0.0,1.0,1.0,297.0
1.0,6.0,23.0,1.0,0.67999999999999994,0.63639999999999997,0.46999999999999997,0.1343,2.0,0.0,1.0,1.0,159.0
1.0,6.0,0.0,1.0,0.65999999999999992,0.62119999999999997,0.5,0.1045,2.0,0.0,2.0,1.0,54.0
1.0,6.0,1.0,1.0,0.65999999999999992,0.62119999999999997,0.54000000000000004,0.0,2.0,0.0,2.0,1.0,25.0
1.0,6.0,2.0,1.0,0.65999999999999992,0.62119999999999997,0.5,0.089599999999999999,2.0,0.0,2.0,1.0,13.0
1.0,6.0,3.0,1.0,0.65999999999999992,0.62119999999999997,0.5,0.089599999999999999,2.0,0.0,2.0,1.0,7.0
1.0,6.0,4.0,1.0,0.62,0.60609999999999997,0.60999999999999999,0.1045,2.0,0.0,2.0,1.0,11.0
1.0,6.0,5.0,1.0,0.62,0.62119999999999997,0.56999999999999995,0.089599999999999999,2.0,0.0,2.0,1.0,47.0
1.0,6.0,6.0,1.0,0.62,0.62119999999999997,0.56999999999999995,0.089599999999999999,2.0,0.0,2.0,1.0,193.0
1.0,6.0,7.0,1.0,0.62,0.60609999999999997,0.60999999999999999,0.1045,2.0,0.0,2.0,1.0,508.0
1.0,6.0,8.0,1.0,0.65999999999999992,0.62119999999999997,0.5,0.1343,2.0,0.0,2.0,1.0,617.0
1.0,6.0,9.0,1.0,0.69999999999999996,0.65150000000000008,0.54000000000000004,0.16420000000000001,2.0,0.0,2.0,1.0,351.0
1.0,6.0,10.0,1.0,0.73999999999999999,0.66670000000000007,0.47999999999999998,0.19399999999999998,2.0,0.0,2.0,1.0,184.0
1.0,6.0,11.0,1.0,0.79999999999999993,0.69700000000000006,0.31,0.19399999999999998,2.0,0.0,2.0,1.0,211.0
1.0,6.0,12.0,1.0,0.83999999999999997,0.71209999999999996,0.26000000000000001,0.28360000000000002,2.0,0.0,2.0,1.0,276.0
1.0,6.0,13.0,1.0,0.85999999999999999,0.74239999999999995,0.26000000000000001,0.22390000000000002,2.0,0.0,2.0,1.0,236.0
1.0,6.0,14.0,1.0,0.85999999999999999,0.72730000000000006,0.25,0.32840000000000003,2.0,0.0,2.0,1.0,254.0
1.0,6.0,15.0,1.0,0.85999999999999999,0.72730000000000006,0.25,0.32840000000000003,2.0,0.0,2.0,1.0,219.0
1.0,6.0,16.0,1.0,0.88,0.74239999999999995,0.23000000000000001,0.19399999999999998,2.0,0.0,2.0,1.0,387.0
1.0,6.0,17.0,1.0,0.88,0.74239999999999995,0.22,0.19399999999999998,2.0,0.0,2.0,1.0,705.0
1.0,6.0,18.0,1.0,0.85999999999999999,0.72730000000000006,0.25,0.22390000000000002,2.0,0.0,2.0,1.0,697.0
1.0,6.0,19.0,1.0,0.83999999999999997,0.72730000000000006,0.29999999999999999,0.29850000000000004,2.0,0.0,2.0,1.0,571.0
1.0,6.0,20.0,1.0,0.81999999999999995,0.72730000000000006,0.34000000000000002,0.19399999999999998,2.0,0.0,2.0,1.0,470.0
1.0,6.0,21.0,1.0,0.76000000000000001,0.69700000000000006,0.55000000000000004,0.19399999999999998,2.0,0.0,2.0,1.0,398.0
1.0,6.0,22.0,1.0,0.76000000000000001,0.69700000000000006,0.52000000000000002,0.16420000000000001,2.0,0.0,2.0,1.0,274.0
1.0,6.0,23.0,1.0,0.73999999999999999,0.66670000000000007,0.47999999999999998,0.1343,2.0,0.0,2.0,1.0,171.0
1.0,6.0,0.0,1.0,0.73999999999999999,0.66670000000000007,0.47999999999999998,0.1343,2.0,0.0,3.0,1.0,114.0
1.0,6.0,1.0,1.0,0.73999999999999999,0.66670000000000007,0.51000000000000001,0.16420000000000001,2.0,0.0,3.0,1.0,42.0
1.0,6.0,2.0,1.0,0.71999999999999997,0.66670000000000007,0.57999999999999996,0.19399999999999998,2.0,0.0,3.0,1.0,18.0
1.0,6.0,3.0,1.0,0.71999999999999997,0.66670000000000007,0.57999999999999996,0.19399999999999998,2.0,0.0,3.0,1.0,8.0
1.0,6.0,4.0,1.0,0.69999999999999996,0.65150000000000008,0.65000000000000002,0.16420000000000001,2.0,0.0,3.0,1.0,10.0
1.0,6.0,5.0,1.0,0.69999999999999996,0.65150000000000008,0.60999999999999999,0.1045,2.0,0.0,3.0,1.0,45.0
1.0,6.0,6.0,2.0,0.69999999999999996,0.65150000000000008,0.60999999999999999,0.16420000000000001,2.0,0.0,3.0,1.0,163.0
1.0,6.0,7.0,1.0,0.69999999999999996,0.65150000000000008,0.60999999999999999,0.1045,2.0,0.0,3.0,1.0,380.0
1.0,6.0,8.0,2.0,0.73999999999999999,0.68180000000000007,0.55000000000000004,0.1045,2.0,0.0,3.0,1.0,624.0
1.0,6.0,9.0,1.0,0.76000000000000001,0.69700000000000006,0.55000000000000004,0.16420000000000001,2.0,0.0,3.0,1.0,300.0
1.0,6.0,10.0,1.0,0.89999999999999991,0.83329999999999993,0.39000000000000001,0.29850000000000004,2.0,0.0,3.0,1.0,171.0
1.0,6.0,11.0,2.0,0.89999999999999991,0.84849999999999992,0.41999999999999998,0.28360000000000002,2.0,0.0,3.0,1.0,188.0
1.0,6.0,12.0,2.0,0.91999999999999993,0.87879999999999991,0.40000000000000002,0.25370000000000004,2.0,0.0,3.0,1.0,226.0
1.0,6.0,13.0,1.0,0.93999999999999995,0.87879999999999991,0.38,0.19399999999999998,2.0,0.0,3.0,1.0,239.0
1.0,6.0,14.0,1.0,0.95999999999999996,0.90910000000000002,0.35999999999999999,0.22390000000000002,2.0,0.0,3.0,1.0,233.0
1.0,6.0,15.0,1.0,0.95999999999999996,0.90910000000000002,0.35999999999999999,0.0,2.0,0.0,3.0,1.0,230.0
1.0,6.0,16.0,1.0,0.95999999999999996,0.90910000000000002,0.35999999999999999,0.0,2.0,0.0,3.0,1.0,351.0
1.0,6.0,17.0,1.0,0.97999999999999998,0.92420000000000002,0.34000000000000002,0.19399999999999998,2.0,0.0,3.0,1.0,539.0
1.0,6.0,18.0,1.0,0.95999999999999996,0.86360000000000003,0.31,0.0,2.0,0.0,3.0,1.0,464.0
1.0,6.0,19.0,1.0,0.89999999999999991,0.87879999999999991,0.46999999999999997,0.19399999999999998,2.0,0.0,3.0,1.0,363.0
1.0,6.0,20.0,1.0,0.91999999999999993,0.89390000000000003,0.41999999999999998,0.25370000000000004,2.0,0.0,3.0,1.0,308.0
1.0,6.0,21.0,2.0,0.85999999999999999,0.83329999999999993,0.53000000000000003,0.19399999999999998,2.0,0.0,3.0,1.0,236.0
1.0,6.0,22.0,3.0,0.81999999999999995,0.83329999999999993,0.63,0.19399999999999998,2.0,0.0,3.0,1.0,163.0
1.0,6.0,23.0,3.0,0.81999999999999995,0.83329999999999993,0.63,0.19399999999999998,2.0,0.0,3.0,1.0,48.0
1.0,6.0,0.0,3.0,0.64000000000000001,0.57579999999999998,0.89000000000000001,0.16420000000000001,2.0,0.0,4.0,1.0,69.0
1.0,6.0,1.0,3.0,0.64000000000000001,0.57579999999999998,0.89000000000000001,0.22390000000000002,2.0,0.0,4.0,1.0,58.0
1.0,6.0,2.0,2.0,0.64000000000000001,0.57579999999999998,0.89000000000000001,0.0,2.0,0.0,4.0,1.0,61.0
1.0,6.0,3.0,2.0,0.64000000000000001,0.57579999999999998,0.89000000000000001,0.0,2.0,0.0,4.0,1.0,23.0
1.0,6.0,4.0,2.0,0.62,0.54549999999999998,0.93999999999999995,0.0,2.0,0.0,4.0,1.0,18.0
1.0,6.0,5.0,1.0,0.64000000000000001,0.57579999999999998,0.89000000000000001,0.16420000000000001,2.0,0.0,4.0,1.0,10.0
1.0,6.0,6.0,1.0,0.64000000000000001,0.57579999999999998,0.89000000000000001,0.16420000000000001,2.0,0.0,4.0,1.0,42.0
1.0,6.0,7.0,1.0,0.64000000000000001,0.57579999999999998,0.89000000000000001,0.16420000000000001,2.0,0.0,4.0,1.0,92.0
1.0,6.0,8.0,1.0,0.64000000000000001,0.57579999999999998,0.89000000000000001,0.16420000000000001,2.0,0.0,4.0,1.0,194.0
1.0,6.0,9.0,1.0,0.64000000000000001,0.57579999999999998,0.89000000000000001,0.16420000000000001,2.0,0.0,4.0,1.0,275.0
1.0,6.0,10.0,1.0,0.88,0.77269999999999994,0.29999999999999999,0.25370000000000004,2.0,0.0,4.0,1.0,404.0
1.0,6.0,11.0,1.0,0.88,0.77269999999999994,0.29999999999999999,0.25370000000000004,2.0,0.0,4.0,1.0,452.0
1.0,6.0,12.0,1.0,0.88,0.77269999999999994,0.29999999999999999,0.25370000000000004,2.0,0.0,4.0,1.0,471.0
1.0,6.0,13.0,1.0,0.88,0.77269999999999994,0.29999999999999999,0.25370000000000004,2.0,0.0,4.0,1.0,428.0
1.0,6.0,14.0,1.0,0.88,0.77269999999999994,0.29999999999999999,0.25370000000000004,2.0,0.0,4.0,1.0,409.0
1.0,6.0,15.0,1.0,0.88,0.77269999999999994,0.29999999999999999,0.25370000000000004,2.0,0.0,4.0,1.0,404.0
1.0,6.0,16.0,1.0,0.89999999999999991,0.78790000000000004,0.28999999999999998,0.16420000000000001,2.0,0.0,4.0,1.0,373.0
1.0,6.0,17.0,1.0,0.88,0.77269999999999994,0.32000000000000001,0.1343,2.0,0.0,4.0,1.0,362.0
1.0,6.0,18.0,1.0,0.88,0.78790000000000004,0.34999999999999998,0.0,2.0,0.0,4.0,1.0,339.0
1.0,6.0,19.0,1.0,0.83999999999999997,0.75760000000000005,0.44,0.25370000000000004,2.0,0.0,4.0,1.0,374.0
1.0,6.0,20.0,1.0,0.81999999999999995,0.77269999999999994,0.52000000000000002,0.16420000000000001,2.0,0.0,4.0,1.0,292.0
1.0,6.0,21.0,1.0,0.81999999999999995,0.77269999999999994,0.52000000000000002,0.16420000000000001,2.0,0.0,4.0,1.0,213.0
1.0,6.0,22.0,1.0,0.78000000000000003,0.74239999999999995,0.62,0.16420000000000001,2.0,0.0,4.0,1.0,172.0
1.0,6.0,23.0,1.0,0.78000000000000003,0.74239999999999995,0.62,0.089599999999999999,2.0,0.0,4.0,1.0,152.0
1.0,7.0,0.0,1.0,0.76000000000000001,0.72730000000000006,0.66000000000000003,0.0,2.0,0.0,5.0,1.0,149.0
1.0,7.0,1.0,1.0,0.73999999999999999,0.69700000000000006,0.69999999999999996,0.1343,2.0,0.0,5.0,1.0,93.0
1.0,7.0,2.0,1.0,0.71999999999999997,0.69700000000000006,0.73999999999999999,0.089599999999999999,2.0,0.0,5.0,1.0,90.0
1.0,7.0,3.0,1.0,0.71999999999999997,0.71209999999999996,0.83999999999999997,0.1343,2.0,0.0,5.0,1.0,33.0
1.0,7.0,4.0,1.0,0.69999999999999996,0.66670000000000007,0.79000000000000004,0.19399999999999998,2.0,0.0,5.0,1.0,4.0
1.0,7.0,5.0,1.0,0.67999999999999994,0.63639999999999997,0.79000000000000004,0.1045,2.0,0.0,5.0,1.0,10.0
1.0,7.0,6.0,1.0,0.69999999999999996,0.66670000000000007,0.79000000000000004,0.089599999999999999,2.0,0.0,5.0,1.0,27.0
1.0,7.0,7.0,1.0,0.73999999999999999,0.69700000000000006,0.69999999999999996,0.0,2.0,0.0,5.0,1.0,50.0
1.0,7.0,8.0,1.0,0.78000000000000003,0.74239999999999995,0.62,0.1045,2.0,0.0,5.0,1.0,142.0
1.0,7.0,9.0,1.0,0.81999999999999995,0.78790000000000004,0.56000000000000005,0.0,2.0,0.0,5.0,1.0,219.0
1.0,7.0,10.0,1.0,0.85999999999999999,0.78790000000000004,0.44,0.29850000000000004,2.0,0.0,5.0,1.0,366.0
1.0,7.0,11.0,1.0,0.88,0.80299999999999994,0.39000000000000001,0.22390000000000002,2.0,0.0,5.0,1.0,377.0
1.0,7.0,12.0,1.0,0.89999999999999991,0.81819999999999993,0.37,0.22390000000000002,2.0,0.0,5.0,1.0,433.0
1.0,7.0,13.0,1.0,0.91999999999999993,0.83329999999999993,0.33000000000000002,0.25370000000000004,2.0,0.0,5.0,1.0,420.0
1.0,7.0,14.0,1.0,0.91999999999999993,0.83329999999999993,0.33000000000000002,0.25370000000000004,2.0,0.0,5.0,1.0,444.0
1.0,7.0,15.0,1.0,0.89999999999999991,0.81819999999999993,0.37,0.28360000000000002,2.0,0.0,5.0,1.0,345.0
1.0,7.0,16.0,1.0,0.91999999999999993,0.83329999999999993,0.33000000000000002,0.29850000000000004,2.0,0.0,5.0,1.0,313.0
1.0,7.0,17.0,1.0,0.91999999999999993,0.80299999999999994,0.26000000000000001,0.29850000000000004,2.0,0.0,5.0,1.0,413.0
1.0,7.0,18.0,1.0,0.88,0.77269999999999994,0.32000000000000001,0.35820000000000002,2.0,0.0,5.0,1.0,370.0
1.0,7.0,19.0,1.0,0.83999999999999997,0.74239999999999995,0.39000000000000001,0.1343,2.0,0.0,5.0,1.0,382.0
1.0,7.0,20.0,1.0,0.83999999999999997,0.74239999999999995,0.39000000000000001,0.1343,2.0,0.0,5.0,1.0,332.0
1.0,7.0,21.0,1.0,0.83999999999999997,0.74239999999999995,0.39000000000000001,0.1343,2.0,0.0,5.0,1.0,258.0
1.0,7.0,22.0,1.0,0.81999999999999995,0.74239999999999995,0.42999999999999999,0.1343,2.0,0.0,5.0,1.0,151.0
1.0,7.0,23.0,3.0,0.78000000000000003,0.71209999999999996,0.52000000000000002,0.16420000000000001,2.0,0.0,5.0,1.0,110.0
1.0,7.0,0.0,2.0,0.76000000000000001,0.71209999999999996,0.57999999999999996,0.22390000000000002,2.0,0.0,6.0,0.0,43.0
1.0,7.0,1.0,2.0,0.76000000000000001,0.71209999999999996,0.57999999999999996,0.19399999999999998,2.0,0.0,6.0,0.0,17.0
1.0,7.0,2.0,2.0,0.73999999999999999,0.66670000000000007,0.51000000000000001,0.25370000000000004,2.0,0.0,6.0,0.0,15.0
1.0,7.0,3.0,2.0,0.71999999999999997,0.66670000000000007,0.54000000000000004,0.41790000000000005,2.0,0.0,6.0,0.0,5.0
1.0,7.0,4.0,2.0,0.71999999999999997,0.66670000000000007,0.54000000000000004,0.29850000000000004,2.0,0.0,6.0,0.0,12.0
1.0,7.0,5.0,2.0,0.71999999999999997,0.66670000000000007,0.51000000000000001,0.0,2.0,0.0,6.0,0.0,40.0
1.0,7.0,6.0,1.0,0.69999999999999996,0.65150000000000008,0.57999999999999996,0.1045,2.0,0.0,6.0,0.0,136.0
1.0,7.0,7.0,1.0,0.73999999999999999,0.66670000000000007,0.51000000000000001,0.1045,2.0,0.0,6.0,0.0,398.0
1.0,7.0,8.0,1.0,0.76000000000000001,0.69700000000000006,0.52000000000000002,0.19399999999999998,2.0,0.0,6.0,0.0,568.0
1.0,7.0,9.0,1.0,0.78000000000000003,0.69700000000000006,0.46000000000000002,0.25370000000000004,2.0,0.0,6.0,0.0,295.0
1.0,7.0,10.0,1.0,0.79999999999999993,0.72730000000000006,0.42999999999999999,0.25370000000000004,2.0,0.0,6.0,0.0,174.0
1.0,7.0,11.0,1.0,0.83999999999999997,0.72730000000000006,0.28000000000000003,0.29850000000000004,2.0,0.0,6.0,0.0,201.0
1.0,7.0,12.0,1.0,0.83999999999999997,0.72730000000000006,0.32000000000000001,0.19399999999999998,2.0,0.0,6.0,0.0,257.0
1.0,7.0,13.0,1.0,0.85999999999999999,0.75760000000000005,0.34000000000000002,0.22390000000000002,2.0,0.0,6.0,0.0,236.0
1.0,7.0,14.0,1.0,0.85999999999999999,0.75760000000000005,0.34000000000000002,0.22390000000000002,2.0,0.0,6.0,0.0,230.0
1.0,7.0,15.0,1.0,0.83999999999999997,0.74239999999999995,0.35999999999999999,0.19399999999999998,2.0,0.0,6.0,0.0,234.0
1.0,7.0,16.0,1.0,0.83999999999999997,0.74239999999999995,0.35999999999999999,0.28360000000000002,2.0,0.0,6.0,0.0,365.0
1.0,7.0,17.0,1.0,0.83999999999999997,0.72730000000000006,0.32000000000000001,0.1343,2.0,0.0,6.0,0.0,747.0
1.0,7.0,18.0,1.0,0.83999999999999997,0.72730000000000006,0.32000000000000001,0.16420000000000001,2.0,0.0,6.0,0.0,730.0
1.0,7.0,19.0,1.0,0.78000000000000003,0.69700000000000006,0.42999999999999999,0.1343,2.0,0.0,6.0,0.0,581.0
1.0,7.0,20.0,1.0,0.78000000000000003,0.69700000000000006,0.42999999999999999,0.1343,2.0,0.0,6.0,0.0,395.0
1.0,7.0,21.0,1.0,0.76000000000000001,0.68180000000000007,0.45000000000000001,0.1343,2.0,0.0,6.0,0.0,258.0
1.0,7.0,22.0,1.0,0.73999999999999999,0.66670000000000007,0.51000000000000001,0.16420000000000001,2.0,0.0,6.0,0.0,188.0
1.0,7.0,23.0,1.0,0.73999999999999999,0.66670000000000007,0.51000000000000001,0.1045,2.0,0.0,6.0,0.0,102.0
1.0,7.0,0.0,1.0,0.71999999999999997,0.66670000000000007,0.54000000000000004,0.0,2.0,0.0,7.0,0.0,53.0
1.0,7.0,1.0,1.0,0.71999999999999997,0.66670000000000007,0.57999999999999996,0.0,2.0,0.0,7.0,0.0,14.0
1.0,7.0,2.0,1.0,0.71999999999999997,0.66670000000000007,0.57999999999999996,0.0,2.0,0.0,7.0,0.0,10.0
1.0,7.0,3.0,1.0,0.69999999999999996,0.65150000000000008,0.65000000000000002,0.1343,2.0,0.0,7.0,0.0,2.0
1.0,7.0,4.0,1.0,0.67999999999999994,0.63639999999999997,0.65000000000000002,0.1045,2.0,0.0,7.0,0.0,6.0
1.0,7.0,5.0,1.0,0.69999999999999996,0.65150000000000008,0.60999999999999999,0.0,2.0,0.0,7.0,0.0,35.0
1.0,7.0,6.0,1.0,0.69999999999999996,0.65150000000000008,0.65000000000000002,0.1343,2.0,0.0,7.0,0.0,154.0
1.0,7.0,7.0,1.0,0.73999999999999999,0.68180000000000007,0.57999999999999996,0.0,2.0,0.0,7.0,0.0,483.0
1.0,7.0,8.0,1.0,0.73999999999999999,0.68180000000000007,0.62,0.089599999999999999,2.0,0.0,7.0,0.0,646.0
1.0,7.0,9.0,1.0,0.79999999999999993,0.74239999999999995,0.48999999999999999,0.16420000000000001,2.0,0.0,7.0,0.0,272.0
1.0,7.0,10.0,1.0,0.81999999999999995,0.74239999999999995,0.42999999999999999,0.22390000000000002,2.0,0.0,7.0,0.0,209.0
1.0,7.0,11.0,1.0,0.85999999999999999,0.75760000000000005,0.34000000000000002,0.19399999999999998,2.0,0.0,7.0,0.0,217.0
1.0,7.0,12.0,1.0,0.88,0.75760000000000005,0.28000000000000003,0.19399999999999998,2.0,0.0,7.0,0.0,272.0
1.0,7.0,13.0,1.0,0.89999999999999991,0.77269999999999994,0.25,0.1343,2.0,0.0,7.0,0.0,283.0
1.0,7.0,14.0,1.0,0.89999999999999991,0.77269999999999994,0.25,0.19399999999999998,2.0,0.0,7.0,0.0,310.0
1.0,7.0,15.0,2.0,0.89999999999999991,0.77269999999999994,0.23999999999999999,0.0,2.0,0.0,7.0,0.0,401.0
1.0,7.0,16.0,2.0,0.89999999999999991,0.77269999999999994,0.23999999999999999,0.19399999999999998,2.0,0.0,7.0,0.0,527.0
1.0,7.0,17.0,2.0,0.85999999999999999,0.74239999999999995,0.29999999999999999,0.16420000000000001,2.0,0.0,7.0,0.0,722.0
1.0,7.0,18.0,2.0,0.85999999999999999,0.74239999999999995,0.29999999999999999,0.0,2.0,0.0,7.0,0.0,627.0
1.0,7.0,19.0,2.0,0.83999999999999997,0.74239999999999995,0.35999999999999999,0.1343,2.0,0.0,7.0,0.0,497.0
1.0,7.0,20.0,3.0,0.76000000000000001,0.69700000000000006,0.55000000000000004,0.49250000000000005,2.0,0.0,7.0,0.0,376.0
1.0,7.0,21.0,2.0,0.69999999999999996,0.65150000000000008,0.69999999999999996,0.28360000000000002,2.0,0.0,7.0,0.0,196.0
1.0,7.0,22.0,1.0,0.67999999999999994,0.63639999999999997,0.79000000000000004,0.19399999999999998,2.0,0.0,7.0,0.0,177.0
1.0,7.0,23.0,1.0,0.65999999999999992,0.60609999999999997,0.82999999999999996,0.0,2.0,0.0,7.0,0.0,171.0
1.0,7.0,0.0,1.0,0.67999999999999994,0.63639999999999997,0.79000000000000004,0.089599999999999999,2.0,1.0,1.0,1.0,159.0
1.0,7.0,1.0,1.0,0.67999999999999994,0.63639999999999997,0.73999999999999999,0.0,2.0,1.0,1.0,1.0,123.0
1.0,7.0,2.0,1.0,0.65999999999999992,0.60609999999999997,0.82999999999999996,0.1343,2.0,1.0,1.0,1.0,93.0
1.0,7.0,3.0,1.0,0.67999999999999994,0.63639999999999997,0.73999999999999999,0.19399999999999998,2.0,1.0,1.0,1.0,32.0
1.0,7.0,4.0,1.0,0.67999999999999994,0.63639999999999997,0.68999999999999995,0.25370000000000004,2.0,1.0,1.0,1.0,16.0
1.0,7.0,5.0,1.0,0.65999999999999992,0.62119999999999997,0.68999999999999995,0.0,2.0,1.0,1.0,1.0,19.0
1.0,7.0,6.0,1.0,0.65999999999999992,0.62119999999999997,0.68999999999999995,0.0,2.0,1.0,1.0,1.0,32.0
1.0,7.0,7.0,1.0,0.67999999999999994,0.63639999999999997,0.65000000000000002,0.0,2.0,1.0,1.0,1.0,72.0
1.0,7.0,8.0,1.0,0.69999999999999996,0.65150000000000008,0.60999999999999999,0.1045,2.0,1.0,1.0,1.0,153.0
1.0,7.0,9.0,1.0,0.76000000000000001,0.69700000000000006,0.52000000000000002,0.0,2.0,1.0,1.0,1.0,293.0
1.0,7.0,10.0,1.0,0.79999999999999993,0.72730000000000006,0.46000000000000002,0.0,2.0,1.0,1.0,1.0,447.0
1.0,7.0,11.0,1.0,0.81999999999999995,0.75760000000000005,0.46000000000000002,0.1343,2.0,1.0,1.0,1.0,485.0
1.0,7.0,12.0,1.0,0.85999999999999999,0.78790000000000004,0.40999999999999998,0.22390000000000002,2.0,1.0,1.0,1.0,494.0
1.0,7.0,13.0,1.0,0.89999999999999991,0.81819999999999993,0.34999999999999998,0.0,2.0,1.0,1.0,1.0,499.0
1.0,7.0,14.0,1.0,0.89999999999999991,0.81819999999999993,0.37,0.16420000000000001,2.0,1.0,1.0,1.0,547.0
1.0,7.0,15.0,1.0,0.91999999999999993,0.84849999999999992,0.34999999999999998,0.29850000000000004,2.0,1.0,1.0,1.0,454.0
1.0,7.0,16.0,1.0,0.91999999999999993,0.84849999999999992,0.34999999999999998,0.25370000000000004,2.0,1.0,1.0,1.0,389.0
1.0,7.0,17.0,1.0,0.91999999999999993,0.84849999999999992,0.34999999999999998,0.29850000000000004,2.0,1.0,1.0,1.0,414.0
1.0,7.0,18.0,1.0,0.89999999999999991,0.84849999999999992,0.41999999999999998,0.19399999999999998,2.0,1.0,1.0,1.0,430.0
1.0,7.0,19.0,1.0,0.85999999999999999,0.80299999999999994,0.46999999999999997,0.22390000000000002,2.0,1.0,1.0,1.0,432.0
1.0,7.0,20.0,1.0,0.85999999999999999,0.80299999999999994,0.46999999999999997,0.22390000000000002,2.0,1.0,1.0,1.0,551.0
1.0,7.0,21.0,1.0,0.83999999999999997,0.80299999999999994,0.53000000000000003,0.1343,2.0,1.0,1.0,1.0,584.0
1.0,7.0,22.0,1.0,0.81999999999999995,0.78790000000000004,0.56000000000000005,0.22390000000000002,2.0,1.0,1.0,1.0,502.0
1.0,7.0,23.0,2.0,0.78000000000000003,0.69700000000000006,0.42999999999999999,0.089599999999999999,2.0,1.0,1.0,1.0,183.0
1.0,7.0,0.0,1.0,0.73999999999999999,0.66670000000000007,0.51000000000000001,0.1045,2.0,0.0,2.0,1.0,88.0
1.0,7.0,1.0,1.0,0.73999999999999999,0.66670000000000007,0.51000000000000001,0.28360000000000002,2.0,0.0,2.0,1.0,30.0
1.0,7.0,2.0,1.0,0.73999999999999999,0.66670000000000007,0.51000000000000001,0.0,2.0,0.0,2.0,1.0,18.0
1.0,7.0,3.0,1.0,0.71999999999999997,0.66670000000000007,0.54000000000000004,0.19399999999999998,2.0,0.0,2.0,1.0,7.0
1.0,7.0,4.0,1.0,0.71999999999999997,0.66670000000000007,0.57999999999999996,0.0,2.0,0.0,2.0,1.0,7.0
1.0,7.0,5.0,1.0,0.71999999999999997,0.68180000000000007,0.62,0.0,2.0,0.0,2.0,1.0,29.0
1.0,7.0,6.0,1.0,0.71999999999999997,0.66670000000000007,0.57999999999999996,0.0,2.0,0.0,2.0,1.0,133.0
1.0,7.0,7.0,1.0,0.76000000000000001,0.69700000000000006,0.55000000000000004,0.0,2.0,0.0,2.0,1.0,343.0
1.0,7.0,8.0,1.0,0.79999999999999993,0.74239999999999995,0.48999999999999999,0.1343,2.0,0.0,2.0,1.0,550.0
1.0,7.0,9.0,1.0,0.83999999999999997,0.78790000000000004,0.48999999999999999,0.29850000000000004,2.0,0.0,2.0,1.0,293.0
1.0,7.0,10.0,1.0,0.85999999999999999,0.78790000000000004,0.44,0.35820000000000002,2.0,0.0,2.0,1.0,186.0
1.0,7.0,11.0,1.0,0.89999999999999991,0.81819999999999993,0.34999999999999998,0.29850000000000004,2.0,0.0,2.0,1.0,244.0
1.0,7.0,12.0,1.0,0.89999999999999991,0.81819999999999993,0.34999999999999998,0.35820000000000002,2.0,0.0,2.0,1.0,276.0
1.0,7.0,13.0,1.0,0.91999999999999993,0.83329999999999993,0.33000000000000002,0.22390000000000002,2.0,0.0,2.0,1.0,310.0
1.0,7.0,14.0,1.0,0.91999999999999993,0.83329999999999993,0.33000000000000002,0.32840000000000003,2.0,0.0,2.0,1.0,241.0
1.0,7.0,15.0,1.0,0.91999999999999993,0.83329999999999993,0.33000000000000002,0.35820000000000002,2.0,0.0,2.0,1.0,254.0
1.0,7.0,16.0,1.0,0.91999999999999993,0.83329999999999993,0.33000000000000002,0.25370000000000004,2.0,0.0,2.0,1.0,433.0
1.0,7.0,17.0,1.0,0.91999999999999993,0.84849999999999992,0.34999999999999998,0.16420000000000001,2.0,0.0,2.0,1.0,689.0
1.0,7.0,18.0,2.0,0.89999999999999991,0.83329999999999993,0.39000000000000001,0.32840000000000003,2.0,0.0,2.0,1.0,607.0
1.0,7.0,19.0,2.0,0.88,0.80299999999999994,0.39000000000000001,0.25370000000000004,2.0,0.0,2.0,1.0,503.0
1.0,7.0,20.0,2.0,0.85999999999999999,0.78790000000000004,0.40999999999999998,0.22390000000000002,2.0,0.0,2.0,1.0,321.0
1.0,7.0,21.0,1.0,0.83999999999999997,0.77269999999999994,0.46999999999999997,0.19399999999999998,2.0,0.0,2.0,1.0,323.0
1.0,7.0,22.0,1.0,0.81999999999999995,0.80299999999999994,0.58999999999999997,0.1343,2.0,0.0,2.0,1.0,225.0
1.0,7.0,23.0,1.0,0.79999999999999993,0.75760000000000005,0.55000000000000004,0.16420000000000001,2.0,0.0,2.0,1.0,131.0
1.0,7.0,0.0,1.0,0.78000000000000003,0.74239999999999995,0.62,0.1343,2.0,0.0,3.0,1.0,102.0
1.0,7.0,1.0,1.0,0.78000000000000003,0.72730000000000006,0.55000000000000004,0.22390000000000002,2.0,0.0,3.0,1.0,29.0
1.0,7.0,2.0,1.0,0.76000000000000001,0.71209999999999996,0.62,0.1343,2.0,0.0,3.0,1.0,17.0
1.0,7.0,3.0,2.0,0.73999999999999999,0.69700000000000006,0.69999999999999996,0.19399999999999998,2.0,0.0,3.0,1.0,7.0
1.0,7.0,4.0,1.0,0.73999999999999999,0.69700000000000006,0.66000000000000003,0.22390000000000002,2.0,0.0,3.0,1.0,6.0
1.0,7.0,5.0,1.0,0.73999999999999999,0.69700000000000006,0.66000000000000003,0.19399999999999998,2.0,0.0,3.0,1.0,35.0
1.0,7.0,6.0,1.0,0.73999999999999999,0.69700000000000006,0.66000000000000003,0.19399999999999998,2.0,0.0,3.0,1.0,131.0
1.0,7.0,7.0,1.0,0.78000000000000003,0.69700000000000006,0.46000000000000002,0.1343,2.0,0.0,3.0,1.0,353.0
1.0,7.0,8.0,1.0,0.79999999999999993,0.71209999999999996,0.40999999999999998,0.16420000000000001,2.0,0.0,3.0,1.0,585.0
1.0,7.0,9.0,1.0,0.81999999999999995,0.72730000000000006,0.35999999999999999,0.1343,2.0,0.0,3.0,1.0,304.0
1.0,7.0,10.0,1.0,0.85999999999999999,0.74239999999999995,0.29999999999999999,0.0,2.0,0.0,3.0,1.0,210.0
1.0,7.0,11.0,1.0,0.83999999999999997,0.72730000000000006,0.32000000000000001,0.089599999999999999,2.0,0.0,3.0,1.0,233.0
1.0,7.0,12.0,1.0,0.88,0.75760000000000005,0.28000000000000003,0.1045,2.0,0.0,3.0,1.0,331.0
1.0,7.0,13.0,1.0,0.89999999999999991,0.78790000000000004,0.27000000000000002,0.1045,2.0,0.0,3.0,1.0,293.0
1.0,7.0,14.0,1.0,0.89999999999999991,0.80299999999999994,0.31,0.16420000000000001,2.0,0.0,3.0,1.0,275.0
1.0,7.0,15.0,1.0,0.91999999999999993,0.81819999999999993,0.28999999999999998,0.19399999999999998,2.0,0.0,3.0,1.0,285.0
1.0,7.0,16.0,1.0,0.91999999999999993,0.81819999999999993,0.28999999999999998,0.1045,2.0,0.0,3.0,1.0,369.0
1.0,7.0,17.0,1.0,0.91999999999999993,0.81819999999999993,0.28999999999999998,0.0,2.0,0.0,3.0,1.0,576.0
1.0,7.0,18.0,1.0,0.89999999999999991,0.80299999999999994,0.33000000000000002,0.25370000000000004,2.0,0.0,3.0,1.0,560.0
1.0,7.0,19.0,1.0,0.88,0.78790000000000004,0.34999999999999998,0.22390000000000002,2.0,0.0,3.0,1.0,418.0
1.0,7.0,20.0,1.0,0.85999999999999999,0.77269999999999994,0.39000000000000001,0.1045,2.0,0.0,3.0,1.0,336.0
1.0,7.0,21.0,1.0,0.81999999999999995,0.77269999999999994,0.52000000000000002,0.1343,2.0,0.0,3.0,1.0,300.0
1.0,7.0,22.0,1.0,0.79999999999999993,0.75760000000000005,0.55000000000000004,0.19399999999999998,2.0,0.0,3.0,1.0,288.0
1.0,7.0,23.0,1.0,0.79999999999999993,0.78790000000000004,0.63,0.1045,2.0,0.0,3.0,1.0,164.0
1.0,7.0,0.0,1.0,0.78000000000000003,0.75760000000000005,0.66000000000000003,0.1343,2.0,0.0,4.0,1.0,150.0
1.0,7.0,1.0,1.0,0.76000000000000001,0.72730000000000006,0.69999999999999996,0.16420000000000001,2.0,0.0,4.0,1.0,71.0
1.0,7.0,2.0,1.0,0.76000000000000001,0.74239999999999995,0.71999999999999997,0.16420000000000001,2.0,0.0,4.0,1.0,58.0
1.0,7.0,3.0,1.0,0.73999999999999999,0.71209999999999996,0.73999999999999999,0.1343,2.0,0.0,4.0,1.0,31.0
1.0,7.0,4.0,1.0,0.73999999999999999,0.71209999999999996,0.73999999999999999,0.16420000000000001,2.0,0.0,4.0,1.0,16.0
1.0,7.0,5.0,1.0,0.73999999999999999,0.71209999999999996,0.73999999999999999,0.19399999999999998,2.0,0.0,4.0,1.0,14.0
1.0,7.0,6.0,1.0,0.73999999999999999,0.71209999999999996,0.73999999999999999,0.1045,2.0,0.0,4.0,1.0,31.0
1.0,7.0,7.0,1.0,0.78000000000000003,0.75760000000000005,0.66000000000000003,0.1045,2.0,0.0,4.0,1.0,71.0
1.0,7.0,8.0,1.0,0.81999999999999995,0.83329999999999993,0.63,0.19399999999999998,2.0,0.0,4.0,1.0,152.0
1.0,7.0,9.0,1.0,0.83999999999999997,0.83329999999999993,0.58999999999999997,0.16420000000000001,2.0,0.0,4.0,1.0,256.0
1.0,7.0,10.0,1.0,0.91999999999999993,0.86360000000000003,0.37,0.22390000000000002,2.0,0.0,4.0,1.0,325.0
1.0,7.0,11.0,1.0,0.93999999999999995,0.87879999999999991,0.38,0.19399999999999998,2.0,0.0,4.0,1.0,367.0
1.0,7.0,12.0,1.0,0.95999999999999996,0.86360000000000003,0.31,0.35820000000000002,2.0,0.0,4.0,1.0,342.0
1.0,7.0,13.0,2.0,0.95999999999999996,0.86360000000000003,0.31,0.25370000000000004,2.0,0.0,4.0,1.0,360.0
1.0,7.0,14.0,2.0,0.95999999999999996,0.86360000000000003,0.29999999999999999,0.1343,2.0,0.0,4.0,1.0,308.0
1.0,7.0,15.0,1.0,0.95999999999999996,0.84849999999999992,0.26000000000000001,0.0,2.0,0.0,4.0,1.0,306.0
1.0,7.0,16.0,1.0,1.0,0.86360000000000003,0.19,0.16420000000000001,2.0,0.0,4.0,1.0,294.0
1.0,7.0,17.0,1.0,0.95999999999999996,0.84849999999999992,0.26000000000000001,0.1343,2.0,0.0,4.0,1.0,279.0
1.0,7.0,18.0,1.0,0.93999999999999995,0.83329999999999993,0.28999999999999998,0.089599999999999999,2.0,0.0,4.0,1.0,277.0
1.0,7.0,19.0,1.0,0.91999999999999993,0.83329999999999993,0.33000000000000002,0.1343,2.0,0.0,4.0,1.0,287.0
1.0,7.0,20.0,1.0,0.89999999999999991,0.81819999999999993,0.37,0.16420000000000001,2.0,0.0,4.0,1.0,276.0
1.0,7.0,21.0,1.0,0.88,0.78790000000000004,0.37,0.19399999999999998,2.0,0.0,4.0,1.0,201.0
1.0,7.0,22.0,1.0,0.83999999999999997,0.83329999999999993,0.58999999999999997,0.19399999999999998,2.0,0.0,4.0,1.0,220.0
1.0,7.0,23.0,1.0,0.83999999999999997,0.81819999999999993,0.56000000000000005,0.16420000000000001,2.0,0.0,4.0,1.0,148.0
1.0,7.0,0.0,1.0,0.81999999999999995,0.78790000000000004,0.56000000000000005,0.1343,2.0,0.0,5.0,1.0,147.0
1.0,7.0,1.0,1.0,0.81999999999999995,0.78790000000000004,0.56000000000000005,0.1045,2.0,0.0,5.0,1.0,124.0
1.0,7.0,2.0,1.0,0.81999999999999995,0.77269999999999994,0.52000000000000002,0.1045,2.0,0.0,5.0,1.0,70.0
1.0,7.0,3.0,1.0,0.79999999999999993,0.77269999999999994,0.58999999999999997,0.1045,2.0,0.0,5.0,1.0,35.0
1.0,7.0,4.0,1.0,0.78000000000000003,0.75760000000000005,0.66000000000000003,0.1045,2.0,0.0,5.0,1.0,13.0
1.0,7.0,5.0,1.0,0.78000000000000003,0.74239999999999995,0.62,0.0,2.0,0.0,5.0,1.0,6.0
1.0,7.0,6.0,1.0,0.78000000000000003,0.77269999999999994,0.69999999999999996,0.1343,2.0,0.0,5.0,1.0,21.0
1.0,7.0,7.0,1.0,0.79999999999999993,0.80299999999999994,0.66000000000000003,0.0,2.0,0.0,5.0,1.0,52.0
1.0,7.0,8.0,1.0,0.83999999999999997,0.80299999999999994,0.53000000000000003,0.1343,2.0,0.0,5.0,1.0,130.0
1.0,7.0,9.0,1.0,0.85999999999999999,0.81819999999999993,0.5,0.1045,2.0,0.0,5.0,1.0,242.0
1.0,7.0,10.0,1.0,0.89999999999999991,0.86360000000000003,0.45000000000000001,0.0,2.0,0.0,5.0,1.0,319.0
1.0,7.0,11.0,1.0,0.91999999999999993,0.89390000000000003,0.41999999999999998,0.29850000000000004,2.0,0.0,5.0,1.0,389.0
1.0,7.0,12.0,1.0,0.91999999999999993,0.89390000000000003,0.41999999999999998,0.19399999999999998,2.0,0.0,5.0,1.0,376.0
1.0,7.0,13.0,1.0,0.93999999999999995,0.87879999999999991,0.38,0.25370000000000004,2.0,0.0,5.0,1.0,337.0
1.0,7.0,14.0,1.0,0.95999999999999996,0.90910000000000002,0.35999999999999999,0.16420000000000001,2.0,0.0,5.0,1.0,312.0
1.0,7.0,15.0,3.0,0.91999999999999993,0.89390000000000003,0.41999999999999998,0.28360000000000002,2.0,0.0,5.0,1.0,298.0
1.0,7.0,16.0,2.0,0.79999999999999993,0.80299999999999994,0.66000000000000003,0.22390000000000002,2.0,0.0,5.0,1.0,291.0
1.0,7.0,17.0,1.0,0.78000000000000003,0.74239999999999995,0.58999999999999997,0.0,2.0,0.0,5.0,1.0,270.0
1.0,7.0,18.0,1.0,0.78000000000000003,0.74239999999999995,0.62,0.1045,2.0,0.0,5.0,1.0,253.0
1.0,7.0,19.0,1.0,0.78000000000000003,0.74239999999999995,0.62,0.16420000000000001,2.0,0.0,5.0,1.0,250.0
1.0,7.0,20.0,1.0,0.76000000000000001,0.72730000000000006,0.69999999999999996,0.089599999999999999,2.0,0.0,5.0,1.0,285.0
1.0,7.0,21.0,1.0,0.76000000000000001,0.72730000000000006,0.69999999999999996,0.1343,2.0,0.0,5.0,1.0,207.0
1.0,7.0,22.0,3.0,0.73999999999999999,0.69700000000000006,0.69999999999999996,0.089599999999999999,2.0,0.0,5.0,1.0,122.0
1.0,7.0,23.0,3.0,0.67999999999999994,0.63639999999999997,0.82999999999999996,0.089599999999999999,2.0,0.0,5.0,1.0,123.0
1.0,7.0,0.0,2.0,0.67999999999999994,0.63639999999999997,0.89000000000000001,0.089599999999999999,2.0,0.0,6.0,0.0,39.0
1.0,7.0,1.0,3.0,0.69999999999999996,0.66670000000000007,0.89000000000000001,0.1045,2.0,0.0,6.0,0.0,18.0
1.0,7.0,2.0,3.0,0.69999999999999996,0.66670000000000007,0.89000000000000001,0.19399999999999998,2.0,0.0,6.0,0.0,5.0
1.0,7.0,3.0,3.0,0.69999999999999996,0.66670000000000007,0.89000000000000001,0.19399999999999998,2.0,0.0,6.0,0.0,5.0
1.0,7.0,4.0,3.0,0.65999999999999992,0.59089999999999998,0.89000000000000001,0.3881,2.0,0.0,6.0,0.0,2.0
1.0,7.0,5.0,2.0,0.65999999999999992,0.60609999999999997,0.82999999999999996,0.22390000000000002,2.0,0.0,6.0,0.0,28.0
1.0,7.0,6.0,3.0,0.64000000000000001,0.57579999999999998,0.89000000000000001,0.25370000000000004,2.0,0.0,6.0,0.0,92.0
1.0,7.0,7.0,3.0,0.65999999999999992,0.60609999999999997,0.82999999999999996,0.22390000000000002,2.0,0.0,6.0,0.0,230.0
1.0,7.0,8.0,2.0,0.65999999999999992,0.60609999999999997,0.82999999999999996,0.16420000000000001,2.0,0.0,6.0,0.0,455.0
1.0,7.0,9.0,2.0,0.65999999999999992,0.60609999999999997,0.82999999999999996,0.16420000000000001,2.0,0.0,6.0,0.0,363.0
1.0,7.0,10.0,2.0,0.65999999999999992,0.60609999999999997,0.82999999999999996,0.19399999999999998,2.0,0.0,6.0,0.0,175.0
1.0,7.0,11.0,2.0,0.71999999999999997,0.68180000000000007,0.62,0.1343,2.0,0.0,6.0,0.0,216.0
1.0,7.0,12.0,2.0,0.73999999999999999,0.68180000000000007,0.57999999999999996,0.1343,2.0,0.0,6.0,0.0,266.0
1.0,7.0,13.0,2.0,0.76000000000000001,0.69700000000000006,0.55000000000000004,0.25370000000000004,2.0,0.0,6.0,0.0,255.0
1.0,7.0,14.0,2.0,0.73999999999999999,0.68180000000000007,0.55000000000000004,0.25370000000000004,2.0,0.0,6.0,0.0,242.0
1.0,7.0,15.0,2.0,0.76000000000000001,0.68180000000000007,0.45000000000000001,0.22390000000000002,2.0,0.0,6.0,0.0,280.0
1.0,7.0,16.0,1.0,0.78000000000000003,0.69700000000000006,0.40000000000000002,0.28360000000000002,2.0,0.0,6.0,0.0,413.0
1.0,7.0,17.0,1.0,0.78000000000000003,0.69700000000000006,0.40000000000000002,0.16420000000000001,2.0,0.0,6.0,0.0,849.0
1.0,7.0,18.0,1.0,0.76000000000000001,0.68180000000000007,0.47999999999999998,0.1343,2.0,0.0,6.0,0.0,872.0
1.0,7.0,19.0,1.0,0.73999999999999999,0.68180000000000007,0.55000000000000004,0.16420000000000001,2.0,0.0,6.0,0.0,631.0
1.0,7.0,20.0,2.0,0.73999999999999999,0.68180000000000007,0.55000000000000004,0.1045,2.0,0.0,6.0,0.0,447.0
1.0,7.0,21.0,2.0,0.73999999999999999,0.68180000000000007,0.55000000000000004,0.089599999999999999,2.0,0.0,6.0,0.0,331.0
1.0,7.0,22.0,2.0,0.71999999999999997,0.66670000000000007,0.57999999999999996,0.1045,2.0,0.0,6.0,0.0,224.0
1.0,7.0,23.0,2.0,0.69999999999999996,0.65150000000000008,0.65000000000000002,0.1045,2.0,0.0,6.0,0.0,131.0
1.0,7.0,0.0,1.0,0.69999999999999996,0.65150000000000008,0.69999999999999996,0.089599999999999999,2.0,0.0,7.0,0.0,69.0
1.0,7.0,1.0,1.0,0.69999999999999996,0.66670000000000007,0.73999999999999999,0.1343,2.0,0.0,7.0,0.0,15.0
1.0,7.0,2.0,1.0,0.69999999999999996,0.66670000000000007,0.73999999999999999,0.1343,2.0,0.0,7.0,0.0,16.0
1.0,7.0,3.0,1.0,0.67999999999999994,0.63639999999999997,0.79000000000000004,0.0,2.0,0.0,7.0,0.0,3.0
1.0,7.0,4.0,1.0,0.67999999999999994,0.63639999999999997,0.79000000000000004,0.1343,2.0,0.0,7.0,0.0,4.0
1.0,7.0,5.0,1.0,0.65999999999999992,0.60609999999999997,0.82999999999999996,0.1343,2.0,0.0,7.0,0.0,42.0
1.0,7.0,6.0,2.0,0.67999999999999994,0.63639999999999997,0.79000000000000004,0.1045,2.0,0.0,7.0,0.0,187.0
1.0,7.0,7.0,2.0,0.69999999999999996,0.66670000000000007,0.73999999999999999,0.1045,2.0,0.0,7.0,0.0,520.0
1.0,7.0,8.0,1.0,0.71999999999999997,0.69700000000000006,0.73999999999999999,0.1343,2.0,0.0,7.0,0.0,649.0
1.0,7.0,9.0,1.0,0.73999999999999999,0.69700000000000006,0.66000000000000003,0.1343,2.0,0.0,7.0,0.0,331.0
1.0,7.0,10.0,1.0,0.76000000000000001,0.71209999999999996,0.62,0.19399999999999998,2.0,0.0,7.0,0.0,190.0
1.0,7.0,11.0,1.0,0.79999999999999993,0.72730000000000006,0.46000000000000002,0.19399999999999998,2.0,0.0,7.0,0.0,249.0
1.0,7.0,12.0,1.0,0.79999999999999993,0.71209999999999996,0.40999999999999998,0.1343,2.0,0.0,7.0,0.0,272.0
1.0,7.0,13.0,1.0,0.81999999999999995,0.72730000000000006,0.38,0.19399999999999998,2.0,0.0,7.0,0.0,280.0
1.0,7.0,14.0,1.0,0.81999999999999995,0.72730000000000006,0.38,0.16420000000000001,2.0,0.0,7.0,0.0,242.0
1.0,7.0,15.0,1.0,0.79999999999999993,0.71209999999999996,0.40999999999999998,0.22390000000000002,2.0,0.0,7.0,0.0,265.0
1.0,7.0,16.0,1.0,0.79999999999999993,0.72730000000000006,0.42999999999999999,0.22390000000000002,2.0,0.0,7.0,0.0,435.0
1.0,7.0,17.0,1.0,0.78000000000000003,0.71209999999999996,0.48999999999999999,0.19399999999999998,2.0,0.0,7.0,0.0,872.0
1.0,7.0,18.0,3.0,0.69999999999999996,0.66670000000000007,0.73999999999999999,0.22390000000000002,2.0,0.0,7.0,0.0,819.0
1.0,7.0,19.0,3.0,0.69999999999999996,0.66670000000000007,0.73999999999999999,0.22390000000000002,2.0,0.0,7.0,0.0,414.0
1.0,7.0,20.0,3.0,0.64000000000000001,0.57579999999999998,0.82999999999999996,0.22390000000000002,2.0,0.0,7.0,0.0,84.0
1.0,7.0,21.0,3.0,0.64000000000000001,0.57579999999999998,0.89000000000000001,0.1045,2.0,0.0,7.0,0.0,90.0
1.0,7.0,22.0,2.0,0.64000000000000001,0.57579999999999998,0.82999999999999996,0.1343,2.0,0.0,7.0,0.0,139.0
1.0,7.0,23.0,2.0,0.64000000000000001,0.57579999999999998,0.89000000000000001,0.1045,2.0,0.0,7.0,0.0,103.0
1.0,7.0,0.0,2.0,0.65999999999999992,0.60609999999999997,0.82999999999999996,0.1343,2.0,0.0,1.0,1.0,44.0
1.0,7.0,1.0,1.0,0.64000000000000001,0.57579999999999998,0.89000000000000001,0.0,2.0,0.0,1.0,1.0,14.0
1.0,7.0,2.0,1.0,0.64000000000000001,0.57579999999999998,0.89000000000000001,0.0,2.0,0.0,1.0,1.0,5.0
1.0,7.0,3.0,1.0,0.64000000000000001,0.57579999999999998,0.89000000000000001,0.1343,2.0,0.0,1.0,1.0,5.0
1.0,7.0,4.0,1.0,0.64000000000000001,0.57579999999999998,0.89000000000000001,0.1343,2.0,0.0,1.0,1.0,7.0
1.0,7.0,5.0,1.0,0.64000000000000001,0.57579999999999998,0.89000000000000001,0.0,2.0,0.0,1.0,1.0,41.0
1.0,7.0,6.0,1.0,0.64000000000000001,0.57579999999999998,0.89000000000000001,0.1343,2.0,0.0,1.0,1.0,185.0
1.0,7.0,7.0,2.0,0.65999999999999992,0.60609999999999997,0.82999999999999996,0.1045,2.0,0.0,1.0,1.0,497.0
1.0,7.0,8.0,2.0,0.67999999999999994,0.63639999999999997,0.79000000000000004,0.16420000000000001,2.0,0.0,1.0,1.0,674.0
1.0,7.0,9.0,2.0,0.69999999999999996,0.66670000000000007,0.73999999999999999,0.1343,2.0,0.0,1.0,1.0,328.0
1.0,7.0,10.0,2.0,0.71999999999999997,0.68180000000000007,0.62,0.1343,2.0,0.0,1.0,1.0,195.0
1.0,7.0,11.0,2.0,0.76000000000000001,0.71209999999999996,0.57999999999999996,0.1343,2.0,0.0,1.0,1.0,229.0
1.0,7.0,12.0,2.0,0.78000000000000003,0.69700000000000006,0.42999999999999999,0.0,2.0,0.0,1.0,1.0,292.0
1.0,7.0,13.0,2.0,0.79999999999999993,0.71209999999999996,0.41999999999999998,0.16420000000000001,2.0,0.0,1.0,1.0,273.0
1.0,7.0,14.0,1.0,0.79999999999999993,0.71209999999999996,0.40999999999999998,0.22390000000000002,2.0,0.0,1.0,1.0,241.0
1.0,7.0,15.0,1.0,0.79999999999999993,0.71209999999999996,0.40999999999999998,0.25370000000000004,2.0,0.0,1.0,1.0,276.0
1.0,7.0,16.0,1.0,0.79999999999999993,0.71209999999999996,0.38,0.19399999999999998,2.0,0.0,1.0,1.0,411.0
1.0,7.0,17.0,1.0,0.79999999999999993,0.69700000000000006,0.31,0.22390000000000002,2.0,0.0,1.0,1.0,830.0
1.0,7.0,18.0,1.0,0.78000000000000003,0.68180000000000007,0.38,0.25370000000000004,2.0,0.0,1.0,1.0,814.0
1.0,7.0,19.0,1.0,0.73999999999999999,0.66670000000000007,0.47999999999999998,0.22390000000000002,2.0,0.0,1.0,1.0,633.0
1.0,7.0,20.0,1.0,0.73999999999999999,0.66670000000000007,0.51000000000000001,0.16420000000000001,2.0,0.0,1.0,1.0,483.0
1.0,7.0,21.0,1.0,0.71999999999999997,0.66670000000000007,0.57999999999999996,0.22390000000000002,2.0,0.0,1.0,1.0,391.0
1.0,7.0,22.0,1.0,0.71999999999999997,0.66670000000000007,0.57999999999999996,0.25370000000000004,2.0,0.0,1.0,1.0,244.0
1.0,7.0,23.0,2.0,0.69999999999999996,0.65150000000000008,0.57999999999999996,0.25370000000000004,2.0,0.0,1.0,1.0,152.0
1.0,7.0,0.0,2.0,0.67999999999999994,0.63639999999999997,0.60999999999999999,0.0,2.0,0.0,2.0,1.0,56.0
1.0,7.0,1.0,2.0,0.65999999999999992,0.62119999999999997,0.60999999999999999,0.0,2.0,0.0,2.0,1.0,21.0
1.0,7.0,2.0,2.0,0.65999999999999992,0.62119999999999997,0.65000000000000002,0.089599999999999999,2.0,0.0,2.0,1.0,9.0
1.0,7.0,3.0,1.0,0.64000000000000001,0.60609999999999997,0.68999999999999995,0.1045,2.0,0.0,2.0,1.0,10.0
1.0,7.0,4.0,1.0,0.64000000000000001,0.60609999999999997,0.72999999999999998,0.1045,2.0,0.0,2.0,1.0,5.0
1.0,7.0,5.0,1.0,0.62,0.59089999999999998,0.72999999999999998,0.1045,2.0,0.0,2.0,1.0,44.0
1.0,7.0,6.0,1.0,0.64000000000000001,0.60609999999999997,0.72999999999999998,0.089599999999999999,2.0,0.0,2.0,1.0,178.0
1.0,7.0,7.0,1.0,0.64000000000000001,0.60609999999999997,0.72999999999999998,0.1343,2.0,0.0,2.0,1.0,512.0
1.0,7.0,8.0,1.0,0.67999999999999994,0.63639999999999997,0.65000000000000002,0.1343,2.0,0.0,2.0,1.0,702.0
1.0,7.0,9.0,1.0,0.71999999999999997,0.66670000000000007,0.57999999999999996,0.1045,2.0,0.0,2.0,1.0,327.0
1.0,7.0,10.0,1.0,0.73999999999999999,0.66670000000000007,0.47999999999999998,0.16420000000000001,2.0,0.0,2.0,1.0,214.0
1.0,7.0,11.0,1.0,0.76000000000000001,0.68180000000000007,0.45000000000000001,0.1045,2.0,0.0,2.0,1.0,215.0
1.0,7.0,12.0,1.0,0.78000000000000003,0.68180000000000007,0.34999999999999998,0.1343,2.0,0.0,2.0,1.0,292.0
1.0,7.0,13.0,1.0,0.79999999999999993,0.69700000000000006,0.33000000000000002,0.22390000000000002,2.0,0.0,2.0,1.0,277.0
1.0,7.0,14.0,1.0,0.78000000000000003,0.68180000000000007,0.33000000000000002,0.22390000000000002,2.0,0.0,2.0,1.0,209.0
1.0,7.0,15.0,1.0,0.79999999999999993,0.71209999999999996,0.35999999999999999,0.19399999999999998,2.0,0.0,2.0,1.0,271.0
1.0,7.0,16.0,1.0,0.79999999999999993,0.71209999999999996,0.35999999999999999,0.19399999999999998,2.0,0.0,2.0,1.0,439.0
1.0,7.0,17.0,1.0,0.76000000000000001,0.68180000000000007,0.42999999999999999,0.22390000000000002,2.0,0.0,2.0,1.0,795.0
1.0,7.0,18.0,1.0,0.76000000000000001,0.68180000000000007,0.45000000000000001,0.1343,2.0,0.0,2.0,1.0,825.0
1.0,7.0,19.0,1.0,0.73999999999999999,0.66670000000000007,0.47999999999999998,0.22390000000000002,2.0,0.0,2.0,1.0,629.0
1.0,7.0,20.0,1.0,0.73999999999999999,0.66670000000000007,0.47999999999999998,0.22390000000000002,2.0,0.0,2.0,1.0,514.0
1.0,7.0,21.0,1.0,0.71999999999999997,0.66670000000000007,0.47999999999999998,0.22390000000000002,2.0,0.0,2.0,1.0,373.0
1.0,7.0,22.0,1.0,0.71999999999999997,0.66670000000000007,0.51000000000000001,0.16420000000000001,2.0,0.0,2.0,1.0,318.0
1.0,7.0,23.0,2.0,0.69999999999999996,0.65150000000000008,0.51000000000000001,0.22390000000000002,2.0,0.0,2.0,1.0,211.0
1.0,7.0,0.0,2.0,0.69999999999999996,0.65150000000000008,0.54000000000000004,0.16420000000000001,2.0,0.0,3.0,1.0,95.0
1.0,7.0,1.0,2.0,0.67999999999999994,0.63639999999999997,0.54000000000000004,0.1045,2.0,0.0,3.0,1.0,59.0
1.0,7.0,2.0,2.0,0.65999999999999992,0.62119999999999997,0.60999999999999999,0.089599999999999999,2.0,0.0,3.0,1.0,17.0
1.0,7.0,3.0,2.0,0.67999999999999994,0.63639999999999997,0.60999999999999999,0.0,2.0,0.0,3.0,1.0,9.0
1.0,7.0,4.0,2.0,0.65999999999999992,0.62119999999999997,0.60999999999999999,0.0,2.0,0.0,3.0,1.0,11.0
1.0,7.0,5.0,2.0,0.65999999999999992,0.63639999999999997,0.56000000000000005,0.089599999999999999,2.0,0.0,3.0,1.0,34.0
1.0,7.0,6.0,2.0,0.69999999999999996,0.65150000000000008,0.54000000000000004,0.0,2.0,0.0,3.0,1.0,127.0
1.0,7.0,7.0,2.0,0.69999999999999996,0.65150000000000008,0.54000000000000004,0.0,2.0,0.0,3.0,1.0,380.0
1.0,7.0,8.0,2.0,0.69999999999999996,0.65150000000000008,0.54000000000000004,0.0,2.0,0.0,3.0,1.0,713.0
1.0,7.0,9.0,2.0,0.71999999999999997,0.66670000000000007,0.51000000000000001,0.0,2.0,0.0,3.0,1.0,414.0
1.0,7.0,10.0,2.0,0.73999999999999999,0.66670000000000007,0.47999999999999998,0.0,2.0,0.0,3.0,1.0,268.0
1.0,7.0,11.0,2.0,0.76000000000000001,0.68180000000000007,0.45000000000000001,0.1343,2.0,0.0,3.0,1.0,288.0
1.0,7.0,12.0,2.0,0.76000000000000001,0.68180000000000007,0.40000000000000002,0.1045,2.0,0.0,3.0,1.0,379.0
1.0,7.0,13.0,2.0,0.79999999999999993,0.71209999999999996,0.38,0.1343,2.0,0.0,3.0,1.0,374.0
1.0,7.0,14.0,2.0,0.79999999999999993,0.71209999999999996,0.38,0.0,2.0,0.0,3.0,1.0,369.0
1.0,7.0,15.0,2.0,0.79999999999999993,0.71209999999999996,0.35999999999999999,0.1045,2.0,0.0,3.0,1.0,353.0
1.0,7.0,16.0,2.0,0.79999999999999993,0.71209999999999996,0.35999999999999999,0.22390000000000002,2.0,0.0,3.0,1.0,492.0
1.0,7.0,17.0,2.0,0.79999999999999993,0.71209999999999996,0.35999999999999999,0.16420000000000001,2.0,0.0,3.0,1.0,835.0
1.0,7.0,18.0,1.0,0.78000000000000003,0.69700000000000006,0.46000000000000002,0.19399999999999998,2.0,0.0,3.0,1.0,631.0
1.0,7.0,19.0,1.0,0.73999999999999999,0.66670000000000007,0.51000000000000001,0.16420000000000001,2.0,0.0,3.0,1.0,488.0
1.0,7.0,20.0,1.0,0.73999999999999999,0.66670000000000007,0.47999999999999998,0.1343,2.0,0.0,3.0,1.0,389.0
1.0,7.0,21.0,1.0,0.71999999999999997,0.66670000000000007,0.54000000000000004,0.0,2.0,0.0,3.0,1.0,299.0
1.0,7.0,22.0,1.0,0.73999999999999999,0.66670000000000007,0.45000000000000001,0.0,2.0,0.0,3.0,1.0,263.0
1.0,7.0,23.0,2.0,0.71999999999999997,0.65150000000000008,0.45000000000000001,0.1343,2.0,0.0,3.0,1.0,212.0
1.0,7.0,0.0,2.0,0.71999999999999997,0.66670000000000007,0.47999999999999998,0.089599999999999999,2.0,0.0,4.0,1.0,191.0
1.0,7.0,1.0,2.0,0.69999999999999996,0.65150000000000008,0.51000000000000001,0.1045,2.0,0.0,4.0,1.0,118.0
1.0,7.0,2.0,2.0,0.69999999999999996,0.65150000000000008,0.54000000000000004,0.1045,2.0,0.0,4.0,1.0,101.0
1.0,7.0,3.0,2.0,0.69999999999999996,0.65150000000000008,0.54000000000000004,0.1045,2.0,0.0,4.0,1.0,40.0
1.0,7.0,4.0,3.0,0.65999999999999992,0.62119999999999997,0.60999999999999999,0.1045,2.0,0.0,4.0,1.0,9.0
1.0,7.0,5.0,2.0,0.64000000000000001,0.60609999999999997,0.72999999999999998,0.1045,2.0,0.0,4.0,1.0,5.0
1.0,7.0,6.0,2.0,0.64000000000000001,0.59089999999999998,0.78000000000000003,0.089599999999999999,2.0,0.0,4.0,1.0,35.0
1.0,7.0,7.0,1.0,0.64000000000000001,0.59089999999999998,0.78000000000000003,0.28360000000000002,2.0,0.0,4.0,1.0,48.0
1.0,7.0,8.0,1.0,0.62,0.59089999999999998,0.78000000000000003,0.28360000000000002,2.0,0.0,4.0,1.0,151.0
1.0,7.0,9.0,1.0,0.65999999999999992,0.62119999999999997,0.73999999999999999,0.19399999999999998,2.0,0.0,4.0,1.0,282.0
1.0,7.0,10.0,2.0,0.71999999999999997,0.68180000000000007,0.69999999999999996,0.089599999999999999,2.0,0.0,4.0,1.0,401.0
1.0,7.0,11.0,2.0,0.71999999999999997,0.68180000000000007,0.69999999999999996,0.1045,2.0,0.0,4.0,1.0,439.0
1.0,7.0,12.0,2.0,0.73999999999999999,0.69700000000000006,0.66000000000000003,0.089599999999999999,2.0,0.0,4.0,1.0,499.0
1.0,7.0,13.0,2.0,0.76000000000000001,0.71209999999999996,0.62,0.089599999999999999,2.0,0.0,4.0,1.0,591.0
1.0,7.0,14.0,1.0,0.79999999999999993,0.75760000000000005,0.55000000000000004,0.1045,2.0,0.0,4.0,1.0,632.0
1.0,7.0,15.0,1.0,0.79999999999999993,0.75760000000000005,0.55000000000000004,0.16420000000000001,2.0,0.0,4.0,1.0,560.0
1.0,7.0,16.0,2.0,0.71999999999999997,0.69700000000000006,0.79000000000000004,0.35820000000000002,2.0,0.0,4.0,1.0,566.0
1.0,7.0,17.0,3.0,0.69999999999999996,0.66670000000000007,0.79000000000000004,0.16420000000000001,2.0,0.0,4.0,1.0,458.0
1.0,7.0,18.0,1.0,0.71999999999999997,0.69700000000000006,0.79000000000000004,0.1343,2.0,0.0,4.0,1.0,351.0
1.0,7.0,19.0,1.0,0.71999999999999997,0.71209999999999996,0.83999999999999997,0.089599999999999999,2.0,0.0,4.0,1.0,431.0
1.0,7.0,20.0,1.0,0.71999999999999997,0.71209999999999996,0.83999999999999997,0.089599999999999999,2.0,0.0,4.0,1.0,356.0
1.0,7.0,21.0,1.0,0.69999999999999996,0.66670000000000007,0.83999999999999997,0.22390000000000002,2.0,0.0,4.0,1.0,269.0
1.0,7.0,22.0,1.0,0.69999999999999996,0.66670000000000007,0.79000000000000004,0.19399999999999998,2.0,0.0,4.0,1.0,225.0
1.0,7.0,23.0,2.0,0.67999999999999994,0.63639999999999997,0.82999999999999996,0.089599999999999999,2.0,0.0,4.0,1.0,211.0
1.0,7.0,0.0,1.0,0.67999999999999994,0.63639999999999997,0.89000000000000001,0.16420000000000001,2.0,0.0,5.0,1.0,187.0
1.0,7.0,1.0,2.0,0.67999999999999994,0.63639999999999997,0.89000000000000001,0.1343,2.0,0.0,5.0,1.0,168.0
1.0,7.0,2.0,2.0,0.67999999999999994,0.63639999999999997,0.89000000000000001,0.16420000000000001,2.0,0.0,5.0,1.0,115.0
1.0,7.0,3.0,2.0,0.67999999999999994,0.63639999999999997,0.89000000000000001,0.16420000000000001,2.0,0.0,5.0,1.0,57.0
1.0,7.0,4.0,2.0,0.67999999999999994,0.63639999999999997,0.89000000000000001,0.1045,2.0,0.0,5.0,1.0,19.0
1.0,7.0,5.0,1.0,0.67999999999999994,0.63639999999999997,0.89000000000000001,0.1343,2.0,0.0,5.0,1.0,9.0
1.0,7.0,6.0,1.0,0.67999999999999994,0.63639999999999997,0.82999999999999996,0.1343,2.0,0.0,5.0,1.0,15.0
1.0,7.0,7.0,1.0,0.69999999999999996,0.66670000000000007,0.79000000000000004,0.089599999999999999,2.0,0.0,5.0,1.0,47.0
1.0,7.0,8.0,2.0,0.69999999999999996,0.66670000000000007,0.83999999999999997,0.1343,2.0,0.0,5.0,1.0,133.0
1.0,7.0,9.0,2.0,0.71999999999999997,0.69700000000000006,0.79000000000000004,0.0,2.0,0.0,5.0,1.0,221.0
1.0,7.0,10.0,1.0,0.76000000000000001,0.72730000000000006,0.66000000000000003,0.1343,2.0,0.0,5.0,1.0,382.0
1.0,7.0,11.0,1.0,0.81999999999999995,0.77269999999999994,0.52000000000000002,0.16420000000000001,2.0,0.0,5.0,1.0,451.0
1.0,7.0,12.0,1.0,0.83999999999999997,0.77269999999999994,0.46999999999999997,0.1045,2.0,0.0,5.0,1.0,489.0
1.0,7.0,13.0,1.0,0.85999999999999999,0.78790000000000004,0.40999999999999998,0.1045,2.0,0.0,5.0,1.0,480.0
1.0,7.0,14.0,1.0,0.89999999999999991,0.81819999999999993,0.37,0.25370000000000004,2.0,0.0,5.0,1.0,476.0
1.0,7.0,15.0,1.0,0.85999999999999999,0.80299999999999994,0.46999999999999997,0.1343,2.0,0.0,5.0,1.0,489.0
1.0,7.0,16.0,1.0,0.85999999999999999,0.78790000000000004,0.40999999999999998,0.22390000000000002,2.0,0.0,5.0,1.0,495.0
1.0,7.0,17.0,1.0,0.79999999999999993,0.77269999999999994,0.58999999999999997,0.49250000000000005,2.0,0.0,5.0,1.0,436.0
1.0,7.0,18.0,3.0,0.71999999999999997,0.69700000000000006,0.79000000000000004,0.35820000000000002,2.0,0.0,5.0,1.0,312.0
1.0,7.0,19.0,1.0,0.71999999999999997,0.71209999999999996,0.83999999999999997,0.22390000000000002,2.0,0.0,5.0,1.0,312.0
1.0,7.0,20.0,1.0,0.71999999999999997,0.69700000000000006,0.79000000000000004,0.25370000000000004,2.0,0.0,5.0,1.0,294.0
1.0,7.0,21.0,1.0,0.71999999999999997,0.69700000000000006,0.79000000000000004,0.089599999999999999,2.0,0.0,5.0,1.0,223.0
1.0,7.0,22.0,1.0,0.71999999999999997,0.69700000000000006,0.73999999999999999,0.1045,2.0,0.0,5.0,1.0,130.0
1.0,7.0,23.0,1.0,0.71999999999999997,0.69700000000000006,0.79000000000000004,0.1343,2.0,0.0,5.0,1.0,91.0
1.0,7.0,0.0,3.0,0.71999999999999997,0.69700000000000006,0.79000000000000004,0.1045,2.0,0.0,6.0,0.0,43.0
1.0,7.0,1.0,2.0,0.69999999999999996,0.66670000000000007,0.73999999999999999,0.19399999999999998,2.0,0.0,6.0,0.0,11.0
1.0,7.0,2.0,1.0,0.69999999999999996,0.66670000000000007,0.73999999999999999,0.1045,2.0,0.0,6.0,0.0,15.0
1.0,7.0,3.0,1.0,0.67999999999999994,0.63639999999999997,0.79000000000000004,0.089599999999999999,2.0,0.0,6.0,0.0,6.0
1.0,7.0,4.0,1.0,0.67999999999999994,0.63639999999999997,0.79000000000000004,0.1045,2.0,0.0,6.0,0.0,12.0
1.0,7.0,5.0,1.0,0.65999999999999992,0.60609999999999997,0.78000000000000003,0.1045,2.0,0.0,6.0,0.0,50.0
1.0,7.0,6.0,1.0,0.67999999999999994,0.63639999999999997,0.79000000000000004,0.1343,2.0,0.0,6.0,0.0,140.0
1.0,7.0,7.0,1.0,0.71999999999999997,0.68180000000000007,0.69999999999999996,0.089599999999999999,2.0,0.0,6.0,0.0,483.0
1.0,7.0,8.0,1.0,0.73999999999999999,0.69700000000000006,0.66000000000000003,0.1045,2.0,0.0,6.0,0.0,667.0
1.0,7.0,9.0,1.0,0.76000000000000001,0.71209999999999996,0.62,0.16420000000000001,2.0,0.0,6.0,0.0,348.0
1.0,7.0,10.0,1.0,0.79999999999999993,0.77269999999999994,0.58999999999999997,0.0,2.0,0.0,6.0,0.0,186.0
1.0,7.0,11.0,1.0,0.83999999999999997,0.80299999999999994,0.53000000000000003,0.22390000000000002,2.0,0.0,6.0,0.0,182.0
1.0,7.0,12.0,1.0,0.83999999999999997,0.78790000000000004,0.48999999999999999,0.1343,2.0,0.0,6.0,0.0,237.0
1.0,7.0,13.0,1.0,0.83999999999999997,0.78790000000000004,0.48999999999999999,0.28360000000000002,2.0,0.0,6.0,0.0,239.0
1.0,7.0,14.0,1.0,0.88,0.81819999999999993,0.41999999999999998,0.1045,2.0,0.0,6.0,0.0,212.0
1.0,7.0,15.0,1.0,0.85999999999999999,0.80299999999999994,0.46999999999999997,0.25370000000000004,2.0,0.0,6.0,0.0,237.0
1.0,7.0,16.0,3.0,0.76000000000000001,0.72730000000000006,0.66000000000000003,0.58210000000000006,2.0,0.0,6.0,0.0,386.0
1.0,7.0,17.0,3.0,0.76000000000000001,0.72730000000000006,0.66000000000000003,0.58210000000000006,2.0,0.0,6.0,0.0,755.0
1.0,7.0,18.0,1.0,0.83999999999999997,0.80299999999999994,0.53000000000000003,0.0,2.0,0.0,6.0,0.0,794.0
1.0,7.0,19.0,1.0,0.79999999999999993,0.78790000000000004,0.63,0.1343,2.0,0.0,6.0,0.0,595.0
1.0,7.0,20.0,1.0,0.79999999999999993,0.77269999999999994,0.58999999999999997,0.1343,2.0,0.0,6.0,0.0,454.0
1.0,7.0,21.0,1.0,0.76000000000000001,0.72730000000000006,0.66000000000000003,0.1343,2.0,0.0,6.0,0.0,328.0
1.0,7.0,22.0,1.0,0.76000000000000001,0.71209999999999996,0.62,0.089599999999999999,2.0,0.0,6.0,0.0,284.0
1.0,7.0,23.0,1.0,0.73999999999999999,0.71209999999999996,0.73999999999999999,0.089599999999999999,2.0,0.0,6.0,0.0,166.0
1.0,7.0,0.0,1.0,0.71999999999999997,0.71209999999999996,0.83999999999999997,0.1045,2.0,0.0,7.0,0.0,53.0
1.0,7.0,1.0,1.0,0.73999999999999999,0.69700000000000006,0.69999999999999996,0.0,2.0,0.0,7.0,0.0,25.0
1.0,7.0,2.0,1.0,0.71999999999999997,0.68180000000000007,0.69999999999999996,0.089599999999999999,2.0,0.0,7.0,0.0,7.0
1.0,7.0,3.0,1.0,0.71999999999999997,0.68180000000000007,0.66000000000000003,0.0,2.0,0.0,7.0,0.0,3.0
1.0,7.0,4.0,1.0,0.71999999999999997,0.68180000000000007,0.62,0.0,2.0,0.0,7.0,0.0,7.0
1.0,7.0,5.0,1.0,0.67999999999999994,0.63639999999999997,0.73999999999999999,0.089599999999999999,2.0,0.0,7.0,0.0,38.0
1.0,7.0,6.0,1.0,0.71999999999999997,0.68180000000000007,0.66000000000000003,0.1045,2.0,0.0,7.0,0.0,213.0
1.0,7.0,7.0,2.0,0.73999999999999999,0.69700000000000006,0.69999999999999996,0.0,2.0,0.0,7.0,0.0,526.0
1.0,7.0,8.0,2.0,0.79999999999999993,0.75760000000000005,0.55000000000000004,0.0,2.0,0.0,7.0,0.0,661.0
1.0,7.0,9.0,2.0,0.81999999999999995,0.77269999999999994,0.48999999999999999,0.22390000000000002,2.0,0.0,7.0,0.0,320.0
1.0,7.0,10.0,2.0,0.83999999999999997,0.78790000000000004,0.48999999999999999,0.19399999999999998,2.0,0.0,7.0,0.0,159.0
1.0,7.0,11.0,2.0,0.85999999999999999,0.80299999999999994,0.46999999999999997,0.0,2.0,0.0,7.0,0.0,206.0
1.0,7.0,12.0,2.0,0.89999999999999991,0.81819999999999993,0.34999999999999998,0.0,2.0,0.0,7.0,0.0,254.0
1.0,7.0,13.0,1.0,0.91999999999999993,0.81819999999999993,0.31,0.19399999999999998,2.0,0.0,7.0,0.0,221.0
1.0,7.0,14.0,1.0,0.93999999999999995,0.83329999999999993,0.28999999999999998,0.25370000000000004,2.0,0.0,7.0,0.0,214.0
1.0,7.0,15.0,1.0,0.91999999999999993,0.81819999999999993,0.31,0.16420000000000001,2.0,0.0,7.0,0.0,244.0
1.0,7.0,16.0,1.0,0.91999999999999993,0.81819999999999993,0.28999999999999998,0.16420000000000001,2.0,0.0,7.0,0.0,381.0
1.0,7.0,17.0,1.0,0.91999999999999993,0.81819999999999993,0.28999999999999998,0.0,2.0,0.0,7.0,0.0,770.0
1.0,7.0,18.0,1.0,0.89999999999999991,0.80299999999999994,0.33000000000000002,0.19399999999999998,2.0,0.0,7.0,0.0,772.0
1.0,7.0,19.0,1.0,0.88,0.78790000000000004,0.34999999999999998,0.25370000000000004,2.0,0.0,7.0,0.0,547.0
1.0,7.0,20.0,1.0,0.85999999999999999,0.75760000000000005,0.34000000000000002,0.16420000000000001,2.0,0.0,7.0,0.0,427.0
1.0,7.0,21.0,1.0,0.81999999999999995,0.77269999999999994,0.52000000000000002,0.1343,2.0,0.0,7.0,0.0,333.0
1.0,7.0,22.0,1.0,0.79999999999999993,0.75760000000000005,0.55000000000000004,0.22390000000000002,2.0,0.0,7.0,0.0,244.0
1.0,7.0,23.0,1.0,0.78000000000000003,0.74239999999999995,0.58999999999999997,0.19399999999999998,2.0,0.0,7.0,0.0,161.0
1.0,7.0,0.0,1.0,0.76000000000000001,0.72730000000000006,0.66000000000000003,0.16420000000000001,2.0,0.0,1.0,1.0,53.0
1.0,7.0,1.0,1.0,0.76000000000000001,0.72730000000000006,0.66000000000000003,0.1045,2.0,0.0,1.0,1.0,16.0
1.0,7.0,2.0,1.0,0.73999999999999999,0.69700000000000006,0.66000000000000003,0.1343,2.0,0.0,1.0,1.0,8.0
1.0,7.0,3.0,1.0,0.73999999999999999,0.69700000000000006,0.66000000000000003,0.1343,2.0,0.0,1.0,1.0,4.0
1.0,7.0,4.0,1.0,0.71999999999999997,0.68180000000000007,0.69999999999999996,0.1343,2.0,0.0,1.0,1.0,6.0
1.0,7.0,5.0,1.0,0.71999999999999997,0.68180000000000007,0.69999999999999996,0.16420000000000001,2.0,0.0,1.0,1.0,46.0
1.0,7.0,6.0,1.0,0.71999999999999997,0.68180000000000007,0.69999999999999996,0.16420000000000001,2.0,0.0,1.0,1.0,162.0
1.0,7.0,7.0,1.0,0.73999999999999999,0.69700000000000006,0.66000000000000003,0.16420000000000001,2.0,0.0,1.0,1.0,495.0
1.0,7.0,8.0,1.0,0.78000000000000003,0.74239999999999995,0.62,0.1045,2.0,0.0,1.0,1.0,679.0
1.0,7.0,9.0,1.0,0.81999999999999995,0.78790000000000004,0.56000000000000005,0.0,2.0,0.0,1.0,1.0,297.0
1.0,7.0,10.0,1.0,0.89999999999999991,0.84849999999999992,0.41999999999999998,0.19399999999999998,2.0,0.0,1.0,1.0,138.0
1.0,7.0,11.0,1.0,0.89999999999999991,0.84849999999999992,0.41999999999999998,0.0,2.0,0.0,1.0,1.0,183.0
1.0,7.0,12.0,1.0,0.91999999999999993,0.86360000000000003,0.37,0.1343,2.0,0.0,1.0,1.0,202.0
1.0,7.0,13.0,1.0,0.93999999999999995,0.84849999999999992,0.33000000000000002,0.0,2.0,0.0,1.0,1.0,203.0
1.0,7.0,14.0,1.0,0.93999999999999995,0.87879999999999991,0.38,0.32840000000000003,2.0,0.0,1.0,1.0,170.0
1.0,7.0,15.0,3.0,0.91999999999999993,0.84849999999999992,0.34999999999999998,0.35820000000000002,2.0,0.0,1.0,1.0,194.0
1.0,7.0,16.0,1.0,0.73999999999999999,0.69700000000000006,0.66000000000000003,0.25370000000000004,2.0,0.0,1.0,1.0,224.0
1.0,7.0,17.0,1.0,0.73999999999999999,0.69700000000000006,0.69999999999999996,0.25370000000000004,2.0,0.0,1.0,1.0,370.0
1.0,7.0,18.0,2.0,0.76000000000000001,0.71209999999999996,0.62,0.1343,2.0,0.0,1.0,1.0,643.0
1.0,7.0,19.0,2.0,0.76000000000000001,0.71209999999999996,0.62,0.1045,2.0,0.0,1.0,1.0,516.0
1.0,7.0,20.0,1.0,0.73999999999999999,0.68180000000000007,0.62,0.089599999999999999,2.0,0.0,1.0,1.0,366.0
1.0,7.0,21.0,1.0,0.76000000000000001,0.71209999999999996,0.62,0.0,2.0,0.0,1.0,1.0,319.0
1.0,7.0,22.0,1.0,0.76000000000000001,0.71209999999999996,0.57999999999999996,0.089599999999999999,2.0,0.0,1.0,1.0,288.0
1.0,7.0,23.0,1.0,0.76000000000000001,0.71209999999999996,0.57999999999999996,0.089599999999999999,2.0,0.0,1.0,1.0,131.0
1.0,7.0,0.0,1.0,0.73999999999999999,0.69700000000000006,0.66000000000000003,0.089599999999999999,2.0,0.0,2.0,1.0,66.0
1.0,7.0,1.0,1.0,0.73999999999999999,0.69700000000000006,0.66000000000000003,0.089599999999999999,2.0,0.0,2.0,1.0,25.0
1.0,7.0,2.0,1.0,0.71999999999999997,0.68180000000000007,0.69999999999999996,0.19399999999999998,2.0,0.0,2.0,1.0,7.0
1.0,7.0,3.0,1.0,0.71999999999999997,0.68180000000000007,0.69999999999999996,0.1045,2.0,0.0,2.0,1.0,5.0
1.0,7.0,4.0,1.0,0.71999999999999997,0.68180000000000007,0.69999999999999996,0.1045,2.0,0.0,2.0,1.0,8.0
1.0,7.0,5.0,2.0,0.71999999999999997,0.68180000000000007,0.69999999999999996,0.1045,2.0,0.0,2.0,1.0,40.0
1.0,7.0,6.0,1.0,0.71999999999999997,0.68180000000000007,0.66000000000000003,0.1343,2.0,0.0,2.0,1.0,152.0
1.0,7.0,7.0,1.0,0.73999999999999999,0.68180000000000007,0.57999999999999996,0.28360000000000002,2.0,0.0,2.0,1.0,473.0
1.0,7.0,8.0,1.0,0.76000000000000001,0.71209999999999996,0.57999999999999996,0.25370000000000004,2.0,0.0,2.0,1.0,657.0
1.0,7.0,9.0,2.0,0.76000000000000001,0.71209999999999996,0.57999999999999996,0.28360000000000002,2.0,0.0,2.0,1.0,318.0
1.0,7.0,10.0,1.0,0.76000000000000001,0.71209999999999996,0.57999999999999996,0.19399999999999998,2.0,0.0,2.0,1.0,198.0
1.0,7.0,11.0,1.0,0.79999999999999993,0.75760000000000005,0.55000000000000004,0.1045,2.0,0.0,2.0,1.0,216.0
1.0,7.0,12.0,1.0,0.83999999999999997,0.78790000000000004,0.48999999999999999,0.28360000000000002,2.0,0.0,2.0,1.0,274.0
1.0,7.0,13.0,1.0,0.83999999999999997,0.77269999999999994,0.46999999999999997,0.1343,2.0,0.0,2.0,1.0,254.0
1.0,7.0,14.0,1.0,0.85999999999999999,0.78790000000000004,0.44,0.089599999999999999,2.0,0.0,2.0,1.0,197.0
1.0,7.0,15.0,1.0,0.83999999999999997,0.77269999999999994,0.46999999999999997,0.089599999999999999,2.0,0.0,2.0,1.0,292.0
1.0,7.0,16.0,1.0,0.83999999999999997,0.77269999999999994,0.46999999999999997,0.089599999999999999,2.0,0.0,2.0,1.0,358.0
1.0,7.0,17.0,1.0,0.85999999999999999,0.78790000000000004,0.40999999999999998,0.0,2.0,0.0,2.0,1.0,771.0
1.0,7.0,18.0,1.0,0.85999999999999999,0.78790000000000004,0.40999999999999998,0.19399999999999998,2.0,0.0,2.0,1.0,777.0
1.0,7.0,19.0,1.0,0.83999999999999997,0.75760000000000005,0.44,0.25370000000000004,2.0,0.0,2.0,1.0,533.0
1.0,7.0,20.0,1.0,0.81999999999999995,0.77269999999999994,0.48999999999999999,0.16420000000000001,2.0,0.0,2.0,1.0,505.0
1.0,7.0,21.0,3.0,0.65999999999999992,0.59089999999999998,0.89000000000000001,0.25370000000000004,2.0,0.0,2.0,1.0,332.0
1.0,7.0,22.0,3.0,0.65999999999999992,0.59089999999999998,0.89000000000000001,0.25370000000000004,2.0,0.0,2.0,1.0,68.0
1.0,7.0,23.0,3.0,0.65999999999999992,0.59089999999999998,0.89000000000000001,0.22390000000000002,2.0,0.0,2.0,1.0,65.0
1.0,7.0,0.0,3.0,0.65999999999999992,0.59089999999999998,0.89000000000000001,0.089599999999999999,2.0,0.0,3.0,1.0,34.0
1.0,7.0,1.0,1.0,0.65999999999999992,0.59089999999999998,0.89000000000000001,0.1343,2.0,0.0,3.0,1.0,11.0
1.0,7.0,2.0,2.0,0.65999999999999992,0.59089999999999998,0.89000000000000001,0.089599999999999999,2.0,0.0,3.0,1.0,19.0
1.0,7.0,3.0,2.0,0.65999999999999992,0.59089999999999998,0.89000000000000001,0.1045,2.0,0.0,3.0,1.0,36.0
1.0,7.0,4.0,2.0,0.65999999999999992,0.59089999999999998,0.89000000000000001,0.16420000000000001,2.0,0.0,3.0,1.0,9.0
1.0,7.0,5.0,2.0,0.65999999999999992,0.59089999999999998,0.89000000000000001,0.1343,2.0,0.0,3.0,1.0,42.0
1.0,7.0,6.0,2.0,0.65999999999999992,0.59089999999999998,0.89000000000000001,0.16420000000000001,2.0,0.0,3.0,1.0,126.0
1.0,7.0,7.0,2.0,0.65999999999999992,0.59089999999999998,0.89000000000000001,0.19399999999999998,2.0,0.0,3.0,1.0,360.0
1.0,7.0,8.0,2.0,0.67999999999999994,0.63639999999999997,0.82999999999999996,0.16420000000000001,2.0,0.0,3.0,1.0,691.0
1.0,7.0,9.0,2.0,0.69999999999999996,0.66670000000000007,0.79000000000000004,0.1343,2.0,0.0,3.0,1.0,373.0
1.0,7.0,10.0,2.0,0.69999999999999996,0.66670000000000007,0.79000000000000004,0.16420000000000001,2.0,0.0,3.0,1.0,233.0
1.0,7.0,11.0,3.0,0.71999999999999997,0.69700000000000006,0.73999999999999999,0.19399999999999998,2.0,0.0,3.0,1.0,212.0
1.0,7.0,12.0,3.0,0.67999999999999994,0.63639999999999997,0.82999999999999996,0.16420000000000001,2.0,0.0,3.0,1.0,274.0
1.0,7.0,13.0,3.0,0.67999999999999994,0.63639999999999997,0.82999999999999996,0.1045,2.0,0.0,3.0,1.0,156.0
1.0,7.0,14.0,3.0,0.69999999999999996,0.66670000000000007,0.83999999999999997,0.16420000000000001,2.0,0.0,3.0,1.0,229.0
1.0,7.0,15.0,2.0,0.69999999999999996,0.66670000000000007,0.83999999999999997,0.29850000000000004,2.0,0.0,3.0,1.0,216.0
1.0,7.0,16.0,2.0,0.67999999999999994,0.63639999999999997,0.82999999999999996,0.32840000000000003,2.0,0.0,3.0,1.0,436.0
1.0,7.0,17.0,2.0,0.65999999999999992,0.59089999999999998,0.89000000000000001,0.41790000000000005,2.0,0.0,3.0,1.0,715.0
1.0,7.0,18.0,2.0,0.65999999999999992,0.60609999999999997,0.78000000000000003,0.32840000000000003,2.0,0.0,3.0,1.0,622.0
1.0,7.0,19.0,2.0,0.64000000000000001,0.57579999999999998,0.82999999999999996,0.28360000000000002,2.0,0.0,3.0,1.0,402.0
1.0,7.0,20.0,3.0,0.64000000000000001,0.57579999999999998,0.82999999999999996,0.3881,2.0,0.0,3.0,1.0,251.0
1.0,7.0,21.0,3.0,0.62,0.57579999999999998,0.82999999999999996,0.32840000000000003,2.0,0.0,3.0,1.0,122.0
1.0,7.0,22.0,2.0,0.62,0.57579999999999998,0.82999999999999996,0.19399999999999998,2.0,0.0,3.0,1.0,135.0
1.0,7.0,23.0,2.0,0.62,0.57579999999999998,0.82999999999999996,0.28360000000000002,2.0,0.0,3.0,1.0,166.0
1.0,7.0,0.0,3.0,0.62,0.57579999999999998,0.82999999999999996,0.28360000000000002,2.0,0.0,4.0,1.0,103.0
1.0,7.0,1.0,2.0,0.62,0.57579999999999998,0.82999999999999996,0.25370000000000004,2.0,0.0,4.0,1.0,72.0
1.0,7.0,2.0,3.0,0.60000000000000009,0.54549999999999998,0.88,0.28360000000000002,2.0,0.0,4.0,1.0,60.0
1.0,7.0,3.0,3.0,0.60000000000000009,0.54549999999999998,0.88,0.25370000000000004,2.0,0.0,4.0,1.0,25.0
1.0,7.0,4.0,3.0,0.58000000000000007,0.54549999999999998,0.88,0.28360000000000002,2.0,0.0,4.0,1.0,16.0
1.0,7.0,5.0,3.0,0.58000000000000007,0.54549999999999998,0.88,0.25370000000000004,2.0,0.0,4.0,1.0,17.0
1.0,7.0,6.0,3.0,0.58000000000000007,0.54549999999999998,0.88,0.25370000000000004,2.0,0.0,4.0,1.0,15.0
1.0,7.0,7.0,2.0,0.58000000000000007,0.54549999999999998,0.88,0.25370000000000004,2.0,0.0,4.0,1.0,37.0
1.0,7.0,8.0,2.0,0.58000000000000007,0.54549999999999998,0.82999999999999996,0.25370000000000004,2.0,0.0,4.0,1.0,112.0
1.0,7.0,9.0,2.0,0.58000000000000007,0.54549999999999998,0.82999999999999996,0.19399999999999998,2.0,0.0,4.0,1.0,207.0
1.0,7.0,10.0,3.0,0.58000000000000007,0.54549999999999998,0.88,0.25370000000000004,2.0,0.0,4.0,1.0,268.0
1.0,7.0,11.0,2.0,0.60000000000000009,0.56059999999999999,0.82999999999999996,0.25370000000000004,2.0,0.0,4.0,1.0,305.0
1.0,7.0,12.0,3.0,0.60000000000000009,0.56059999999999999,0.82999999999999996,0.22390000000000002,2.0,0.0,4.0,1.0,457.0
1.0,7.0,13.0,3.0,0.60000000000000009,0.56059999999999999,0.82999999999999996,0.16420000000000001,2.0,0.0,4.0,1.0,354.0
1.0,7.0,14.0,2.0,0.60000000000000009,0.54549999999999998,0.88,0.25370000000000004,2.0,0.0,4.0,1.0,343.0
1.0,7.0,15.0,3.0,0.60000000000000009,0.54549999999999998,0.88,0.25370000000000004,2.0,0.0,4.0,1.0,380.0
1.0,7.0,16.0,3.0,0.60000000000000009,0.54549999999999998,0.88,0.19399999999999998,2.0,0.0,4.0,1.0,326.0
1.0,7.0,17.0,3.0,0.60000000000000009,0.54549999999999998,0.88,0.16420000000000001,2.0,0.0,4.0,1.0,241.0
1.0,7.0,18.0,2.0,0.60000000000000009,0.54549999999999998,0.88,0.19399999999999998,2.0,0.0,4.0,1.0,177.0
1.0,7.0,19.0,2.0,0.60000000000000009,0.54549999999999998,0.88,0.16420000000000001,2.0,0.0,4.0,1.0,238.0
1.0,7.0,20.0,3.0,0.60000000000000009,0.54549999999999998,0.88,0.16420000000000001,2.0,0.0,4.0,1.0,214.0
1.0,7.0,21.0,2.0,0.60000000000000009,0.54549999999999998,0.88,0.16420000000000001,2.0,0.0,4.0,1.0,163.0
1.0,7.0,22.0,2.0,0.60000000000000009,0.54549999999999998,0.88,0.1045,2.0,0.0,4.0,1.0,180.0
1.0,7.0,23.0,2.0,0.60000000000000009,0.54549999999999998,0.88,0.0,2.0,0.0,4.0,1.0,149.0
1.0,7.0,0.0,2.0,0.60000000000000009,0.54549999999999998,0.88,0.1045,2.0,0.0,5.0,1.0,113.0
1.0,7.0,1.0,2.0,0.60000000000000009,0.54549999999999998,0.88,0.16420000000000001,2.0,0.0,5.0,1.0,130.0
1.0,7.0,2.0,2.0,0.60000000000000009,0.54549999999999998,0.88,0.1045,2.0,0.0,5.0,1.0,122.0
1.0,7.0,3.0,2.0,0.60000000000000009,0.54549999999999998,0.88,0.1045,2.0,0.0,5.0,1.0,43.0
1.0,7.0,4.0,1.0,0.60000000000000009,0.54549999999999998,0.88,0.0,2.0,0.0,5.0,1.0,16.0
1.0,7.0,5.0,1.0,0.60000000000000009,0.54549999999999998,0.88,0.0,2.0,0.0,5.0,1.0,6.0
1.0,7.0,6.0,2.0,0.62,0.57579999999999998,0.82999999999999996,0.089599999999999999,2.0,0.0,5.0,1.0,19.0
1.0,7.0,7.0,2.0,0.62,0.57579999999999998,0.82999999999999996,0.0,2.0,0.0,5.0,1.0,38.0
1.0,7.0,8.0,2.0,0.64000000000000001,0.59089999999999998,0.78000000000000003,0.0,2.0,0.0,5.0,1.0,153.0
1.0,7.0,9.0,2.0,0.65999999999999992,0.62119999999999997,0.68999999999999995,0.0,2.0,0.0,5.0,1.0,258.0
1.0,7.0,10.0,2.0,0.65999999999999992,0.62119999999999997,0.73999999999999999,0.0,2.0,0.0,5.0,1.0,379.0
1.0,7.0,11.0,2.0,0.65999999999999992,0.62119999999999997,0.73999999999999999,0.0,2.0,0.0,5.0,1.0,505.0
1.0,7.0,12.0,2.0,0.69999999999999996,0.65150000000000008,0.69999999999999996,0.1045,2.0,0.0,5.0,1.0,504.0
1.0,7.0,13.0,2.0,0.69999999999999996,0.65150000000000008,0.65000000000000002,0.089599999999999999,2.0,0.0,5.0,1.0,626.0
1.0,7.0,14.0,1.0,0.71999999999999997,0.68180000000000007,0.66000000000000003,0.1045,2.0,0.0,5.0,1.0,616.0
1.0,7.0,15.0,1.0,0.71999999999999997,0.68180000000000007,0.66000000000000003,0.1045,2.0,0.0,5.0,1.0,624.0
1.0,7.0,16.0,1.0,0.73999999999999999,0.69700000000000006,0.66000000000000003,0.1045,2.0,0.0,5.0,1.0,628.0
1.0,7.0,17.0,1.0,0.73999999999999999,0.69700000000000006,0.66000000000000003,0.22390000000000002,2.0,0.0,5.0,1.0,556.0
1.0,7.0,18.0,1.0,0.73999999999999999,0.69700000000000006,0.66000000000000003,0.16420000000000001,2.0,0.0,5.0,1.0,515.0
1.0,7.0,19.0,1.0,0.71999999999999997,0.68180000000000007,0.69999999999999996,0.16420000000000001,2.0,0.0,5.0,1.0,522.0
1.0,7.0,20.0,1.0,0.69999999999999996,0.66670000000000007,0.73999999999999999,0.16420000000000001,2.0,0.0,5.0,1.0,378.0
1.0,7.0,21.0,1.0,0.69999999999999996,0.66670000000000007,0.79000000000000004,0.1045,2.0,0.0,5.0,1.0,345.0
1.0,7.0,22.0,1.0,0.69999999999999996,0.66670000000000007,0.73999999999999999,0.19399999999999998,2.0,0.0,5.0,1.0,191.0
1.0,7.0,23.0,1.0,0.67999999999999994,0.63639999999999997,0.79000000000000004,0.16420000000000001,2.0,0.0,5.0,1.0,123.0
1.0,7.0,0.0,1.0,0.65999999999999992,0.59089999999999998,0.89000000000000001,0.089599999999999999,2.0,0.0,6.0,0.0,47.0
1.0,7.0,1.0,1.0,0.65999999999999992,0.59089999999999998,0.89000000000000001,0.19399999999999998,2.0,0.0,6.0,0.0,27.0
1.0,7.0,2.0,2.0,0.65999999999999992,0.59089999999999998,0.93999999999999995,0.089599999999999999,2.0,0.0,6.0,0.0,17.0
1.0,7.0,3.0,2.0,0.65999999999999992,0.59089999999999998,0.93999999999999995,0.089599999999999999,2.0,0.0,6.0,0.0,2.0
1.0,7.0,4.0,2.0,0.65999999999999992,0.59089999999999998,0.93999999999999995,0.1343,2.0,0.0,6.0,0.0,8.0
1.0,7.0,5.0,2.0,0.65999999999999992,0.59089999999999998,0.93999999999999995,0.1343,2.0,0.0,6.0,0.0,51.0
1.0,7.0,6.0,2.0,0.67999999999999994,0.63639999999999997,0.89000000000000001,0.089599999999999999,2.0,0.0,6.0,0.0,157.0
1.0,7.0,7.0,1.0,0.69999999999999996,0.66670000000000007,0.83999999999999997,0.1343,2.0,0.0,6.0,0.0,421.0
1.0,7.0,8.0,1.0,0.71999999999999997,0.69700000000000006,0.79000000000000004,0.1045,2.0,0.0,6.0,0.0,738.0
1.0,7.0,9.0,2.0,0.73999999999999999,0.71209999999999996,0.73999999999999999,0.1343,2.0,0.0,6.0,0.0,345.0
1.0,7.0,10.0,2.0,0.78000000000000003,0.74239999999999995,0.62,0.0,2.0,0.0,6.0,0.0,200.0
1.0,7.0,11.0,2.0,0.79999999999999993,0.74239999999999995,0.52000000000000002,0.16420000000000001,2.0,0.0,6.0,0.0,198.0
1.0,7.0,12.0,2.0,0.79999999999999993,0.74239999999999995,0.52000000000000002,0.16420000000000001,2.0,0.0,6.0,0.0,314.0
1.0,7.0,13.0,2.0,0.79999999999999993,0.74239999999999995,0.52000000000000002,0.1045,2.0,0.0,6.0,0.0,240.0
1.0,7.0,14.0,2.0,0.78000000000000003,0.74239999999999995,0.58999999999999997,0.16420000000000001,2.0,0.0,6.0,0.0,271.0
1.0,7.0,15.0,1.0,0.79999999999999993,0.75760000000000005,0.55000000000000004,0.19399999999999998,2.0,0.0,6.0,0.0,281.0
1.0,7.0,16.0,1.0,0.81999999999999995,0.77269999999999994,0.52000000000000002,0.1343,2.0,0.0,6.0,0.0,457.0
1.0,7.0,17.0,1.0,0.81999999999999995,0.77269999999999994,0.52000000000000002,0.1343,2.0,0.0,6.0,0.0,847.0
1.0,7.0,18.0,1.0,0.81999999999999995,0.75760000000000005,0.46000000000000002,0.1045,2.0,0.0,6.0,0.0,741.0
1.0,7.0,19.0,1.0,0.79999999999999993,0.74239999999999995,0.52000000000000002,0.25370000000000004,2.0,0.0,6.0,0.0,582.0
1.0,7.0,20.0,1.0,0.76000000000000001,0.71209999999999996,0.62,0.16420000000000001,2.0,0.0,6.0,0.0,403.0
1.0,7.0,21.0,1.0,0.76000000000000001,0.71209999999999996,0.62,0.19399999999999998,2.0,0.0,6.0,0.0,296.0
1.0,7.0,22.0,1.0,0.73999999999999999,0.68180000000000007,0.62,0.19399999999999998,2.0,0.0,6.0,0.0,209.0
1.0,7.0,23.0,1.0,0.71999999999999997,0.68180000000000007,0.66000000000000003,0.16420000000000001,2.0,0.0,6.0,0.0,114.0
1.0,7.0,0.0,1.0,0.69999999999999996,0.66670000000000007,0.73999999999999999,0.1343,2.0,0.0,7.0,0.0,64.0
1.0,7.0,1.0,1.0,0.67999999999999994,0.63639999999999997,0.79000000000000004,0.16420000000000001,2.0,0.0,7.0,0.0,17.0
1.0,7.0,2.0,1.0,0.65999999999999992,0.60609999999999997,0.82999999999999996,0.16420000000000001,2.0,0.0,7.0,0.0,16.0
1.0,7.0,3.0,1.0,0.65999999999999992,0.60609999999999997,0.82999999999999996,0.16420000000000001,2.0,0.0,7.0,0.0,6.0
1.0,7.0,4.0,1.0,0.65999999999999992,0.60609999999999997,0.82999999999999996,0.089599999999999999,2.0,0.0,7.0,0.0,6.0
1.0,7.0,5.0,1.0,0.65999999999999992,0.60609999999999997,0.82999999999999996,0.1045,2.0,0.0,7.0,0.0,50.0
1.0,7.0,6.0,1.0,0.65999999999999992,0.60609999999999997,0.82999999999999996,0.1343,2.0,0.0,7.0,0.0,190.0
1.0,7.0,7.0,1.0,0.69999999999999996,0.66670000000000007,0.73999999999999999,0.16420000000000001,2.0,0.0,7.0,0.0,516.0
1.0,7.0,8.0,1.0,0.73999999999999999,0.69700000000000006,0.69999999999999996,0.19399999999999998,2.0,0.0,7.0,0.0,743.0
1.0,7.0,9.0,1.0,0.83999999999999997,0.80299999999999994,0.53000000000000003,0.0,2.0,0.0,7.0,0.0,339.0
1.0,7.0,10.0,1.0,0.81999999999999995,0.78790000000000004,0.56000000000000005,0.29850000000000004,2.0,0.0,7.0,0.0,218.0
1.0,7.0,11.0,2.0,0.83999999999999997,0.80299999999999994,0.53000000000000003,0.32840000000000003,2.0,0.0,7.0,0.0,201.0
1.0,7.0,12.0,2.0,0.81999999999999995,0.78790000000000004,0.56000000000000005,0.22390000000000002,2.0,0.0,7.0,0.0,229.0
1.0,7.0,13.0,2.0,0.83999999999999997,0.80299999999999994,0.53000000000000003,0.29850000000000004,2.0,0.0,7.0,0.0,273.0
1.0,7.0,14.0,2.0,0.83999999999999997,0.80299999999999994,0.53000000000000003,0.22390000000000002,2.0,0.0,7.0,0.0,244.0
1.0,7.0,15.0,1.0,0.81999999999999995,0.77269999999999994,0.48999999999999999,0.29850000000000004,2.0,0.0,7.0,0.0,285.0
1.0,7.0,16.0,1.0,0.79999999999999993,0.75760000000000005,0.55000000000000004,0.29850000000000004,2.0,0.0,7.0,0.0,455.0
1.0,7.0,17.0,1.0,0.79999999999999993,0.74239999999999995,0.52000000000000002,0.32840000000000003,2.0,0.0,7.0,0.0,869.0
1.0,7.0,18.0,1.0,0.76000000000000001,0.71209999999999996,0.62,0.32840000000000003,2.0,0.0,7.0,0.0,877.0
1.0,7.0,19.0,1.0,0.76000000000000001,0.71209999999999996,0.62,0.16420000000000001,2.0,0.0,7.0,0.0,632.0
1.0,7.0,20.0,1.0,0.73999999999999999,0.69700000000000006,0.66000000000000003,0.16420000000000001,2.0,0.0,7.0,0.0,523.0
1.0,7.0,21.0,1.0,0.73999999999999999,0.69700000000000006,0.66000000000000003,0.22390000000000002,2.0,0.0,7.0,0.0,378.0
1.0,7.0,22.0,1.0,0.73999999999999999,0.69700000000000006,0.66000000000000003,0.25370000000000004,2.0,0.0,7.0,0.0,269.0
1.0,7.0,23.0,1.0,0.73999999999999999,0.68180000000000007,0.57999999999999996,0.32840000000000003,2.0,0.0,7.0,0.0,192.0
1.0,7.0,0.0,1.0,0.71999999999999997,0.66670000000000007,0.57999999999999996,0.29850000000000004,2.0,0.0,1.0,1.0,66.0
1.0,7.0,1.0,1.0,0.69999999999999996,0.65150000000000008,0.57999999999999996,0.19399999999999998,2.0,0.0,1.0,1.0,28.0
1.0,7.0,2.0,1.0,0.67999999999999994,0.63639999999999997,0.60999999999999999,0.22390000000000002,2.0,0.0,1.0,1.0,12.0
1.0,7.0,3.0,1.0,0.65999999999999992,0.62119999999999997,0.65000000000000002,0.22390000000000002,2.0,0.0,1.0,1.0,12.0
1.0,7.0,4.0,1.0,0.64000000000000001,0.60609999999999997,0.65000000000000002,0.22390000000000002,2.0,0.0,1.0,1.0,4.0
1.0,7.0,5.0,1.0,0.64000000000000001,0.60609999999999997,0.65000000000000002,0.16420000000000001,2.0,0.0,1.0,1.0,59.0
1.0,7.0,6.0,1.0,0.64000000000000001,0.60609999999999997,0.65000000000000002,0.19399999999999998,2.0,0.0,1.0,1.0,190.0
1.0,7.0,7.0,1.0,0.65999999999999992,0.62119999999999997,0.5,0.32840000000000003,2.0,0.0,1.0,1.0,507.0
1.0,7.0,8.0,1.0,0.69999999999999996,0.63639999999999997,0.41999999999999998,0.25370000000000004,2.0,0.0,1.0,1.0,788.0
1.0,7.0,9.0,1.0,0.71999999999999997,0.65150000000000008,0.37,0.29850000000000004,2.0,0.0,1.0,1.0,342.0
1.0,7.0,10.0,1.0,0.73999999999999999,0.65150000000000008,0.37,0.0,2.0,0.0,1.0,1.0,231.0
1.0,7.0,11.0,1.0,0.76000000000000001,0.66670000000000007,0.33000000000000002,0.0,2.0,0.0,1.0,1.0,281.0
1.0,7.0,12.0,1.0,0.76000000000000001,0.66670000000000007,0.33000000000000002,0.0,2.0,0.0,1.0,1.0,310.0
1.0,7.0,13.0,1.0,0.78000000000000003,0.68180000000000007,0.31,0.16420000000000001,2.0,0.0,1.0,1.0,312.0
1.0,7.0,14.0,1.0,0.79999999999999993,0.69700000000000006,0.28999999999999998,0.1343,2.0,0.0,1.0,1.0,247.0
1.0,7.0,15.0,1.0,0.78000000000000003,0.68180000000000007,0.31,0.089599999999999999,2.0,0.0,1.0,1.0,317.0
1.0,7.0,16.0,1.0,0.79999999999999993,0.69700000000000006,0.28999999999999998,0.16420000000000001,2.0,0.0,1.0,1.0,484.0
1.0,7.0,17.0,1.0,0.79999999999999993,0.69700000000000006,0.31,0.0,2.0,0.0,1.0,1.0,913.0
1.0,7.0,18.0,1.0,0.79999999999999993,0.69700000000000006,0.27000000000000002,0.1343,2.0,0.0,1.0,1.0,891.0
1.0,7.0,19.0,1.0,0.76000000000000001,0.66670000000000007,0.33000000000000002,0.1343,2.0,0.0,1.0,1.0,698.0
1.0,7.0,20.0,1.0,0.73999999999999999,0.65150000000000008,0.40000000000000002,0.16420000000000001,2.0,0.0,1.0,1.0,567.0
1.0,7.0,21.0,1.0,0.71999999999999997,0.65150000000000008,0.45000000000000001,0.1343,2.0,0.0,1.0,1.0,397.0
1.0,7.0,22.0,1.0,0.69999999999999996,0.65150000000000008,0.57999999999999996,0.1343,2.0,0.0,1.0,1.0,278.0
1.0,7.0,23.0,1.0,0.67999999999999994,0.63639999999999997,0.56999999999999995,0.29850000000000004,2.0,0.0,1.0,1.0,239.0
1.0,7.0,0.0,1.0,0.65999999999999992,0.62119999999999997,0.65000000000000002,0.19399999999999998,2.0,0.0,2.0,1.0,92.0
1.0,7.0,1.0,1.0,0.65999999999999992,0.62119999999999997,0.65000000000000002,0.22390000000000002,2.0,0.0,2.0,1.0,29.0
1.0,7.0,2.0,1.0,0.65999999999999992,0.62119999999999997,0.68999999999999995,0.25370000000000004,2.0,0.0,2.0,1.0,21.0
1.0,7.0,3.0,1.0,0.65999999999999992,0.62119999999999997,0.68999999999999995,0.22390000000000002,2.0,0.0,2.0,1.0,8.0
1.0,7.0,4.0,1.0,0.65999999999999992,0.62119999999999997,0.73999999999999999,0.19399999999999998,2.0,0.0,2.0,1.0,4.0
1.0,7.0,5.0,1.0,0.65999999999999992,0.62119999999999997,0.73999999999999999,0.19399999999999998,2.0,0.0,2.0,1.0,42.0
1.0,7.0,6.0,1.0,0.65999999999999992,0.60609999999999997,0.78000000000000003,0.25370000000000004,2.0,0.0,2.0,1.0,181.0
1.0,7.0,7.0,1.0,0.69999999999999996,0.66670000000000007,0.73999999999999999,0.25370000000000004,2.0,0.0,2.0,1.0,495.0
1.0,7.0,8.0,2.0,0.69999999999999996,0.66670000000000007,0.73999999999999999,0.25370000000000004,2.0,0.0,2.0,1.0,729.0
1.0,7.0,9.0,2.0,0.71999999999999997,0.68180000000000007,0.69999999999999996,0.1343,2.0,0.0,2.0,1.0,344.0
1.0,7.0,10.0,1.0,0.73999999999999999,0.69700000000000006,0.69999999999999996,0.22390000000000002,2.0,0.0,2.0,1.0,222.0
1.0,7.0,11.0,1.0,0.79999999999999993,0.80299999999999994,0.66000000000000003,0.22390000000000002,2.0,0.0,2.0,1.0,212.0
1.0,7.0,12.0,1.0,0.83999999999999997,0.81819999999999993,0.56000000000000005,0.25370000000000004,2.0,0.0,2.0,1.0,279.0
1.0,7.0,13.0,1.0,0.85999999999999999,0.83329999999999993,0.53000000000000003,0.29850000000000004,2.0,0.0,2.0,1.0,242.0
1.0,7.0,14.0,1.0,0.89999999999999991,0.87879999999999991,0.46999999999999997,0.25370000000000004,2.0,0.0,2.0,1.0,213.0
1.0,7.0,15.0,1.0,0.91999999999999993,0.89390000000000003,0.41999999999999998,0.29850000000000004,2.0,0.0,2.0,1.0,238.0
1.0,7.0,16.0,1.0,0.93999999999999995,0.87879999999999991,0.38,0.3881,2.0,0.0,2.0,1.0,374.0
1.0,7.0,17.0,1.0,0.89999999999999991,0.86360000000000003,0.45000000000000001,0.41790000000000005,2.0,0.0,2.0,1.0,738.0
1.0,7.0,18.0,1.0,0.91999999999999993,0.87879999999999991,0.40000000000000002,0.35820000000000002,2.0,0.0,2.0,1.0,688.0
1.0,7.0,19.0,1.0,0.89999999999999991,0.86360000000000003,0.45000000000000001,0.32840000000000003,2.0,0.0,2.0,1.0,614.0
1.0,7.0,20.0,1.0,0.85999999999999999,0.81819999999999993,0.5,0.25370000000000004,2.0,0.0,2.0,1.0,446.0
1.0,7.0,21.0,1.0,0.79999999999999993,0.74239999999999995,0.48999999999999999,0.6119,2.0,0.0,2.0,1.0,271.0
1.0,7.0,22.0,1.0,0.79999999999999993,0.74239999999999995,0.48999999999999999,0.6119,2.0,0.0,2.0,1.0,234.0
1.0,7.0,23.0,1.0,0.71999999999999997,0.68180000000000007,0.69999999999999996,0.1343,2.0,0.0,2.0,1.0,145.0
1.0,7.0,0.0,1.0,0.71999999999999997,0.68180000000000007,0.69999999999999996,0.0,2.0,0.0,3.0,1.0,97.0
1.0,7.0,1.0,1.0,0.71999999999999997,0.68180000000000007,0.69999999999999996,0.1045,2.0,0.0,3.0,1.0,54.0
1.0,7.0,2.0,1.0,0.69999999999999996,0.66670000000000007,0.79000000000000004,0.1343,2.0,0.0,3.0,1.0,26.0
1.0,7.0,3.0,1.0,0.69999999999999996,0.66670000000000007,0.73999999999999999,0.16420000000000001,2.0,0.0,3.0,1.0,12.0
1.0,7.0,4.0,1.0,0.69999999999999996,0.66670000000000007,0.79000000000000004,0.0,2.0,0.0,3.0,1.0,8.0
1.0,7.0,5.0,1.0,0.69999999999999996,0.66670000000000007,0.83999999999999997,0.0,2.0,0.0,3.0,1.0,37.0
1.0,7.0,6.0,1.0,0.69999999999999996,0.66670000000000007,0.79000000000000004,0.0,2.0,0.0,3.0,1.0,139.0
1.0,7.0,7.0,1.0,0.71999999999999997,0.68180000000000007,0.69999999999999996,0.19399999999999998,2.0,0.0,3.0,1.0,410.0
1.0,7.0,8.0,1.0,0.76000000000000001,0.72730000000000006,0.66000000000000003,0.089599999999999999,2.0,0.0,3.0,1.0,676.0
1.0,7.0,9.0,1.0,0.81999999999999995,0.77269999999999994,0.48999999999999999,0.28360000000000002,2.0,0.0,3.0,1.0,363.0
1.0,7.0,10.0,1.0,0.83999999999999997,0.77269999999999994,0.46999999999999997,0.0,2.0,0.0,3.0,1.0,231.0
1.0,7.0,11.0,1.0,0.83999999999999997,0.77269999999999994,0.46999999999999997,0.32840000000000003,2.0,0.0,3.0,1.0,251.0
1.0,7.0,12.0,1.0,0.83999999999999997,0.78790000000000004,0.48999999999999999,0.35820000000000002,2.0,0.0,3.0,1.0,299.0
1.0,7.0,13.0,1.0,0.83999999999999997,0.77269999999999994,0.46999999999999997,0.28360000000000002,2.0,0.0,3.0,1.0,314.0
1.0,7.0,14.0,1.0,0.85999999999999999,0.80299999999999994,0.46999999999999997,0.29850000000000004,2.0,0.0,3.0,1.0,326.0
1.0,7.0,15.0,1.0,0.85999999999999999,0.78790000000000004,0.40999999999999998,0.22390000000000002,2.0,0.0,3.0,1.0,323.0
1.0,7.0,16.0,1.0,0.83999999999999997,0.77269999999999994,0.46999999999999997,0.22390000000000002,2.0,0.0,3.0,1.0,499.0
1.0,7.0,17.0,1.0,0.85999999999999999,0.78790000000000004,0.40999999999999998,0.28360000000000002,2.0,0.0,3.0,1.0,699.0
1.0,7.0,18.0,1.0,0.81999999999999995,0.75760000000000005,0.46000000000000002,0.16420000000000001,2.0,0.0,3.0,1.0,622.0
1.0,7.0,19.0,1.0,0.81999999999999995,0.77269999999999994,0.52000000000000002,0.19399999999999998,2.0,0.0,3.0,1.0,516.0
1.0,7.0,20.0,1.0,0.78000000000000003,0.74239999999999995,0.58999999999999997,0.1045,2.0,0.0,3.0,1.0,354.0
1.0,7.0,21.0,1.0,0.78000000000000003,0.74239999999999995,0.58999999999999997,0.1045,2.0,0.0,3.0,1.0,260.0
1.0,7.0,22.0,1.0,0.78000000000000003,0.74239999999999995,0.58999999999999997,0.1343,2.0,0.0,3.0,1.0,199.0
1.0,7.0,23.0,1.0,0.76000000000000001,0.72730000000000006,0.66000000000000003,0.0,2.0,0.0,3.0,1.0,189.0
1.0,7.0,0.0,1.0,0.73999999999999999,0.68180000000000007,0.62,0.1343,2.0,0.0,4.0,1.0,191.0
1.0,7.0,1.0,1.0,0.71999999999999997,0.68180000000000007,0.69999999999999996,0.089599999999999999,2.0,0.0,4.0,1.0,80.0
1.0,7.0,2.0,1.0,0.71999999999999997,0.68180000000000007,0.69999999999999996,0.0,2.0,0.0,4.0,1.0,90.0
1.0,7.0,3.0,1.0,0.71999999999999997,0.68180000000000007,0.69999999999999996,0.0,2.0,0.0,4.0,1.0,43.0
1.0,7.0,4.0,1.0,0.69999999999999996,0.66670000000000007,0.79000000000000004,0.19399999999999998,2.0,0.0,4.0,1.0,11.0
1.0,7.0,5.0,1.0,0.67999999999999994,0.63639999999999997,0.79000000000000004,0.16420000000000001,2.0,0.0,4.0,1.0,14.0
1.0,7.0,6.0,1.0,0.69999999999999996,0.65150000000000008,0.69999999999999996,0.1045,2.0,0.0,4.0,1.0,50.0
1.0,7.0,7.0,1.0,0.71999999999999997,0.68180000000000007,0.69999999999999996,0.1343,2.0,0.0,4.0,1.0,76.0
1.0,7.0,8.0,1.0,0.73999999999999999,0.69700000000000006,0.66000000000000003,0.16420000000000001,2.0,0.0,4.0,1.0,163.0
1.0,7.0,9.0,1.0,0.78000000000000003,0.74239999999999995,0.58999999999999997,0.1045,2.0,0.0,4.0,1.0,337.0
1.0,7.0,10.0,1.0,0.81999999999999995,0.77269999999999994,0.52000000000000002,0.22390000000000002,2.0,0.0,4.0,1.0,395.0
1.0,7.0,11.0,1.0,0.83999999999999997,0.74239999999999995,0.39000000000000001,0.22390000000000002,2.0,0.0,4.0,1.0,457.0
1.0,7.0,12.0,1.0,0.83999999999999997,0.75760000000000005,0.40999999999999998,0.22390000000000002,2.0,0.0,4.0,1.0,487.0
1.0,7.0,13.0,1.0,0.85999999999999999,0.78790000000000004,0.40999999999999998,0.28360000000000002,2.0,0.0,4.0,1.0,498.0
1.0,7.0,14.0,1.0,0.85999999999999999,0.77269999999999994,0.39000000000000001,0.25370000000000004,2.0,0.0,4.0,1.0,494.0
1.0,7.0,15.0,1.0,0.88,0.77269999999999994,0.32000000000000001,0.28360000000000002,2.0,0.0,4.0,1.0,497.0
1.0,7.0,16.0,1.0,0.85999999999999999,0.77269999999999994,0.39000000000000001,0.22390000000000002,2.0,0.0,4.0,1.0,487.0
1.0,7.0,17.0,1.0,0.81999999999999995,0.75760000000000005,0.46000000000000002,0.19399999999999998,2.0,0.0,4.0,1.0,479.0
1.0,7.0,18.0,1.0,0.81999999999999995,0.74239999999999995,0.42999999999999999,0.28360000000000002,2.0,0.0,4.0,1.0,481.0
1.0,7.0,19.0,1.0,0.67999999999999994,0.63639999999999997,0.82999999999999996,0.0,2.0,0.0,4.0,1.0,338.0
1.0,7.0,20.0,1.0,0.65999999999999992,0.60609999999999997,0.82999999999999996,0.22390000000000002,2.0,0.0,4.0,1.0,233.0
1.0,7.0,21.0,1.0,0.65999999999999992,0.60609999999999997,0.78000000000000003,0.089599999999999999,2.0,0.0,4.0,1.0,300.0
1.0,7.0,22.0,1.0,0.65999999999999992,0.60609999999999997,0.78000000000000003,0.089599999999999999,2.0,0.0,4.0,1.0,276.0
1.0,7.0,23.0,1.0,0.65999999999999992,0.60609999999999997,0.82999999999999996,0.089599999999999999,2.0,0.0,4.0,1.0,208.0
1.0,7.0,0.0,1.0,0.65999999999999992,0.59089999999999998,0.89000000000000001,0.1343,2.0,0.0,5.0,1.0,188.0
1.0,7.0,1.0,1.0,0.65999999999999992,0.60609999999999997,0.82999999999999996,0.1045,2.0,0.0,5.0,1.0,158.0
1.0,7.0,2.0,1.0,0.65999999999999992,0.62119999999999997,0.73999999999999999,0.1343,2.0,0.0,5.0,1.0,112.0
1.0,7.0,3.0,1.0,0.65999999999999992,0.62119999999999997,0.68999999999999995,0.22390000000000002,2.0,0.0,5.0,1.0,55.0
1.0,7.0,4.0,1.0,0.64000000000000001,0.60609999999999997,0.68999999999999995,0.19399999999999998,2.0,0.0,5.0,1.0,13.0
1.0,7.0,5.0,1.0,0.62,0.59089999999999998,0.78000000000000003,0.19399999999999998,2.0,0.0,5.0,1.0,17.0
1.0,7.0,6.0,1.0,0.64000000000000001,0.60609999999999997,0.72999999999999998,0.16420000000000001,2.0,0.0,5.0,1.0,18.0
1.0,7.0,7.0,1.0,0.65999999999999992,0.62119999999999997,0.68999999999999995,0.25370000000000004,2.0,0.0,5.0,1.0,40.0
1.0,7.0,8.0,1.0,0.69999999999999996,0.65150000000000008,0.65000000000000002,0.22390000000000002,2.0,0.0,5.0,1.0,127.0
1.0,7.0,9.0,1.0,0.71999999999999997,0.68180000000000007,0.62,0.25370000000000004,2.0,0.0,5.0,1.0,226.0
1.0,7.0,10.0,1.0,0.73999999999999999,0.68180000000000007,0.62,0.0,2.0,0.0,5.0,1.0,381.0
1.0,7.0,11.0,1.0,0.76000000000000001,0.69700000000000006,0.55000000000000004,0.22390000000000002,2.0,0.0,5.0,1.0,509.0
1.0,7.0,12.0,1.0,0.76000000000000001,0.69700000000000006,0.55000000000000004,0.32840000000000003,2.0,0.0,5.0,1.0,511.0
1.0,7.0,13.0,1.0,0.79999999999999993,0.74239999999999995,0.48999999999999999,0.22390000000000002,2.0,0.0,5.0,1.0,483.0
1.0,7.0,14.0,1.0,0.79999999999999993,0.72730000000000006,0.46000000000000002,0.19399999999999998,2.0,0.0,5.0,1.0,522.0
1.0,7.0,15.0,1.0,0.79999999999999993,0.72730000000000006,0.42999999999999999,0.1343,2.0,0.0,5.0,1.0,501.0
1.0,7.0,16.0,1.0,0.79999999999999993,0.72730000000000006,0.42999999999999999,0.1343,2.0,0.0,5.0,1.0,521.0
1.0,7.0,17.0,1.0,0.81999999999999995,0.74239999999999995,0.40999999999999998,0.16420000000000001,2.0,0.0,5.0,1.0,531.0
1.0,7.0,18.0,1.0,0.79999999999999993,0.71209999999999996,0.40999999999999998,0.29850000000000004,2.0,0.0,5.0,1.0,419.0
1.0,7.0,19.0,1.0,0.76000000000000001,0.69700000000000006,0.55000000000000004,0.16420000000000001,2.0,0.0,5.0,1.0,443.0
1.0,7.0,20.0,1.0,0.73999999999999999,0.69700000000000006,0.66000000000000003,0.1045,2.0,0.0,5.0,1.0,303.0
1.0,7.0,21.0,1.0,0.71999999999999997,0.68180000000000007,0.69999999999999996,0.1343,2.0,0.0,5.0,1.0,271.0
1.0,7.0,22.0,1.0,0.69999999999999996,0.65150000000000008,0.69999999999999996,0.1045,2.0,0.0,5.0,1.0,148.0
1.0,7.0,23.0,1.0,0.69999999999999996,0.65150000000000008,0.69999999999999996,0.0,2.0,0.0,5.0,1.0,100.0
1.0,7.0,0.0,1.0,0.69999999999999996,0.66670000000000007,0.73999999999999999,0.089599999999999999,2.0,0.0,6.0,0.0,58.0
1.0,7.0,1.0,1.0,0.69999999999999996,0.66670000000000007,0.73999999999999999,0.0,2.0,0.0,6.0,0.0,19.0
1.0,7.0,2.0,1.0,0.67999999999999994,0.63639999999999997,0.73999999999999999,0.0,2.0,0.0,6.0,0.0,8.0
1.0,7.0,3.0,1.0,0.65999999999999992,0.60609999999999997,0.82999999999999996,0.0,2.0,0.0,6.0,0.0,3.0
1.0,7.0,4.0,1.0,0.65999999999999992,0.60609999999999997,0.82999999999999996,0.0,2.0,0.0,6.0,0.0,5.0
1.0,7.0,5.0,1.0,0.65999999999999992,0.60609999999999997,0.82999999999999996,0.1045,2.0,0.0,6.0,0.0,47.0
1.0,7.0,6.0,1.0,0.65999999999999992,0.60609999999999997,0.82999999999999996,0.16420000000000001,2.0,0.0,6.0,0.0,161.0
1.0,7.0,7.0,1.0,0.69999999999999996,0.66670000000000007,0.79000000000000004,0.089599999999999999,2.0,0.0,6.0,0.0,469.0
1.0,7.0,8.0,2.0,0.71999999999999997,0.69700000000000006,0.73999999999999999,0.1045,2.0,0.0,6.0,0.0,751.0
1.0,7.0,9.0,2.0,0.73999999999999999,0.69752826379542265,0.69999999999999996,0.0,2.0,0.0,6.0,0.0,293.0
1.0,7.0,10.0,2.0,0.73999999999999999,0.69700000000000006,0.66000000000000003,0.22390000000000002,2.0,0.0,6.0,0.0,189.0
1.0,7.0,11.0,2.0,0.78000000000000003,0.72730000000000006,0.55000000000000004,0.1343,2.0,0.0,6.0,0.0,215.0
1.0,7.0,12.0,2.0,0.76000000000000001,0.71209999999999996,0.57999999999999996,0.1045,2.0,0.0,6.0,0.0,278.0
1.0,7.0,13.0,1.0,0.79999999999999993,0.74239999999999995,0.48999999999999999,0.16420000000000001,2.0,0.0,6.0,0.0,226.0
1.0,7.0,14.0,1.0,0.79999999999999993,0.74239999999999995,0.48999999999999999,0.22390000000000002,2.0,0.0,6.0,0.0,254.0
1.0,7.0,15.0,1.0,0.79999999999999993,0.74239999999999995,0.48999999999999999,0.25370000000000004,2.0,0.0,6.0,0.0,236.0
1.0,7.0,16.0,1.0,0.79999999999999993,0.74239999999999995,0.48999999999999999,0.28360000000000002,2.0,0.0,6.0,0.0,425.0
1.0,7.0,17.0,1.0,0.76000000000000001,0.69700000000000006,0.55000000000000004,0.32840000000000003,2.0,0.0,6.0,0.0,827.0
1.0,7.0,18.0,1.0,0.76000000000000001,0.71209999999999996,0.57999999999999996,0.41790000000000005,2.0,0.0,6.0,0.0,812.0
1.0,7.0,19.0,1.0,0.81999999999999995,0.77269999999999994,0.52000000000000002,0.16420000000000001,2.0,0.0,6.0,0.0,665.0
1.0,7.0,20.0,1.0,0.71999999999999997,0.68180000000000007,0.69999999999999996,0.22390000000000002,2.0,0.0,6.0,0.0,462.0
1.0,7.0,21.0,1.0,0.71999999999999997,0.68180000000000007,0.69999999999999996,0.19399999999999998,2.0,0.0,6.0,0.0,322.0
1.0,7.0,22.0,2.0,0.69999999999999996,0.66670000000000007,0.73999999999999999,0.22390000000000002,2.0,0.0,6.0,0.0,230.0
1.0,7.0,23.0,1.0,0.69999999999999996,0.66670000000000007,0.73999999999999999,0.19399999999999998,2.0,0.0,6.0,0.0,150.0
1.0,7.0,0.0,1.0,0.67999999999999994,0.63639999999999997,0.79000000000000004,0.1343,2.0,0.0,7.0,0.0,38.0
1.0,7.0,1.0,1.0,0.65999999999999992,0.60609999999999997,0.82999999999999996,0.1343,2.0,0.0,7.0,0.0,21.0
1.0,7.0,2.0,1.0,0.65999999999999992,0.60609999999999997,0.82999999999999996,0.1343,2.0,0.0,7.0,0.0,8.0
1.0,7.0,3.0,1.0,0.65999999999999992,0.60609999999999997,0.82999999999999996,0.089599999999999999,2.0,0.0,7.0,0.0,6.0
1.0,7.0,4.0,1.0,0.65999999999999992,0.60609999999999997,0.82999999999999996,0.089599999999999999,2.0,0.0,7.0,0.0,6.0
1.0,7.0,5.0,1.0,0.65999999999999992,0.60609999999999997,0.82999999999999996,0.16420000000000001,2.0,0.0,7.0,0.0,45.0
1.0,7.0,6.0,1.0,0.64000000000000001,0.57579999999999998,0.89000000000000001,0.16420000000000001,2.0,0.0,7.0,0.0,194.0
1.0,7.0,7.0,1.0,0.67999999999999994,0.63639999999999997,0.82999999999999996,0.22390000000000002,2.0,0.0,7.0,0.0,513.0
1.0,7.0,8.0,1.0,0.69999999999999996,0.66670000000000007,0.79000000000000004,0.1343,2.0,0.0,7.0,0.0,760.0
1.0,7.0,9.0,1.0,0.71999999999999997,0.68180000000000007,0.69999999999999996,0.1045,2.0,0.0,7.0,0.0,333.0
1.0,7.0,10.0,1.0,0.71999999999999997,0.68180000000000007,0.66000000000000003,0.0,2.0,0.0,7.0,0.0,227.0
1.0,7.0,11.0,1.0,0.76000000000000001,0.71209999999999996,0.57999999999999996,0.0,2.0,0.0,7.0,0.0,224.0
1.0,7.0,12.0,1.0,0.79999999999999993,0.72730000000000006,0.46000000000000002,0.0,2.0,0.0,7.0,0.0,248.0
1.0,7.0,13.0,1.0,0.79999999999999993,0.75760000000000005,0.55000000000000004,0.28360000000000002,2.0,0.0,7.0,0.0,288.0
1.0,7.0,14.0,1.0,0.79999999999999993,0.75760000000000005,0.55000000000000004,0.28360000000000002,2.0,0.0,7.0,0.0,260.0
1.0,7.0,15.0,1.0,0.76000000000000001,0.71209999999999996,0.62,0.1343,2.0,0.0,7.0,0.0,144.0
1.0,7.0,16.0,1.0,0.76000000000000001,0.71209999999999996,0.57999999999999996,0.22390000000000002,2.0,0.0,7.0,0.0,402.0
1.0,7.0,17.0,1.0,0.78000000000000003,0.71209999999999996,0.52000000000000002,0.22390000000000002,2.0,0.0,7.0,0.0,820.0
1.0,7.0,18.0,1.0,0.76000000000000001,0.69700000000000006,0.55000000000000004,0.28360000000000002,2.0,0.0,7.0,0.0,857.0
1.0,7.0,19.0,3.0,0.73999999999999999,0.68180000000000007,0.62,0.35820000000000002,2.0,0.0,7.0,0.0,614.0
1.0,7.0,20.0,3.0,0.69999999999999996,0.65150000000000008,0.69999999999999996,0.19399999999999998,2.0,0.0,7.0,0.0,452.0
1.0,7.0,21.0,1.0,0.67999999999999994,0.63639999999999997,0.79000000000000004,0.19399999999999998,2.0,0.0,7.0,0.0,352.0
1.0,7.0,22.0,1.0,0.67999999999999994,0.63639999999999997,0.73999999999999999,0.25370000000000004,2.0,0.0,7.0,0.0,257.0
1.0,7.0,23.0,2.0,0.65999999999999992,0.60609999999999997,0.82999999999999996,0.16420000000000001,2.0,0.0,7.0,0.0,147.0
1.0,8.0,0.0,1.0,0.67999999999999994,0.63639999999999997,0.79000000000000004,0.16420000000000001,2.0,0.0,1.0,1.0,47.0
1.0,8.0,1.0,1.0,0.65999999999999992,0.60609999999999997,0.82999999999999996,0.089599999999999999,2.0,0.0,1.0,1.0,33.0
1.0,8.0,2.0,1.0,0.64000000000000001,0.57579999999999998,0.82999999999999996,0.1045,2.0,0.0,1.0,1.0,13.0
1.0,8.0,3.0,1.0,0.64000000000000001,0.57579999999999998,0.82999999999999996,0.1045,2.0,0.0,1.0,1.0,7.0
1.0,8.0,4.0,2.0,0.64000000000000001,0.59089999999999998,0.78000000000000003,0.1343,2.0,0.0,1.0,1.0,4.0
1.0,8.0,5.0,2.0,0.64000000000000001,0.59089999999999998,0.78000000000000003,0.1343,2.0,0.0,1.0,1.0,49.0
1.0,8.0,6.0,1.0,0.64000000000000001,0.59089999999999998,0.78000000000000003,0.1343,2.0,0.0,1.0,1.0,185.0
1.0,8.0,7.0,2.0,0.64000000000000001,0.57579999999999998,0.82999999999999996,0.1343,2.0,0.0,1.0,1.0,487.0
1.0,8.0,8.0,2.0,0.65999999999999992,0.60609999999999997,0.78000000000000003,0.19399999999999998,2.0,0.0,1.0,1.0,681.0
1.0,8.0,9.0,2.0,0.67999999999999994,0.63639999999999997,0.73999999999999999,0.089599999999999999,2.0,0.0,1.0,1.0,350.0
1.0,8.0,10.0,1.0,0.71999999999999997,0.68180000000000007,0.66000000000000003,0.089599999999999999,2.0,0.0,1.0,1.0,236.0
1.0,8.0,11.0,1.0,0.76000000000000001,0.71209999999999996,0.57999999999999996,0.089599999999999999,2.0,0.0,1.0,1.0,234.0
1.0,8.0,12.0,1.0,0.79999999999999993,0.74239999999999995,0.48999999999999999,0.1045,2.0,0.0,1.0,1.0,284.0
1.0,8.0,13.0,1.0,0.79999999999999993,0.74239999999999995,0.52000000000000002,0.16420000000000001,2.0,0.0,1.0,1.0,280.0
1.0,8.0,14.0,1.0,0.81999999999999995,0.75760000000000005,0.46000000000000002,0.16420000000000001,2.0,0.0,1.0,1.0,263.0
1.0,8.0,15.0,1.0,0.81999999999999995,0.75760000000000005,0.46000000000000002,0.16420000000000001,2.0,0.0,1.0,1.0,295.0
1.0,8.0,16.0,1.0,0.79999999999999993,0.75760000000000005,0.55000000000000004,0.28360000000000002,2.0,0.0,1.0,1.0,479.0
1.0,8.0,17.0,1.0,0.79999999999999993,0.74239999999999995,0.48999999999999999,0.16420000000000001,2.0,0.0,1.0,1.0,837.0
1.0,8.0,18.0,3.0,0.76000000000000001,0.71209999999999996,0.62,0.22390000000000002,2.0,0.0,1.0,1.0,891.0
1.0,8.0,19.0,1.0,0.73999999999999999,0.69700000000000006,0.66000000000000003,0.25370000000000004,2.0,0.0,1.0,1.0,652.0
1.0,8.0,20.0,1.0,0.73999999999999999,0.69700000000000006,0.66000000000000003,0.16420000000000001,2.0,0.0,1.0,1.0,513.0
1.0,8.0,21.0,1.0,0.71999999999999997,0.68180000000000007,0.69999999999999996,0.1343,2.0,0.0,1.0,1.0,320.0
1.0,8.0,22.0,1.0,0.71999999999999997,0.68180000000000007,0.69999999999999996,0.1045,2.0,0.0,1.0,1.0,288.0
1.0,8.0,23.0,1.0,0.69999999999999996,0.66670000000000007,0.73999999999999999,0.0,2.0,0.0,1.0,1.0,152.0
1.0,8.0,0.0,1.0,0.69999999999999996,0.66670000000000007,0.73999999999999999,0.0,2.0,0.0,2.0,1.0,63.0
1.0,8.0,1.0,1.0,0.67999999999999994,0.63639999999999997,0.79000000000000004,0.1045,2.0,0.0,2.0,1.0,42.0
1.0,8.0,2.0,1.0,0.65999999999999992,0.60609999999999997,0.82999999999999996,0.089599999999999999,2.0,0.0,2.0,1.0,11.0
1.0,8.0,3.0,1.0,0.65999999999999992,0.60609999999999997,0.82999999999999996,0.0,2.0,0.0,2.0,1.0,6.0
1.0,8.0,4.0,1.0,0.65999999999999992,0.60609999999999997,0.82999999999999996,0.0,2.0,0.0,2.0,1.0,9.0
1.0,8.0,5.0,1.0,0.65999999999999992,0.59089999999999998,0.89000000000000001,0.1343,2.0,0.0,2.0,1.0,41.0
1.0,8.0,6.0,1.0,0.65999999999999992,0.60609999999999997,0.82999999999999996,0.0,2.0,0.0,2.0,1.0,183.0
1.0,8.0,7.0,1.0,0.69999999999999996,0.66670000000000007,0.79000000000000004,0.0,2.0,0.0,2.0,1.0,473.0
1.0,8.0,8.0,1.0,0.71999999999999997,0.69700000000000006,0.73999999999999999,0.1045,2.0,0.0,2.0,1.0,739.0
1.0,8.0,9.0,1.0,0.76000000000000001,0.72730000000000006,0.66000000000000003,0.1045,2.0,0.0,2.0,1.0,343.0
1.0,8.0,10.0,1.0,0.79999999999999993,0.75760000000000005,0.55000000000000004,0.0,2.0,0.0,2.0,1.0,181.0
1.0,8.0,11.0,1.0,0.81999999999999995,0.77269999999999994,0.52000000000000002,0.1045,2.0,0.0,2.0,1.0,226.0
1.0,8.0,12.0,1.0,0.83999999999999997,0.75760000000000005,0.44,0.1343,2.0,0.0,2.0,1.0,286.0
1.0,8.0,13.0,1.0,0.85999999999999999,0.78790000000000004,0.44,0.22390000000000002,2.0,0.0,2.0,1.0,310.0
1.0,8.0,14.0,1.0,0.85999999999999999,0.78790000000000004,0.40999999999999998,0.1343,2.0,0.0,2.0,1.0,225.0
1.0,8.0,15.0,1.0,0.78000000000000003,0.74239999999999995,0.62,0.4627,2.0,0.0,2.0,1.0,270.0
1.0,8.0,16.0,1.0,0.81999999999999995,0.75760000000000005,0.46000000000000002,0.19399999999999998,2.0,0.0,2.0,1.0,406.0
1.0,8.0,17.0,1.0,0.81999999999999995,0.77269999999999994,0.52000000000000002,0.25370000000000004,2.0,0.0,2.0,1.0,865.0
1.0,8.0,18.0,1.0,0.79999999999999993,0.77269999999999994,0.58999999999999997,0.22390000000000002,2.0,0.0,2.0,1.0,767.0
1.0,8.0,19.0,1.0,0.79999999999999993,0.78790000000000004,0.63,0.16420000000000001,2.0,0.0,2.0,1.0,607.0
1.0,8.0,20.0,1.0,0.78000000000000003,0.75760000000000005,0.66000000000000003,0.0,2.0,0.0,2.0,1.0,427.0
1.0,8.0,21.0,1.0,0.76000000000000001,0.72730000000000006,0.66000000000000003,0.22390000000000002,2.0,0.0,2.0,1.0,342.0
1.0,8.0,22.0,1.0,0.73999999999999999,0.69700000000000006,0.69999999999999996,0.19399999999999998,2.0,0.0,2.0,1.0,262.0
1.0,8.0,23.0,1.0,0.71999999999999997,0.68180000000000007,0.69999999999999996,0.25370000000000004,2.0,0.0,2.0,1.0,177.0
1.0,8.0,0.0,1.0,0.71999999999999997,0.68180000000000007,0.69999999999999996,0.19399999999999998,2.0,0.0,3.0,1.0,71.0
1.0,8.0,1.0,1.0,0.69999999999999996,0.66670000000000007,0.73999999999999999,0.19399999999999998,2.0,0.0,3.0,1.0,43.0
1.0,8.0,2.0,1.0,0.67999999999999994,0.63639999999999997,0.79000000000000004,0.22390000000000002,2.0,0.0,3.0,1.0,14.0
1.0,8.0,3.0,1.0,0.67999999999999994,0.63639999999999997,0.79000000000000004,0.22390000000000002,2.0,0.0,3.0,1.0,6.0
1.0,8.0,4.0,1.0,0.65999999999999992,0.60609999999999997,0.82999999999999996,0.25370000000000004,2.0,0.0,3.0,1.0,12.0
1.0,8.0,5.0,1.0,0.65999999999999992,0.60609999999999997,0.82999999999999996,0.16420000000000001,2.0,0.0,3.0,1.0,37.0
1.0,8.0,6.0,1.0,0.65999999999999992,0.60609999999999997,0.82999999999999996,0.22390000000000002,2.0,0.0,3.0,1.0,163.0
1.0,8.0,7.0,1.0,0.69999999999999996,0.66670000000000007,0.73999999999999999,0.1045,2.0,0.0,3.0,1.0,421.0
1.0,8.0,8.0,1.0,0.71999999999999997,0.68180000000000007,0.69999999999999996,0.1343,2.0,0.0,3.0,1.0,668.0
1.0,8.0,9.0,2.0,0.73999999999999999,0.69700000000000006,0.66000000000000003,0.1045,2.0,0.0,3.0,1.0,396.0
1.0,8.0,10.0,2.0,0.79999999999999993,0.74239999999999995,0.52000000000000002,0.19399999999999998,2.0,0.0,3.0,1.0,249.0
1.0,8.0,11.0,2.0,0.83999999999999997,0.78790000000000004,0.48999999999999999,0.28360000000000002,2.0,0.0,3.0,1.0,263.0
1.0,8.0,12.0,2.0,0.85999999999999999,0.81819999999999993,0.5,0.29850000000000004,2.0,0.0,3.0,1.0,338.0
1.0,8.0,13.0,2.0,0.85999999999999999,0.80299999999999994,0.46999999999999997,0.28360000000000002,2.0,0.0,3.0,1.0,345.0
1.0,8.0,14.0,2.0,0.85999999999999999,0.78790000000000004,0.44,0.25370000000000004,2.0,0.0,3.0,1.0,331.0
1.0,8.0,15.0,1.0,0.88,0.81819999999999993,0.41999999999999998,0.25370000000000004,2.0,0.0,3.0,1.0,380.0
1.0,8.0,16.0,2.0,0.85999999999999999,0.78790000000000004,0.40999999999999998,0.22390000000000002,2.0,0.0,3.0,1.0,492.0
1.0,8.0,17.0,2.0,0.83999999999999997,0.80299999999999994,0.53000000000000003,0.28360000000000002,2.0,0.0,3.0,1.0,741.0
1.0,8.0,18.0,2.0,0.81999999999999995,0.80299999999999994,0.58999999999999997,0.25370000000000004,2.0,0.0,3.0,1.0,671.0
1.0,8.0,19.0,2.0,0.79999999999999993,0.78790000000000004,0.63,0.22390000000000002,2.0,0.0,3.0,1.0,469.0
1.0,8.0,20.0,2.0,0.78000000000000003,0.75760000000000005,0.66000000000000003,0.22390000000000002,2.0,0.0,3.0,1.0,389.0
1.0,8.0,21.0,2.0,0.76000000000000001,0.72730000000000006,0.66000000000000003,0.19399999999999998,2.0,0.0,3.0,1.0,278.0
1.0,8.0,22.0,1.0,0.76000000000000001,0.72730000000000006,0.69999999999999996,0.25370000000000004,2.0,0.0,3.0,1.0,202.0
1.0,8.0,23.0,1.0,0.73999999999999999,0.71209999999999996,0.79000000000000004,0.1343,2.0,0.0,3.0,1.0,196.0
1.0,8.0,0.0,1.0,0.73999999999999999,0.71209999999999996,0.79000000000000004,0.16420000000000001,2.0,0.0,4.0,1.0,161.0
1.0,8.0,1.0,1.0,0.71999999999999997,0.71209999999999996,0.83999999999999997,0.19399999999999998,2.0,0.0,4.0,1.0,122.0
1.0,8.0,2.0,1.0,0.71999999999999997,0.71209999999999996,0.83999999999999997,0.1343,2.0,0.0,4.0,1.0,84.0
1.0,8.0,3.0,1.0,0.71999999999999997,0.71209999999999996,0.83999999999999997,0.1343,2.0,0.0,4.0,1.0,30.0
1.0,8.0,4.0,1.0,0.71999999999999997,0.69700000000000006,0.79000000000000004,0.19399999999999998,2.0,0.0,4.0,1.0,13.0
1.0,8.0,5.0,1.0,0.69999999999999996,0.66670000000000007,0.83999999999999997,0.22390000000000002,2.0,0.0,4.0,1.0,17.0
1.0,8.0,6.0,1.0,0.69999999999999996,0.66670000000000007,0.83999999999999997,0.22390000000000002,2.0,0.0,4.0,1.0,49.0
1.0,8.0,7.0,1.0,0.71999999999999997,0.69700000000000006,0.77000000000000002,0.16420000000000001,2.0,0.0,4.0,1.0,67.0
1.0,8.0,8.0,1.0,0.73999999999999999,0.72730000000000006,0.71999999999999997,0.19399999999999998,2.0,0.0,4.0,1.0,181.0
1.0,8.0,9.0,1.0,0.78000000000000003,0.75760000000000005,0.65000000000000002,0.22390000000000002,2.0,0.0,4.0,1.0,278.0
1.0,8.0,10.0,1.0,0.81999999999999995,0.77269999999999994,0.56999999999999995,0.19399999999999998,2.0,0.0,4.0,1.0,396.0
1.0,8.0,11.0,1.0,0.85999999999999999,0.80299999999999994,0.46999999999999997,0.25370000000000004,2.0,0.0,4.0,1.0,470.0
1.0,8.0,12.0,1.0,0.85999999999999999,0.78790000000000004,0.40000000000000002,0.35820000000000002,2.0,0.0,4.0,1.0,547.0
1.0,8.0,13.0,1.0,0.88,0.81819999999999993,0.41999999999999998,0.29850000000000004,2.0,0.0,4.0,1.0,527.0
1.0,8.0,14.0,1.0,0.88,0.80299999999999994,0.40000000000000002,0.3881,2.0,0.0,4.0,1.0,472.0
1.0,8.0,15.0,1.0,0.88,0.81819999999999993,0.41999999999999998,0.41790000000000005,2.0,0.0,4.0,1.0,489.0
1.0,8.0,16.0,1.0,0.89999999999999991,0.81819999999999993,0.39000000000000001,0.29850000000000004,2.0,0.0,4.0,1.0,450.0
1.0,8.0,17.0,1.0,0.88,0.78790000000000004,0.37,0.29850000000000004,2.0,0.0,4.0,1.0,492.0
1.0,8.0,18.0,1.0,0.85999999999999999,0.78790000000000004,0.40999999999999998,0.32840000000000003,2.0,0.0,4.0,1.0,490.0
1.0,8.0,19.0,1.0,0.81999999999999995,0.77269999999999994,0.52000000000000002,0.35820000000000002,2.0,0.0,4.0,1.0,397.0
1.0,8.0,20.0,1.0,0.81999999999999995,0.77269999999999994,0.52000000000000002,0.29850000000000004,2.0,0.0,4.0,1.0,312.0
1.0,8.0,21.0,1.0,0.79999999999999993,0.77269999999999994,0.58999999999999997,0.25370000000000004,2.0,0.0,4.0,1.0,289.0
1.0,8.0,22.0,1.0,0.76000000000000001,0.72730000000000006,0.66000000000000003,0.28360000000000002,2.0,0.0,4.0,1.0,269.0
1.0,8.0,23.0,1.0,0.76000000000000001,0.72730000000000006,0.66000000000000003,0.29850000000000004,2.0,0.0,4.0,1.0,222.0
1.0,8.0,0.0,1.0,0.73999999999999999,0.69700000000000006,0.69999999999999996,0.28360000000000002,2.0,0.0,5.0,1.0,153.0
1.0,8.0,1.0,1.0,0.73999999999999999,0.69700000000000006,0.69999999999999996,0.25370000000000004,2.0,0.0,5.0,1.0,87.0
1.0,8.0,2.0,1.0,0.73999999999999999,0.69700000000000006,0.69999999999999996,0.29850000000000004,2.0,0.0,5.0,1.0,73.0
1.0,8.0,3.0,1.0,0.71999999999999997,0.69700000000000006,0.73999999999999999,0.25370000000000004,2.0,0.0,5.0,1.0,41.0
1.0,8.0,4.0,1.0,0.71999999999999997,0.69700000000000006,0.73999999999999999,0.25370000000000004,2.0,0.0,5.0,1.0,14.0
1.0,8.0,5.0,1.0,0.71999999999999997,0.69700000000000006,0.73999999999999999,0.25370000000000004,2.0,0.0,5.0,1.0,19.0
1.0,8.0,6.0,1.0,0.71999999999999997,0.69700000000000006,0.79000000000000004,0.25370000000000004,2.0,0.0,5.0,1.0,19.0
1.0,8.0,7.0,1.0,0.73999999999999999,0.71209999999999996,0.73999999999999999,0.29850000000000004,2.0,0.0,5.0,1.0,68.0
1.0,8.0,8.0,1.0,0.76000000000000001,0.72730000000000006,0.66000000000000003,0.32840000000000003,2.0,0.0,5.0,1.0,108.0
1.0,8.0,9.0,1.0,0.79999999999999993,0.77269999999999994,0.58999999999999997,0.35820000000000002,2.0,0.0,5.0,1.0,229.0
1.0,8.0,10.0,1.0,0.79999999999999993,0.77269999999999994,0.58999999999999997,0.41790000000000005,2.0,0.0,5.0,1.0,364.0
1.0,8.0,11.0,1.0,0.81999999999999995,0.78790000000000004,0.56000000000000005,0.41790000000000005,2.0,0.0,5.0,1.0,437.0
1.0,8.0,12.0,1.0,0.85999999999999999,0.80299999999999994,0.46999999999999997,0.52239999999999998,2.0,0.0,5.0,1.0,491.0
1.0,8.0,13.0,1.0,0.88,0.81819999999999993,0.44,0.4627,2.0,0.0,5.0,1.0,523.0
1.0,8.0,14.0,1.0,0.89999999999999991,0.84849999999999992,0.41999999999999998,0.4627,2.0,0.0,5.0,1.0,526.0
1.0,8.0,15.0,1.0,0.89999999999999991,0.81819999999999993,0.37,0.52239999999999998,2.0,0.0,5.0,1.0,450.0
1.0,8.0,16.0,1.0,0.81999999999999995,0.75760000000000005,0.46000000000000002,0.25370000000000004,2.0,0.0,5.0,1.0,421.0
1.0,8.0,17.0,1.0,0.81999999999999995,0.75760000000000005,0.46000000000000002,0.25370000000000004,2.0,0.0,5.0,1.0,382.0
1.0,8.0,18.0,3.0,0.69999999999999996,0.66670000000000007,0.73999999999999999,0.1343,2.0,0.0,5.0,1.0,229.0
1.0,8.0,19.0,1.0,0.69999999999999996,0.66670000000000007,0.83999999999999997,0.22390000000000002,2.0,0.0,5.0,1.0,185.0
1.0,8.0,20.0,1.0,0.69999999999999996,0.66670000000000007,0.83999999999999997,0.1045,2.0,0.0,5.0,1.0,193.0
1.0,8.0,21.0,1.0,0.71999999999999997,0.69700000000000006,0.79000000000000004,0.1045,2.0,0.0,5.0,1.0,208.0
1.0,8.0,22.0,1.0,0.71999999999999997,0.69700000000000006,0.79000000000000004,0.089599999999999999,2.0,0.0,5.0,1.0,157.0
1.0,8.0,23.0,2.0,0.71999999999999997,0.69700000000000006,0.79000000000000004,0.16420000000000001,2.0,0.0,5.0,1.0,87.0
1.0,8.0,0.0,2.0,0.71999999999999997,0.69700000000000006,0.79000000000000004,0.0,2.0,0.0,6.0,0.0,33.0
1.0,8.0,1.0,1.0,0.71999999999999997,0.69700000000000006,0.79000000000000004,0.089599999999999999,2.0,0.0,6.0,0.0,11.0
1.0,8.0,2.0,2.0,0.71999999999999997,0.69700000000000006,0.79000000000000004,0.1343,2.0,0.0,6.0,0.0,5.0
1.0,8.0,3.0,3.0,0.71999999999999997,0.69700000000000006,0.79000000000000004,0.089599999999999999,2.0,0.0,6.0,0.0,5.0
1.0,8.0,4.0,2.0,0.71999999999999997,0.69700000000000006,0.73999999999999999,0.1343,2.0,0.0,6.0,0.0,11.0
1.0,8.0,5.0,1.0,0.69999999999999996,0.66670000000000007,0.79000000000000004,0.19399999999999998,2.0,0.0,6.0,0.0,25.0
1.0,8.0,6.0,2.0,0.69999999999999996,0.66670000000000007,0.79000000000000004,0.22390000000000002,2.0,0.0,6.0,0.0,141.0
1.0,8.0,7.0,3.0,0.71999999999999997,0.68180000000000007,0.69999999999999996,0.19399999999999998,2.0,0.0,6.0,0.0,407.0
1.0,8.0,8.0,2.0,0.69999999999999996,0.66670000000000007,0.79000000000000004,0.0,2.0,0.0,6.0,0.0,605.0
1.0,8.0,9.0,3.0,0.69999999999999996,0.66670000000000007,0.79000000000000004,0.16420000000000001,2.0,0.0,6.0,0.0,276.0
1.0,8.0,10.0,1.0,0.73999999999999999,0.69700000000000006,0.69999999999999996,0.22390000000000002,2.0,0.0,6.0,0.0,213.0
1.0,8.0,11.0,1.0,0.76000000000000001,0.72730000000000006,0.66000000000000003,0.1343,2.0,0.0,6.0,0.0,260.0
1.0,8.0,12.0,2.0,0.78000000000000003,0.72730000000000006,0.55000000000000004,0.089599999999999999,2.0,0.0,6.0,0.0,285.0
1.0,8.0,13.0,1.0,0.79999999999999993,0.74239999999999995,0.48999999999999999,0.22390000000000002,2.0,0.0,6.0,0.0,289.0
1.0,8.0,14.0,1.0,0.81999999999999995,0.75760000000000005,0.46000000000000002,0.0,2.0,0.0,6.0,0.0,287.0
1.0,8.0,15.0,1.0,0.81999999999999995,0.75760000000000005,0.46000000000000002,0.1343,2.0,0.0,6.0,0.0,274.0
1.0,8.0,16.0,1.0,0.83999999999999997,0.75760000000000005,0.40999999999999998,0.1045,2.0,0.0,6.0,0.0,451.0
1.0,8.0,17.0,1.0,0.81999999999999995,0.74239999999999995,0.40999999999999998,0.0,2.0,0.0,6.0,0.0,858.0
1.0,8.0,18.0,1.0,0.81999999999999995,0.74239999999999995,0.40999999999999998,0.1343,2.0,0.0,6.0,0.0,843.0
1.0,8.0,19.0,1.0,0.78000000000000003,0.74239999999999995,0.58999999999999997,0.19399999999999998,2.0,0.0,6.0,0.0,640.0
1.0,8.0,20.0,1.0,0.76000000000000001,0.72730000000000006,0.66000000000000003,0.16420000000000001,2.0,0.0,6.0,0.0,457.0
1.0,8.0,21.0,1.0,0.73999999999999999,0.69700000000000006,0.69999999999999996,0.19399999999999998,2.0,0.0,6.0,0.0,317.0
1.0,8.0,22.0,1.0,0.73999999999999999,0.69700000000000006,0.69999999999999996,0.089599999999999999,2.0,0.0,6.0,0.0,207.0
1.0,8.0,23.0,1.0,0.71999999999999997,0.69700000000000006,0.73999999999999999,0.19399999999999998,2.0,0.0,6.0,0.0,113.0
1.0,8.0,0.0,1.0,0.69999999999999996,0.66670000000000007,0.83999999999999997,0.19399999999999998,2.0,0.0,7.0,0.0,47.0
1.0,8.0,1.0,1.0,0.69999999999999996,0.66670000000000007,0.83999999999999997,0.1343,2.0,0.0,7.0,0.0,18.0
1.0,8.0,2.0,1.0,0.69999999999999996,0.66670000000000007,0.83999999999999997,0.1343,2.0,0.0,7.0,0.0,13.0
1.0,8.0,3.0,1.0,0.69999999999999996,0.66670000000000007,0.83999999999999997,0.0,2.0,0.0,7.0,0.0,6.0
1.0,8.0,4.0,1.0,0.67999999999999994,0.63639999999999997,0.82999999999999996,0.1343,2.0,0.0,7.0,0.0,9.0
1.0,8.0,5.0,1.0,0.69999999999999996,0.66670000000000007,0.79000000000000004,0.1045,2.0,0.0,7.0,0.0,36.0
1.0,8.0,6.0,2.0,0.69999999999999996,0.66670000000000007,0.79000000000000004,0.19399999999999998,2.0,0.0,7.0,0.0,179.0
1.0,8.0,7.0,2.0,0.69999999999999996,0.66670000000000007,0.73999999999999999,0.1343,2.0,0.0,7.0,0.0,502.0
1.0,8.0,8.0,2.0,0.69999999999999996,0.65150000000000008,0.69999999999999996,0.16420000000000001,2.0,0.0,7.0,0.0,705.0
1.0,8.0,9.0,2.0,0.69999999999999996,0.66670000000000007,0.73999999999999999,0.1343,2.0,0.0,7.0,0.0,327.0
1.0,8.0,10.0,2.0,0.73999999999999999,0.69700000000000006,0.69999999999999996,0.1343,2.0,0.0,7.0,0.0,250.0
1.0,8.0,11.0,2.0,0.76000000000000001,0.72730000000000006,0.66000000000000003,0.089599999999999999,2.0,0.0,7.0,0.0,214.0
1.0,8.0,12.0,2.0,0.79999999999999993,0.75760000000000005,0.55000000000000004,0.1343,2.0,0.0,7.0,0.0,283.0
1.0,8.0,13.0,2.0,0.79999999999999993,0.74239999999999995,0.52000000000000002,0.19399999999999998,2.0,0.0,7.0,0.0,253.0
1.0,8.0,14.0,2.0,0.81999999999999995,0.75760000000000005,0.46000000000000002,0.0,2.0,0.0,7.0,0.0,261.0
1.0,8.0,15.0,1.0,0.79999999999999993,0.74239999999999995,0.52000000000000002,0.0,2.0,0.0,7.0,0.0,306.0
1.0,8.0,16.0,3.0,0.76000000000000001,0.72730000000000006,0.66000000000000003,0.28360000000000002,2.0,0.0,7.0,0.0,445.0
1.0,8.0,17.0,2.0,0.78000000000000003,0.74239999999999995,0.62,0.1343,2.0,0.0,7.0,0.0,868.0
1.0,8.0,18.0,2.0,0.76000000000000001,0.71209999999999996,0.62,0.16420000000000001,2.0,0.0,7.0,0.0,814.0
1.0,8.0,19.0,2.0,0.76000000000000001,0.72730000000000006,0.66000000000000003,0.1045,2.0,0.0,7.0,0.0,610.0
1.0,8.0,20.0,2.0,0.73999999999999999,0.69700000000000006,0.69999999999999996,0.1343,2.0,0.0,7.0,0.0,448.0
1.0,8.0,21.0,2.0,0.71999999999999997,0.69700000000000006,0.73999999999999999,0.0,2.0,0.0,7.0,0.0,317.0
1.0,8.0,22.0,1.0,0.71999999999999997,0.69700000000000006,0.73999999999999999,0.1045,2.0,0.0,7.0,0.0,224.0
1.0,8.0,23.0,1.0,0.71999999999999997,0.69700000000000006,0.79000000000000004,0.0,2.0,0.0,7.0,0.0,138.0
1.0,8.0,0.0,1.0,0.69999999999999996,0.66670000000000007,0.83999999999999997,0.0,2.0,0.0,1.0,1.0,58.0
1.0,8.0,1.0,1.0,0.71999999999999997,0.69700000000000006,0.79000000000000004,0.0,2.0,0.0,1.0,1.0,23.0
1.0,8.0,2.0,1.0,0.69999999999999996,0.66670000000000007,0.83999999999999997,0.0,2.0,0.0,1.0,1.0,6.0
1.0,8.0,3.0,1.0,0.69999999999999996,0.66670000000000007,0.83999999999999997,0.0,2.0,0.0,1.0,1.0,7.0
1.0,8.0,4.0,1.0,0.69999999999999996,0.66670000000000007,0.83999999999999997,0.0,2.0,0.0,1.0,1.0,7.0
1.0,8.0,5.0,2.0,0.67999999999999994,0.63639999999999997,0.89000000000000001,0.16420000000000001,2.0,0.0,1.0,1.0,43.0
1.0,8.0,6.0,2.0,0.69999999999999996,0.66670000000000007,0.83999999999999997,0.16420000000000001,2.0,0.0,1.0,1.0,173.0
1.0,8.0,7.0,2.0,0.69999999999999996,0.66670000000000007,0.83999999999999997,0.16420000000000001,2.0,0.0,1.0,1.0,482.0
1.0,8.0,8.0,2.0,0.73999999999999999,0.72730000000000006,0.71999999999999997,0.089599999999999999,2.0,0.0,1.0,1.0,737.0
1.0,8.0,9.0,2.0,0.76000000000000001,0.72730000000000006,0.66000000000000003,0.0,2.0,0.0,1.0,1.0,341.0
1.0,8.0,10.0,2.0,0.79999999999999993,0.74239999999999995,0.52000000000000002,0.1343,2.0,0.0,1.0,1.0,214.0
1.0,8.0,11.0,2.0,0.79999999999999993,0.74239999999999995,0.52000000000000002,0.0,2.0,0.0,1.0,1.0,239.0
1.0,8.0,12.0,2.0,0.79999999999999993,0.74239999999999995,0.52000000000000002,0.0,2.0,0.0,1.0,1.0,280.0
1.0,8.0,13.0,2.0,0.79999999999999993,0.74239999999999995,0.52000000000000002,0.0,2.0,0.0,1.0,1.0,313.0
1.0,8.0,14.0,2.0,0.79999999999999993,0.74239999999999995,0.52000000000000002,0.25370000000000004,2.0,0.0,1.0,1.0,236.0
1.0,8.0,15.0,2.0,0.83999999999999997,0.75760000000000005,0.44,0.19399999999999998,2.0,0.0,1.0,1.0,278.0
1.0,8.0,16.0,2.0,0.79999999999999993,0.74239999999999995,0.48999999999999999,0.28360000000000002,2.0,0.0,1.0,1.0,441.0
1.0,8.0,17.0,2.0,0.79999999999999993,0.75760000000000005,0.55000000000000004,0.28360000000000002,2.0,0.0,1.0,1.0,858.0
1.0,8.0,18.0,2.0,0.78000000000000003,0.72730000000000006,0.55000000000000004,0.16420000000000001,2.0,0.0,1.0,1.0,862.0
1.0,8.0,19.0,1.0,0.76000000000000001,0.72730000000000006,0.66000000000000003,0.22390000000000002,2.0,0.0,1.0,1.0,686.0
1.0,8.0,20.0,1.0,0.71176312247644868,0.69700000000000006,0.66000000000000003,0.19399999999999998,2.0,0.0,1.0,1.0,500.0
1.0,8.0,21.0,1.0,0.73999999999999999,0.69700000000000006,0.66000000000000003,0.1045,2.0,0.0,1.0,1.0,381.0
1.0,8.0,22.0,1.0,0.71999999999999997,0.69700000000000006,0.73999999999999999,0.1045,2.0,0.0,1.0,1.0,233.0
1.0,8.0,23.0,1.0,0.71999999999999997,0.68180000000000007,0.69999999999999996,0.1343,2.0,0.0,1.0,1.0,136.0
1.0,8.0,0.0,1.0,0.71999999999999997,0.69700000000000006,0.73999999999999999,0.19399999999999998,2.0,0.0,2.0,1.0,67.0
1.0,8.0,1.0,1.0,0.69999999999999996,0.66670000000000007,0.79000000000000004,0.1343,2.0,0.0,2.0,1.0,28.0
1.0,8.0,2.0,1.0,0.69999999999999996,0.66670000000000007,0.83999999999999997,0.089599999999999999,2.0,0.0,2.0,1.0,14.0
1.0,8.0,3.0,1.0,0.67999999999999994,0.63639999999999997,0.82999999999999996,0.089599999999999999,2.0,0.0,2.0,1.0,6.0
1.0,8.0,4.0,2.0,0.67999999999999994,0.63639999999999997,0.89000000000000001,0.1343,2.0,0.0,2.0,1.0,10.0
1.0,8.0,5.0,2.0,0.65999999999999992,0.59089999999999998,0.93999999999999995,0.0,2.0,0.0,2.0,1.0,41.0
1.0,8.0,6.0,1.0,0.65999999999999992,0.60609999999999997,0.82999999999999996,0.16420000000000001,2.0,0.0,2.0,1.0,167.0
1.0,8.0,7.0,2.0,0.69999999999999996,0.66670000000000007,0.83999999999999997,0.16420000000000001,2.0,0.0,2.0,1.0,475.0
1.0,8.0,8.0,1.0,0.71999999999999997,0.69700000000000006,0.73999999999999999,0.1045,2.0,0.0,2.0,1.0,698.0
1.0,8.0,9.0,1.0,0.76000000000000001,0.72730000000000006,0.66000000000000003,0.16420000000000001,2.0,0.0,2.0,1.0,353.0
1.0,8.0,10.0,1.0,0.79999999999999993,0.75760000000000005,0.55000000000000004,0.22390000000000002,2.0,0.0,2.0,1.0,205.0
1.0,8.0,11.0,1.0,0.83999999999999997,0.75760000000000005,0.44,0.0,2.0,0.0,2.0,1.0,260.0
1.0,8.0,12.0,1.0,0.83999999999999997,0.75760000000000005,0.44,0.1045,2.0,0.0,2.0,1.0,277.0
1.0,8.0,13.0,1.0,0.85999999999999999,0.78790000000000004,0.40999999999999998,0.1045,2.0,0.0,2.0,1.0,281.0
1.0,8.0,14.0,1.0,0.88,0.77269999999999994,0.32000000000000001,0.22390000000000002,2.0,0.0,2.0,1.0,247.0
1.0,8.0,15.0,1.0,0.88,0.77269999999999994,0.32000000000000001,0.22390000000000002,2.0,0.0,2.0,1.0,267.0
1.0,8.0,16.0,1.0,0.85999999999999999,0.77269999999999994,0.39000000000000001,0.25370000000000004,2.0,0.0,2.0,1.0,417.0
1.0,8.0,17.0,1.0,0.85999999999999999,0.75760000000000005,0.35999999999999999,0.25370000000000004,2.0,0.0,2.0,1.0,810.0
1.0,8.0,18.0,2.0,0.81999999999999995,0.75760000000000005,0.46000000000000002,0.25370000000000004,2.0,0.0,2.0,1.0,811.0
1.0,8.0,19.0,1.0,0.79999999999999993,0.75760000000000005,0.55000000000000004,0.19399999999999998,2.0,0.0,2.0,1.0,623.0
1.0,8.0,20.0,1.0,0.69999999999999996,0.65150000000000008,0.54000000000000004,0.28360000000000002,2.0,0.0,2.0,1.0,478.0
1.0,8.0,21.0,2.0,0.69999999999999996,0.65150000000000008,0.57999999999999996,0.16420000000000001,2.0,0.0,2.0,1.0,336.0
1.0,8.0,22.0,2.0,0.65999999999999992,0.62119999999999997,0.68999999999999995,0.22390000000000002,2.0,0.0,2.0,1.0,259.0
1.0,8.0,23.0,1.0,0.65999999999999992,0.62119999999999997,0.73999999999999999,0.0,2.0,0.0,2.0,1.0,156.0
1.0,8.0,0.0,1.0,0.69999999999999996,0.65150000000000008,0.65000000000000002,0.089599999999999999,2.0,0.0,3.0,1.0,85.0
1.0,8.0,1.0,1.0,0.69999999999999996,0.65150000000000008,0.65000000000000002,0.1045,2.0,0.0,3.0,1.0,41.0
1.0,8.0,2.0,1.0,0.69999999999999996,0.66670000000000007,0.73999999999999999,0.16420000000000001,2.0,0.0,3.0,1.0,20.0
1.0,8.0,3.0,2.0,0.71999999999999997,0.69700000000000006,0.79000000000000004,0.19399999999999998,2.0,0.0,3.0,1.0,9.0
1.0,8.0,4.0,3.0,0.69999999999999996,0.66670000000000007,0.83999999999999997,0.28360000000000002,2.0,0.0,3.0,1.0,7.0
1.0,8.0,5.0,3.0,0.69999999999999996,0.66670000000000007,0.83999999999999997,0.28360000000000002,2.0,0.0,3.0,1.0,33.0
1.0,8.0,6.0,3.0,0.64000000000000001,0.57579999999999998,0.89000000000000001,0.29850000000000004,2.0,0.0,3.0,1.0,44.0
1.0,8.0,7.0,3.0,0.64000000000000001,0.57579999999999998,0.89000000000000001,0.1045,2.0,0.0,3.0,1.0,133.0
1.0,8.0,8.0,3.0,0.62,0.54549999999999998,0.91000000000000003,0.16420000000000001,2.0,0.0,3.0,1.0,119.0
1.0,8.0,9.0,2.0,0.64000000000000001,0.57579999999999998,0.89000000000000001,0.0,2.0,0.0,3.0,1.0,220.0
1.0,8.0,10.0,1.0,0.65999999999999992,0.59089999999999998,0.89000000000000001,0.1045,2.0,0.0,3.0,1.0,193.0
1.0,8.0,11.0,3.0,0.67999999999999994,0.63639999999999997,0.79000000000000004,0.1343,2.0,0.0,3.0,1.0,251.0
1.0,8.0,12.0,2.0,0.73999999999999999,0.69700000000000006,0.66000000000000003,0.35820000000000002,2.0,0.0,3.0,1.0,315.0
1.0,8.0,13.0,2.0,0.76000000000000001,0.71209999999999996,0.57999999999999996,0.35820000000000002,2.0,0.0,3.0,1.0,290.0
1.0,8.0,14.0,1.0,0.76000000000000001,0.71209999999999996,0.57999999999999996,0.35820000000000002,2.0,0.0,3.0,1.0,307.0
1.0,8.0,15.0,1.0,0.79999999999999993,0.74239999999999995,0.52000000000000002,0.44780000000000003,2.0,0.0,3.0,1.0,324.0
1.0,8.0,16.0,1.0,0.78000000000000003,0.72730000000000006,0.55000000000000004,0.29850000000000004,2.0,0.0,3.0,1.0,467.0
1.0,8.0,17.0,1.0,0.79999999999999993,0.74239999999999995,0.52000000000000002,0.28360000000000002,2.0,0.0,3.0,1.0,730.0
1.0,8.0,18.0,1.0,0.76000000000000001,0.71209999999999996,0.62,0.29850000000000004,2.0,0.0,3.0,1.0,640.0
1.0,8.0,19.0,1.0,0.76000000000000001,0.71209999999999996,0.62,0.28360000000000002,2.0,0.0,3.0,1.0,492.0
1.0,8.0,20.0,1.0,0.73999999999999999,0.69700000000000006,0.66000000000000003,0.29850000000000004,2.0,0.0,3.0,1.0,370.0
1.0,8.0,21.0,1.0,0.73999999999999999,0.69700000000000006,0.66000000000000003,0.25370000000000004,2.0,0.0,3.0,1.0,286.0
1.0,8.0,22.0,1.0,0.71999999999999997,0.69700000000000006,0.73999999999999999,0.28360000000000002,2.0,0.0,3.0,1.0,218.0
1.0,8.0,23.0,1.0,0.71999999999999997,0.68180000000000007,0.69999999999999996,0.28360000000000002,2.0,0.0,3.0,1.0,192.0
1.0,8.0,0.0,1.0,0.69999999999999996,0.65150000000000008,0.69999999999999996,0.28360000000000002,2.0,0.0,4.0,1.0,180.0
1.0,8.0,1.0,1.0,0.65999999999999992,0.62119999999999997,0.73999999999999999,0.22390000000000002,2.0,0.0,4.0,1.0,116.0
1.0,8.0,2.0,3.0,0.64000000000000001,0.59089999999999998,0.78000000000000003,0.19399999999999998,2.0,0.0,4.0,1.0,85.0
1.0,8.0,3.0,3.0,0.62,0.57579999999999998,0.82999999999999996,0.16420000000000001,2.0,0.0,4.0,1.0,21.0
1.0,8.0,4.0,1.0,0.62,0.57579999999999998,0.82999999999999996,0.1045,2.0,0.0,4.0,1.0,10.0
1.0,8.0,5.0,1.0,0.62,0.56059999999999999,0.88,0.1045,2.0,0.0,4.0,1.0,11.0
1.0,8.0,6.0,2.0,0.62,0.56059999999999999,0.88,0.1045,2.0,0.0,4.0,1.0,23.0
1.0,8.0,7.0,1.0,0.64000000000000001,0.57579999999999998,0.82999999999999996,0.089599999999999999,2.0,0.0,4.0,1.0,62.0
1.0,8.0,8.0,1.0,0.65999999999999992,0.60609999999999997,0.82999999999999996,0.1045,2.0,0.0,4.0,1.0,162.0
1.0,8.0,9.0,1.0,0.67999999999999994,0.63639999999999997,0.79000000000000004,0.19399999999999998,2.0,0.0,4.0,1.0,271.0
1.0,8.0,10.0,1.0,0.71999999999999997,0.68180000000000007,0.62,0.089599999999999999,2.0,0.0,4.0,1.0,407.0
1.0,8.0,11.0,1.0,0.73999999999999999,0.69700000000000006,0.66000000000000003,0.16420000000000001,2.0,0.0,4.0,1.0,499.0
1.0,8.0,12.0,1.0,0.76000000000000001,0.71209999999999996,0.57999999999999996,0.22390000000000002,2.0,0.0,4.0,1.0,546.0
1.0,8.0,13.0,1.0,0.79999999999999993,0.74239999999999995,0.48999999999999999,0.35820000000000002,2.0,0.0,4.0,1.0,569.0
1.0,8.0,14.0,1.0,0.79999999999999993,0.74239999999999995,0.48999999999999999,0.29850000000000004,2.0,0.0,4.0,1.0,538.0
1.0,8.0,15.0,1.0,0.79999999999999993,0.72730000000000006,0.46000000000000002,0.28360000000000002,2.0,0.0,4.0,1.0,562.0
1.0,8.0,16.0,1.0,0.79999999999999993,0.72730000000000006,0.46000000000000002,0.29850000000000004,2.0,0.0,4.0,1.0,531.0
1.0,8.0,17.0,3.0,0.73999999999999999,0.69700000000000006,0.66000000000000003,0.35820000000000002,2.0,0.0,4.0,1.0,512.0
1.0,8.0,18.0,2.0,0.69999999999999996,0.66670000000000007,0.73999999999999999,0.29850000000000004,2.0,0.0,4.0,1.0,300.0
1.0,8.0,19.0,2.0,0.65999999999999992,0.59089999999999998,0.89000000000000001,0.1045,2.0,0.0,4.0,1.0,275.0
1.0,8.0,20.0,3.0,0.65999999999999992,0.59089999999999998,0.89000000000000001,0.41790000000000005,2.0,0.0,4.0,1.0,160.0
1.0,8.0,21.0,2.0,0.65999999999999992,0.59089999999999998,0.89000000000000001,0.16420000000000001,2.0,0.0,4.0,1.0,128.0
1.0,8.0,22.0,2.0,0.65999999999999992,0.59089999999999998,0.89000000000000001,0.16420000000000001,2.0,0.0,4.0,1.0,168.0
1.0,8.0,23.0,3.0,0.65999999999999992,0.60609999999999997,0.78000000000000003,0.16420000000000001,2.0,0.0,4.0,1.0,163.0
1.0,8.0,0.0,2.0,0.64000000000000001,0.60609999999999997,0.72999999999999998,0.1343,2.0,0.0,5.0,1.0,120.0
1.0,8.0,1.0,1.0,0.62,0.59089999999999998,0.78000000000000003,0.1343,2.0,0.0,5.0,1.0,113.0
1.0,8.0,2.0,1.0,0.64000000000000001,0.60609999999999997,0.68999999999999995,0.1343,2.0,0.0,5.0,1.0,86.0
1.0,8.0,3.0,1.0,0.62,0.59089999999999998,0.72999999999999998,0.089599999999999999,2.0,0.0,5.0,1.0,48.0
1.0,8.0,4.0,1.0,0.64000000000000001,0.60609999999999997,0.68999999999999995,0.089599999999999999,2.0,0.0,5.0,1.0,10.0
1.0,8.0,5.0,1.0,0.64000000000000001,0.62119999999999997,0.60999999999999999,0.19399999999999998,2.0,0.0,5.0,1.0,10.0
1.0,8.0,6.0,1.0,0.64000000000000001,0.60609999999999997,0.65000000000000002,0.16420000000000001,2.0,0.0,5.0,1.0,16.0
1.0,8.0,7.0,1.0,0.64000000000000001,0.60609999999999997,0.65000000000000002,0.1343,2.0,0.0,5.0,1.0,39.0
1.0,8.0,8.0,1.0,0.65999999999999992,0.62119999999999997,0.54000000000000004,0.22390000000000002,2.0,0.0,5.0,1.0,119.0
1.0,8.0,9.0,1.0,0.69999999999999996,0.65150000000000008,0.47999999999999998,0.22390000000000002,2.0,0.0,5.0,1.0,217.0
1.0,8.0,10.0,1.0,0.69999999999999996,0.65150000000000008,0.51000000000000001,0.16420000000000001,2.0,0.0,5.0,1.0,328.0
1.0,8.0,11.0,1.0,0.73999999999999999,0.66670000000000007,0.41999999999999998,0.16420000000000001,2.0,0.0,5.0,1.0,449.0
1.0,8.0,12.0,1.0,0.73999999999999999,0.66670000000000007,0.41999999999999998,0.19399999999999998,2.0,0.0,5.0,1.0,505.0
1.0,8.0,13.0,1.0,0.78000000000000003,0.69700000000000006,0.40000000000000002,0.0,2.0,0.0,5.0,1.0,543.0
1.0,8.0,14.0,1.0,0.76000000000000001,0.68180000000000007,0.40000000000000002,0.19399999999999998,2.0,0.0,5.0,1.0,579.0
1.0,8.0,15.0,1.0,0.76000000000000001,0.68180000000000007,0.40000000000000002,0.1343,2.0,0.0,5.0,1.0,577.0
1.0,8.0,16.0,1.0,0.76000000000000001,0.68180000000000007,0.40000000000000002,0.1045,2.0,0.0,5.0,1.0,513.0
1.0,8.0,17.0,1.0,0.79999999999999993,0.69700000000000006,0.33000000000000002,0.0,2.0,0.0,5.0,1.0,505.0
1.0,8.0,18.0,1.0,0.78000000000000003,0.68180000000000007,0.34999999999999998,0.1045,2.0,0.0,5.0,1.0,491.0
1.0,8.0,19.0,1.0,0.73999999999999999,0.65150000000000008,0.40000000000000002,0.1343,2.0,0.0,5.0,1.0,465.0
1.0,8.0,20.0,1.0,0.71999999999999997,0.65150000000000008,0.45000000000000001,0.0,2.0,0.0,5.0,1.0,300.0
1.0,8.0,21.0,1.0,0.71999999999999997,0.66670000000000007,0.51000000000000001,0.089599999999999999,2.0,0.0,5.0,1.0,220.0
1.0,8.0,22.0,1.0,0.69999999999999996,0.65150000000000008,0.57999999999999996,0.1343,2.0,0.0,5.0,1.0,181.0
1.0,8.0,23.0,1.0,0.67999999999999994,0.63639999999999997,0.60999999999999999,0.0,2.0,0.0,5.0,1.0,110.0
1.0,8.0,0.0,1.0,0.65999999999999992,0.62119999999999997,0.65000000000000002,0.1045,2.0,0.0,6.0,0.0,47.0
1.0,8.0,1.0,1.0,0.65999999999999992,0.62119999999999997,0.65000000000000002,0.089599999999999999,2.0,0.0,6.0,0.0,14.0
1.0,8.0,2.0,1.0,0.64000000000000001,0.60609999999999997,0.68999999999999995,0.1045,2.0,0.0,6.0,0.0,9.0
1.0,8.0,3.0,1.0,0.64000000000000001,0.60609999999999997,0.68999999999999995,0.0,2.0,0.0,6.0,0.0,6.0
1.0,8.0,4.0,1.0,0.64000000000000001,0.60609999999999997,0.68999999999999995,0.1045,2.0,0.0,6.0,0.0,11.0
1.0,8.0,5.0,1.0,0.64000000000000001,0.60609999999999997,0.68999999999999995,0.1045,2.0,0.0,6.0,0.0,36.0
1.0,8.0,6.0,1.0,0.62,0.59089999999999998,0.72999999999999998,0.089599999999999999,2.0,0.0,6.0,0.0,159.0
1.0,8.0,7.0,1.0,0.65999999999999992,0.62119999999999997,0.65000000000000002,0.1343,2.0,0.0,6.0,0.0,436.0
1.0,8.0,8.0,2.0,0.71999999999999997,0.66670000000000007,0.51000000000000001,0.089599999999999999,2.0,0.0,6.0,0.0,673.0
1.0,8.0,9.0,2.0,0.73999999999999999,0.66670000000000007,0.45000000000000001,0.0,2.0,0.0,6.0,0.0,305.0
1.0,8.0,10.0,2.0,0.76000000000000001,0.68180000000000007,0.40000000000000002,0.0,2.0,0.0,6.0,0.0,199.0
1.0,8.0,11.0,1.0,0.76000000000000001,0.68180000000000007,0.40000000000000002,0.089599999999999999,2.0,0.0,6.0,0.0,245.0
1.0,8.0,12.0,1.0,0.78000000000000003,0.69700000000000006,0.40000000000000002,0.19399999999999998,2.0,0.0,6.0,0.0,276.0
1.0,8.0,13.0,1.0,0.78000000000000003,0.69700000000000006,0.40000000000000002,0.16420000000000001,2.0,0.0,6.0,0.0,254.0
1.0,8.0,14.0,1.0,0.79999999999999993,0.69700000000000006,0.33000000000000002,0.1045,2.0,0.0,6.0,0.0,248.0
1.0,8.0,15.0,1.0,0.81999999999999995,0.72730000000000006,0.34000000000000002,0.22390000000000002,2.0,0.0,6.0,0.0,274.0
1.0,8.0,16.0,1.0,0.79999999999999993,0.71209999999999996,0.35999999999999999,0.089599999999999999,2.0,0.0,6.0,0.0,464.0
1.0,8.0,17.0,1.0,0.79999999999999993,0.71209999999999996,0.35999999999999999,0.16420000000000001,2.0,0.0,6.0,0.0,818.0
1.0,8.0,18.0,1.0,0.76000000000000001,0.69700000000000006,0.52000000000000002,0.28360000000000002,2.0,0.0,6.0,0.0,812.0
1.0,8.0,19.0,1.0,0.73999999999999999,0.68180000000000007,0.57999999999999996,0.16420000000000001,2.0,0.0,6.0,0.0,555.0
1.0,8.0,20.0,1.0,0.73999999999999999,0.68180000000000007,0.62,0.22390000000000002,2.0,0.0,6.0,0.0,432.0
1.0,8.0,21.0,1.0,0.71999999999999997,0.68180000000000007,0.66000000000000003,0.19399999999999998,2.0,0.0,6.0,0.0,290.0
1.0,8.0,22.0,1.0,0.71999999999999997,0.68180000000000007,0.62,0.32840000000000003,2.0,0.0,6.0,0.0,192.0
1.0,8.0,23.0,1.0,0.69999999999999996,0.65150000000000008,0.69999999999999996,0.22390000000000002,2.0,0.0,6.0,0.0,128.0
1.0,8.0,0.0,1.0,0.69999999999999996,0.66670000000000007,0.73999999999999999,0.22390000000000002,2.0,0.0,7.0,0.0,60.0
1.0,8.0,1.0,1.0,0.67999999999999994,0.63639999999999997,0.79000000000000004,0.25370000000000004,2.0,0.0,7.0,0.0,27.0
1.0,8.0,2.0,2.0,0.67999999999999994,0.63639999999999997,0.82999999999999996,0.19399999999999998,2.0,0.0,7.0,0.0,11.0
1.0,8.0,3.0,2.0,0.67999999999999994,0.63639999999999997,0.82999999999999996,0.19399999999999998,2.0,0.0,7.0,0.0,3.0
1.0,8.0,4.0,2.0,0.67999999999999994,0.63639999999999997,0.82999999999999996,0.19399999999999998,2.0,0.0,7.0,0.0,5.0
1.0,8.0,5.0,2.0,0.67999999999999994,0.63639999999999997,0.89000000000000001,0.19399999999999998,2.0,0.0,7.0,0.0,36.0
1.0,8.0,6.0,3.0,0.64000000000000001,0.57579999999999998,0.82999999999999996,0.19399999999999998,2.0,0.0,7.0,0.0,64.0
1.0,8.0,7.0,2.0,0.65999999999999992,0.60609999999999997,0.82999999999999996,0.089599999999999999,2.0,0.0,7.0,0.0,179.0
1.0,8.0,8.0,2.0,0.65999999999999992,0.59089999999999998,0.89000000000000001,0.089599999999999999,2.0,0.0,7.0,0.0,618.0
1.0,8.0,9.0,2.0,0.69999999999999996,0.66670000000000007,0.73999999999999999,0.0,2.0,0.0,7.0,0.0,402.0
1.0,8.0,10.0,1.0,0.69999999999999996,0.66670000000000007,0.79000000000000004,0.1045,2.0,0.0,7.0,0.0,208.0
1.0,8.0,11.0,1.0,0.73999999999999999,0.68180000000000007,0.62,0.0,2.0,0.0,7.0,0.0,196.0
1.0,8.0,12.0,1.0,0.78000000000000003,0.71209999999999996,0.48999999999999999,0.1343,2.0,0.0,7.0,0.0,300.0
1.0,8.0,13.0,1.0,0.79999999999999993,0.72730000000000006,0.46000000000000002,0.089599999999999999,2.0,0.0,7.0,0.0,286.0
1.0,8.0,14.0,1.0,0.81999999999999995,0.74239999999999995,0.40999999999999998,0.22390000000000002,2.0,0.0,7.0,0.0,255.0
1.0,8.0,15.0,1.0,0.81999999999999995,0.75760000000000005,0.46000000000000002,0.22390000000000002,2.0,0.0,7.0,0.0,283.0
1.0,8.0,16.0,1.0,0.81999999999999995,0.74239999999999995,0.42999999999999999,0.22390000000000002,2.0,0.0,7.0,0.0,458.0
1.0,8.0,17.0,3.0,0.76000000000000001,0.72730000000000006,0.66000000000000003,0.25370000000000004,2.0,0.0,7.0,0.0,812.0
1.0,8.0,18.0,1.0,0.76000000000000001,0.71209999999999996,0.62,0.28360000000000002,2.0,0.0,7.0,0.0,854.0
1.0,8.0,19.0,1.0,0.76000000000000001,0.72730000000000006,0.66000000000000003,0.19399999999999998,2.0,0.0,7.0,0.0,627.0
1.0,8.0,20.0,1.0,0.73999999999999999,0.71209999999999996,0.73999999999999999,0.22390000000000002,2.0,0.0,7.0,0.0,436.0
1.0,8.0,21.0,1.0,0.73999999999999999,0.68180000000000007,0.62,0.22390000000000002,2.0,0.0,7.0,0.0,308.0
1.0,8.0,22.0,1.0,0.71999999999999997,0.68180000000000007,0.66000000000000003,0.089599999999999999,2.0,0.0,7.0,0.0,189.0
1.0,8.0,23.0,1.0,0.71999999999999997,0.68180000000000007,0.64861372812920592,0.16420000000000001,2.0,0.0,7.0,0.0,167.0
1.0,8.0,0.0,1.0,0.69999999999999996,0.65150000000000008,0.60999999999999999,0.19399999999999998,2.0,0.0,1.0,1.0,60.0
1.0,8.0,1.0,1.0,0.69999999999999996,0.65150000000000008,0.60999999999999999,0.0,2.0,0.0,1.0,1.0,37.0
1.0,8.0,2.0,1.0,0.67999999999999994,0.63639999999999997,0.65000000000000002,0.0,2.0,0.0,1.0,1.0,8.0
1.0,8.0,3.0,1.0,0.65999999999999992,0.62119999999999997,0.73999999999999999,0.1045,2.0,0.0,1.0,1.0,11.0
1.0,8.0,4.0,1.0,0.64000000000000001,0.57579999999999998,0.82999999999999996,0.1045,2.0,0.0,1.0,1.0,4.0
1.0,8.0,5.0,1.0,0.64000000000000001,0.59089999999999998,0.78000000000000003,0.1045,2.0,0.0,1.0,1.0,39.0
1.0,8.0,6.0,1.0,0.64000000000000001,0.59089999999999998,0.78000000000000003,0.1045,2.0,0.0,1.0,1.0,172.0
1.0,8.0,7.0,2.0,0.65999999999999992,0.62119999999999997,0.68999999999999995,0.19399999999999998,2.0,0.0,1.0,1.0,492.0
1.0,8.0,8.0,2.0,0.69999999999999996,0.65150000000000008,0.65000000000000002,0.28360000000000002,2.0,0.0,1.0,1.0,682.0
1.0,8.0,9.0,2.0,0.71999999999999997,0.68180000000000007,0.62,0.19399999999999998,2.0,0.0,1.0,1.0,367.0
1.0,8.0,10.0,2.0,0.71999999999999997,0.68180000000000007,0.62,0.19399999999999998,2.0,0.0,1.0,1.0,233.0
1.0,8.0,11.0,2.0,0.73999999999999999,0.68180000000000007,0.57999999999999996,0.19399999999999998,2.0,0.0,1.0,1.0,235.0
1.0,8.0,12.0,1.0,0.73999999999999999,0.68180000000000007,0.55000000000000004,0.22390000000000002,2.0,0.0,1.0,1.0,307.0
1.0,8.0,13.0,2.0,0.78000000000000003,0.71209999999999996,0.48999999999999999,0.19399999999999998,2.0,0.0,1.0,1.0,294.0
1.0,8.0,14.0,2.0,0.76000000000000001,0.69700000000000006,0.52000000000000002,0.29850000000000004,2.0,0.0,1.0,1.0,255.0
1.0,8.0,15.0,1.0,0.76000000000000001,0.69700000000000006,0.52000000000000002,0.25370000000000004,2.0,0.0,1.0,1.0,266.0
1.0,8.0,16.0,1.0,0.76000000000000001,0.68180000000000007,0.47999999999999998,0.19399999999999998,2.0,0.0,1.0,1.0,431.0
1.0,8.0,17.0,1.0,0.73999999999999999,0.68180000000000007,0.55000000000000004,0.28360000000000002,2.0,0.0,1.0,1.0,851.0
1.0,8.0,18.0,1.0,0.73999999999999999,0.66670000000000007,0.51000000000000001,0.22390000000000002,2.0,0.0,1.0,1.0,848.0
1.0,8.0,19.0,1.0,0.69999999999999996,0.65150000000000008,0.60999999999999999,0.1343,2.0,0.0,1.0,1.0,649.0
1.0,8.0,20.0,1.0,0.69999999999999996,0.65150000000000008,0.60999999999999999,0.1343,2.0,0.0,1.0,1.0,427.0
1.0,8.0,21.0,1.0,0.69999999999999996,0.65150000000000008,0.60999999999999999,0.19399999999999998,2.0,0.0,1.0,1.0,315.0
1.0,8.0,22.0,1.0,0.69999999999999996,0.65150000000000008,0.60999999999999999,0.16420000000000001,2.0,0.0,1.0,1.0,226.0
1.0,8.0,23.0,1.0,0.67999999999999994,0.63639999999999997,0.65000000000000002,0.1045,2.0,0.0,1.0,1.0,138.0
1.0,8.0,0.0,1.0,0.65999999999999992,0.62119999999999997,0.68999999999999995,0.0,2.0,0.0,2.0,1.0,76.0
1.0,8.0,1.0,1.0,0.64000000000000001,0.60609999999999997,0.72999999999999998,0.0,2.0,0.0,2.0,1.0,21.0
1.0,8.0,2.0,1.0,0.64000000000000001,0.60609999999999997,0.68999999999999995,0.19399999999999998,2.0,0.0,2.0,1.0,15.0
1.0,8.0,3.0,1.0,0.62,0.59089999999999998,0.72999999999999998,0.25370000000000004,2.0,0.0,2.0,1.0,4.0
1.0,8.0,4.0,1.0,0.62,0.59089999999999998,0.72999999999999998,0.22390000000000002,2.0,0.0,2.0,1.0,5.0
1.0,8.0,5.0,1.0,0.60000000000000009,0.57579999999999998,0.78000000000000003,0.16420000000000001,2.0,0.0,2.0,1.0,37.0
1.0,8.0,6.0,1.0,0.60000000000000009,0.57579999999999998,0.78000000000000003,0.16420000000000001,2.0,0.0,2.0,1.0,165.0
1.0,8.0,7.0,1.0,0.64000000000000001,0.60609999999999997,0.68999999999999995,0.22390000000000002,2.0,0.0,2.0,1.0,464.0
1.0,8.0,8.0,1.0,0.67999999999999994,0.63639999999999997,0.60999999999999999,0.19399999999999998,2.0,0.0,2.0,1.0,682.0
1.0,8.0,9.0,1.0,0.71999999999999997,0.66670000000000007,0.54000000000000004,0.1045,2.0,0.0,2.0,1.0,337.0
1.0,8.0,10.0,1.0,0.73999999999999999,0.66670000000000007,0.47999999999999998,0.1343,2.0,0.0,2.0,1.0,199.0
1.0,8.0,11.0,1.0,0.76000000000000001,0.66670000000000007,0.37,0.089599999999999999,2.0,0.0,2.0,1.0,274.0
1.0,8.0,12.0,1.0,0.79999999999999993,0.69700000000000006,0.33000000000000002,0.1045,2.0,0.0,2.0,1.0,343.0
1.0,8.0,13.0,1.0,0.79999999999999993,0.69700000000000006,0.31,0.22390000000000002,2.0,0.0,2.0,1.0,300.0
1.0,8.0,14.0,1.0,0.81999999999999995,0.71209999999999996,0.32000000000000001,0.0,2.0,0.0,2.0,1.0,248.0
1.0,8.0,15.0,1.0,0.79999999999999993,0.69700000000000006,0.33000000000000002,0.25370000000000004,2.0,0.0,2.0,1.0,260.0
1.0,8.0,16.0,1.0,0.81999999999999995,0.71209999999999996,0.32000000000000001,0.22390000000000002,2.0,0.0,2.0,1.0,419.0
1.0,8.0,17.0,1.0,0.81999999999999995,0.72730000000000006,0.34000000000000002,0.19399999999999998,2.0,0.0,2.0,1.0,897.0
1.0,8.0,18.0,1.0,0.79999999999999993,0.71209999999999996,0.35999999999999999,0.0,2.0,0.0,2.0,1.0,832.0
1.0,8.0,19.0,1.0,0.76000000000000001,0.68180000000000007,0.40000000000000002,0.1045,2.0,0.0,2.0,1.0,677.0
1.0,8.0,20.0,1.0,0.76000000000000001,0.68180000000000007,0.40000000000000002,0.089599999999999999,2.0,0.0,2.0,1.0,514.0
1.0,8.0,21.0,1.0,0.73999999999999999,0.66670000000000007,0.47999999999999998,0.19399999999999998,2.0,0.0,2.0,1.0,356.0
1.0,8.0,22.0,1.0,0.71999999999999997,0.66670000000000007,0.51000000000000001,0.16420000000000001,2.0,0.0,2.0,1.0,254.0
1.0,8.0,23.0,1.0,0.69999999999999996,0.65150000000000008,0.54000000000000004,0.1045,2.0,0.0,2.0,1.0,226.0
1.0,8.0,0.0,1.0,0.67999999999999994,0.24239999999999998,0.56999999999999995,0.16420000000000001,2.0,0.0,3.0,1.0,88.0
1.0,8.0,1.0,1.0,0.65999999999999992,0.24239999999999998,0.65000000000000002,0.1045,2.0,0.0,3.0,1.0,54.0
1.0,8.0,2.0,1.0,0.65999999999999992,0.24239999999999998,0.60999999999999999,0.1343,2.0,0.0,3.0,1.0,19.0
1.0,8.0,3.0,1.0,0.64000000000000001,0.24239999999999998,0.65000000000000002,0.1045,2.0,0.0,3.0,1.0,6.0
1.0,8.0,4.0,1.0,0.64000000000000001,0.24239999999999998,0.72999999999999998,0.16420000000000001,2.0,0.0,3.0,1.0,9.0
1.0,8.0,5.0,1.0,0.64000000000000001,0.24239999999999998,0.72999999999999998,0.1045,2.0,0.0,3.0,1.0,36.0
1.0,8.0,6.0,1.0,0.62,0.24239999999999998,0.78000000000000003,0.1343,2.0,0.0,3.0,1.0,157.0
1.0,8.0,7.0,1.0,0.64000000000000001,0.24239999999999998,0.72999999999999998,0.1045,2.0,0.0,3.0,1.0,379.0
1.0,8.0,8.0,1.0,0.67999999999999994,0.24239999999999998,0.65000000000000002,0.1343,2.0,0.0,3.0,1.0,668.0
1.0,8.0,9.0,1.0,0.69999999999999996,0.24239999999999998,0.57999999999999996,0.1045,2.0,0.0,3.0,1.0,378.0
1.0,8.0,10.0,1.0,0.73999999999999999,0.24239999999999998,0.55000000000000004,0.16420000000000001,2.0,0.0,3.0,1.0,231.0
1.0,8.0,11.0,1.0,0.76000000000000001,0.24239999999999998,0.52000000000000002,0.28360000000000002,2.0,0.0,3.0,1.0,303.0
1.0,8.0,12.0,1.0,0.81999999999999995,0.24239999999999998,0.40999999999999998,0.22390000000000002,2.0,0.0,3.0,1.0,365.0
1.0,8.0,13.0,1.0,0.83999999999999997,0.24239999999999998,0.35999999999999999,0.3881,2.0,0.0,3.0,1.0,357.0
1.0,8.0,14.0,1.0,0.85999999999999999,0.24239999999999998,0.34000000000000002,0.41790000000000005,2.0,0.0,3.0,1.0,328.0
1.0,8.0,15.0,1.0,0.85999999999999999,0.24239999999999998,0.29999999999999999,0.4627,2.0,0.0,3.0,1.0,383.0
1.0,8.0,16.0,2.0,0.83999999999999997,0.24239999999999998,0.32000000000000001,0.44780000000000003,2.0,0.0,3.0,1.0,488.0
1.0,8.0,17.0,1.0,0.81999999999999995,0.24239999999999998,0.35999999999999999,0.32840000000000003,2.0,0.0,3.0,1.0,791.0
1.0,8.0,18.0,2.0,0.81999999999999995,0.24239999999999998,0.38,0.25370000000000004,2.0,0.0,3.0,1.0,669.0
1.0,8.0,19.0,2.0,0.73999999999999999,0.24239999999999998,0.55000000000000004,0.3881,2.0,0.0,3.0,1.0,491.0
1.0,8.0,20.0,2.0,0.71999999999999997,0.24239999999999998,0.57999999999999996,0.22390000000000002,2.0,0.0,3.0,1.0,359.0
1.0,8.0,21.0,2.0,0.67999999999999994,0.24239999999999998,0.68999999999999995,0.29850000000000004,2.0,0.0,3.0,1.0,255.0
1.0,8.0,22.0,3.0,0.65999999999999992,0.24239999999999998,0.82999999999999996,0.19399999999999998,2.0,0.0,3.0,1.0,213.0
1.0,8.0,23.0,3.0,0.64000000000000001,0.24239999999999998,0.82999999999999996,0.22390000000000002,2.0,0.0,3.0,1.0,121.0
1.0,8.0,0.0,2.0,0.64000000000000001,0.57579999999999998,0.82999999999999996,0.22390000000000002,2.0,0.0,4.0,1.0,105.0
1.0,8.0,1.0,3.0,0.62,0.54549999999999998,0.93999999999999995,0.16420000000000001,2.0,0.0,4.0,1.0,92.0
1.0,8.0,2.0,3.0,0.62,0.56059999999999999,0.88,0.16420000000000001,2.0,0.0,4.0,1.0,43.0
1.0,8.0,3.0,1.0,0.62,0.56059999999999999,0.88,0.19399999999999998,2.0,0.0,4.0,1.0,30.0
1.0,8.0,4.0,1.0,0.62,0.59089999999999998,0.72999999999999998,0.22390000000000002,2.0,0.0,4.0,1.0,13.0
1.0,8.0,5.0,1.0,0.60000000000000009,0.57579999999999998,0.78000000000000003,0.25370000000000004,2.0,0.0,4.0,1.0,9.0
1.0,8.0,6.0,1.0,0.60000000000000009,0.56059999999999999,0.82999999999999996,0.22390000000000002,2.0,0.0,4.0,1.0,27.0
1.0,8.0,7.0,1.0,0.60000000000000009,0.56059999999999999,0.82999999999999996,0.22390000000000002,2.0,0.0,4.0,1.0,64.0
1.0,8.0,8.0,1.0,0.64000000000000001,0.60609999999999997,0.68999999999999995,0.25370000000000004,2.0,0.0,4.0,1.0,189.0
1.0,8.0,9.0,1.0,0.65999999999999992,0.62119999999999997,0.65000000000000002,0.28360000000000002,2.0,0.0,4.0,1.0,292.0
1.0,8.0,10.0,1.0,0.69999999999999996,0.65150000000000008,0.54000000000000004,0.16420000000000001,2.0,0.0,4.0,1.0,480.0
1.0,8.0,11.0,1.0,0.71999999999999997,0.66670000000000007,0.51000000000000001,0.0,2.0,0.0,4.0,1.0,536.0
1.0,8.0,12.0,1.0,0.76000000000000001,0.66670000000000007,0.37,0.19399999999999998,2.0,0.0,4.0,1.0,654.0
1.0,8.0,13.0,1.0,0.73999999999999999,0.65150000000000008,0.40000000000000002,0.19399999999999998,2.0,0.0,4.0,1.0,644.0
1.0,8.0,14.0,1.0,0.76000000000000001,0.66670000000000007,0.37,0.28360000000000002,2.0,0.0,4.0,1.0,598.0
1.0,8.0,15.0,1.0,0.76000000000000001,0.66670000000000007,0.37,0.22390000000000002,2.0,0.0,4.0,1.0,596.0
1.0,8.0,16.0,1.0,0.76000000000000001,0.66670000000000007,0.37,0.25370000000000004,2.0,0.0,4.0,1.0,641.0
1.0,8.0,17.0,1.0,0.76000000000000001,0.66670000000000007,0.37,0.22390000000000002,2.0,0.0,4.0,1.0,635.0
1.0,8.0,18.0,1.0,0.73999999999999999,0.65150000000000008,0.37,0.16420000000000001,2.0,0.0,4.0,1.0,554.0
1.0,8.0,19.0,1.0,0.69999999999999996,0.63639999999999997,0.45000000000000001,0.16420000000000001,2.0,0.0,4.0,1.0,488.0
1.0,8.0,20.0,1.0,0.69999999999999996,0.63639999999999997,0.45000000000000001,0.1045,2.0,0.0,4.0,1.0,341.0
1.0,8.0,21.0,1.0,0.65999999999999992,0.62119999999999997,0.60999999999999999,0.0,2.0,0.0,4.0,1.0,338.0
1.0,8.0,22.0,1.0,0.65999999999999992,0.62119999999999997,0.60999999999999999,0.0,2.0,0.0,4.0,1.0,261.0
1.0,8.0,23.0,1.0,0.64000000000000001,0.60609999999999997,0.65000000000000002,0.089599999999999999,2.0,0.0,4.0,1.0,235.0
1.0,8.0,0.0,1.0,0.65999999999999992,0.62119999999999997,0.56999999999999995,0.089599999999999999,2.0,0.0,5.0,1.0,187.0
1.0,8.0,1.0,1.0,0.64000000000000001,0.60609999999999997,0.65000000000000002,0.0,2.0,0.0,5.0,1.0,131.0
1.0,8.0,2.0,2.0,0.62,0.60609999999999997,0.68999999999999995,0.089599999999999999,2.0,0.0,5.0,1.0,119.0
1.0,8.0,3.0,2.0,0.62,0.60609999999999997,0.60999999999999999,0.16420000000000001,2.0,0.0,5.0,1.0,55.0
1.0,8.0,4.0,2.0,0.62,0.60609999999999997,0.65000000000000002,0.16420000000000001,2.0,0.0,5.0,1.0,26.0
1.0,8.0,5.0,2.0,0.60000000000000009,0.59089999999999998,0.72999999999999998,0.1343,2.0,0.0,5.0,1.0,11.0
1.0,8.0,6.0,2.0,0.62,0.60609999999999997,0.68999999999999995,0.1045,2.0,0.0,5.0,1.0,20.0
1.0,8.0,7.0,2.0,0.62,0.60609999999999997,0.68999999999999995,0.1343,2.0,0.0,5.0,1.0,41.0
1.0,8.0,8.0,2.0,0.64000000000000001,0.60609999999999997,0.68999999999999995,0.1045,2.0,0.0,5.0,1.0,124.0
1.0,8.0,9.0,2.0,0.65999999999999992,0.62119999999999997,0.73999999999999999,0.0,2.0,0.0,5.0,1.0,270.0
1.0,8.0,10.0,2.0,0.67999999999999994,0.63639999999999997,0.68999999999999995,0.0,2.0,0.0,5.0,1.0,425.0
1.0,8.0,11.0,3.0,0.64000000000000001,0.59089999999999998,0.78000000000000003,0.16420000000000001,2.0,0.0,5.0,1.0,272.0
1.0,8.0,12.0,3.0,0.64000000000000001,0.60609999999999997,0.72999999999999998,0.0,2.0,0.0,5.0,1.0,298.0
1.0,8.0,13.0,3.0,0.64000000000000001,0.57579999999999998,0.82999999999999996,0.1343,2.0,0.0,5.0,1.0,162.0
1.0,8.0,14.0,3.0,0.64000000000000001,0.60609999999999997,0.72999999999999998,0.0,2.0,0.0,5.0,1.0,149.0
1.0,8.0,15.0,2.0,0.64000000000000001,0.60609999999999997,0.65000000000000002,0.0,2.0,0.0,5.0,1.0,276.0
1.0,8.0,16.0,2.0,0.65999999999999992,0.62119999999999997,0.65000000000000002,0.0,2.0,0.0,5.0,1.0,356.0
1.0,8.0,17.0,2.0,0.64000000000000001,0.59089999999999998,0.78000000000000003,0.1045,2.0,0.0,5.0,1.0,343.0
1.0,8.0,18.0,2.0,0.64000000000000001,0.59089999999999998,0.78000000000000003,0.1045,2.0,0.0,5.0,1.0,377.0
1.0,8.0,19.0,2.0,0.64000000000000001,0.60609999999999997,0.72999999999999998,0.1343,2.0,0.0,5.0,1.0,341.0
1.0,8.0,20.0,2.0,0.64000000000000001,0.60609999999999997,0.72999999999999998,0.19399999999999998,2.0,0.0,5.0,1.0,274.0
1.0,8.0,21.0,3.0,0.62,0.59089999999999998,0.78000000000000003,0.089599999999999999,2.0,0.0,5.0,1.0,190.0
1.0,8.0,22.0,2.0,0.62,0.59089999999999998,0.78000000000000003,0.16420000000000001,2.0,0.0,5.0,1.0,56.0
1.0,8.0,23.0,2.0,0.62,0.59089999999999998,0.72999999999999998,0.0,2.0,0.0,5.0,1.0,46.0
1.0,8.0,0.0,2.0,0.60000000000000009,0.56059999999999999,0.82999999999999996,0.1045,2.0,0.0,6.0,0.0,26.0
1.0,8.0,1.0,1.0,0.60000000000000009,0.56059999999999999,0.82999999999999996,0.16420000000000001,2.0,0.0,6.0,0.0,10.0
1.0,8.0,2.0,1.0,0.60000000000000009,0.56059999999999999,0.82999999999999996,0.16420000000000001,2.0,0.0,6.0,0.0,5.0
1.0,8.0,3.0,1.0,0.60000000000000009,0.54549999999999998,0.88,0.1045,2.0,0.0,6.0,0.0,3.0
1.0,8.0,4.0,2.0,0.60000000000000009,0.56059999999999999,0.82999999999999996,0.089599999999999999,2.0,0.0,6.0,0.0,7.0
1.0,8.0,5.0,2.0,0.60000000000000009,0.56059999999999999,0.82999999999999996,0.0,2.0,0.0,6.0,0.0,37.0
1.0,8.0,6.0,2.0,0.60000000000000009,0.57579999999999998,0.78000000000000003,0.1343,2.0,0.0,6.0,0.0,161.0
1.0,8.0,7.0,2.0,0.62,0.59089999999999998,0.78000000000000003,0.1343,2.0,0.0,6.0,0.0,442.0
1.0,8.0,8.0,2.0,0.62,0.59089999999999998,0.72999999999999998,0.1045,2.0,0.0,6.0,0.0,655.0
1.0,8.0,9.0,2.0,0.64000000000000001,0.60609999999999997,0.68999999999999995,0.0,2.0,0.0,6.0,0.0,357.0
1.0,8.0,10.0,2.0,0.64000000000000001,0.60609999999999997,0.68999999999999995,0.089599999999999999,2.0,0.0,6.0,0.0,193.0
1.0,8.0,11.0,1.0,0.65999999999999992,0.62119999999999997,0.65000000000000002,0.1045,2.0,0.0,6.0,0.0,241.0
1.0,8.0,12.0,2.0,0.65999999999999992,0.62119999999999997,0.60999999999999999,0.1045,2.0,0.0,6.0,0.0,282.0
1.0,8.0,13.0,1.0,0.69999999999999996,0.65150000000000008,0.57999999999999996,0.1343,2.0,0.0,6.0,0.0,291.0
1.0,8.0,14.0,1.0,0.71999999999999997,0.66670000000000007,0.54000000000000004,0.16420000000000001,2.0,0.0,6.0,0.0,275.0
1.0,8.0,15.0,1.0,0.71999999999999997,0.66670000000000007,0.54000000000000004,0.25370000000000004,2.0,0.0,6.0,0.0,309.0
1.0,8.0,16.0,1.0,0.71999999999999997,0.66670000000000007,0.54000000000000004,0.25370000000000004,2.0,0.0,6.0,0.0,460.0
1.0,8.0,17.0,1.0,0.69999999999999996,0.65150000000000008,0.57999999999999996,0.28360000000000002,2.0,0.0,6.0,0.0,893.0
1.0,8.0,18.0,2.0,0.62,0.59089999999999998,0.78000000000000003,0.25370000000000004,2.0,0.0,6.0,0.0,815.0
1.0,8.0,19.0,2.0,0.62,0.59089999999999998,0.78000000000000003,0.19399999999999998,2.0,0.0,6.0,0.0,299.0
1.0,8.0,20.0,2.0,0.62,0.57579999999999998,0.82999999999999996,0.28360000000000002,2.0,0.0,6.0,0.0,261.0
1.0,8.0,21.0,1.0,0.60000000000000009,0.56059999999999999,0.82999999999999996,0.0,2.0,0.0,6.0,0.0,245.0
1.0,8.0,22.0,2.0,0.60000000000000009,0.56059999999999999,0.82999999999999996,0.0,2.0,0.0,6.0,0.0,161.0
1.0,8.0,23.0,2.0,0.60000000000000009,0.56059999999999999,0.82999999999999996,0.0,2.0,0.0,6.0,0.0,102.0
1.0,8.0,0.0,2.0,0.60000000000000009,0.56059999999999999,0.82999999999999996,0.089599999999999999,2.0,0.0,7.0,0.0,59.0
1.0,8.0,1.0,2.0,0.60000000000000009,0.56059999999999999,0.82999999999999996,0.1343,2.0,0.0,7.0,0.0,33.0
1.0,8.0,2.0,2.0,0.58000000000000007,0.54549999999999998,0.88,0.28360000000000002,2.0,0.0,7.0,0.0,8.0
1.0,8.0,3.0,1.0,0.56000000000000005,0.53029999999999999,0.88,0.0,2.0,0.0,7.0,0.0,3.0
1.0,8.0,4.0,1.0,0.56000000000000005,0.53029999999999999,0.88,0.0,2.0,0.0,7.0,0.0,4.0
1.0,8.0,5.0,1.0,0.56000000000000005,0.53029999999999999,0.82999999999999996,0.089599999999999999,2.0,0.0,7.0,0.0,34.0
1.0,8.0,6.0,1.0,0.56000000000000005,0.53029999999999999,0.82999999999999996,0.1045,2.0,0.0,7.0,0.0,169.0
1.0,8.0,7.0,1.0,0.60000000000000009,0.57579999999999998,0.78000000000000003,0.1045,2.0,0.0,7.0,0.0,519.0
1.0,8.0,8.0,1.0,0.60000000000000009,0.57579999999999998,0.78000000000000003,0.1343,2.0,0.0,7.0,0.0,723.0
1.0,8.0,9.0,1.0,0.64000000000000001,0.60609999999999997,0.68999999999999995,0.0,2.0,0.0,7.0,0.0,328.0
1.0,8.0,10.0,1.0,0.65999999999999992,0.62119999999999997,0.60999999999999999,0.1045,2.0,0.0,7.0,0.0,178.0
1.0,8.0,11.0,1.0,0.69999999999999996,0.65150000000000008,0.54000000000000004,0.0,2.0,0.0,7.0,0.0,256.0
1.0,8.0,12.0,1.0,0.71999999999999997,0.65150000000000008,0.45000000000000001,0.0,2.0,0.0,7.0,0.0,305.0
1.0,8.0,13.0,1.0,0.73999999999999999,0.65150000000000008,0.40000000000000002,0.0,2.0,0.0,7.0,0.0,331.0
1.0,8.0,14.0,1.0,0.76000000000000001,0.66670000000000007,0.37,0.089599999999999999,2.0,0.0,7.0,0.0,302.0
1.0,8.0,15.0,1.0,0.76000000000000001,0.66670000000000007,0.37,0.0,2.0,0.0,7.0,0.0,302.0
1.0,8.0,16.0,1.0,0.76000000000000001,0.66670000000000007,0.37,0.0,2.0,0.0,7.0,0.0,467.0
1.0,8.0,17.0,1.0,0.73999999999999999,0.66670000000000007,0.51000000000000001,0.28360000000000002,2.0,0.0,7.0,0.0,878.0
1.0,8.0,18.0,1.0,0.71999999999999997,0.66670000000000007,0.54000000000000004,0.22390000000000002,2.0,0.0,7.0,0.0,625.0
1.0,8.0,19.0,3.0,0.62,0.59089999999999998,0.72999999999999998,0.1045,2.0,0.0,7.0,0.0,476.0
1.0,8.0,20.0,1.0,0.64000000000000001,0.60609999999999997,0.72999999999999998,0.0,2.0,0.0,7.0,0.0,358.0
1.0,8.0,21.0,1.0,0.64000000000000001,0.60609999999999997,0.72999999999999998,0.0,2.0,0.0,7.0,0.0,280.0
1.0,8.0,22.0,1.0,0.64000000000000001,0.59089999999999998,0.78000000000000003,0.0,2.0,0.0,7.0,0.0,232.0
1.0,8.0,23.0,1.0,0.62,0.57579999999999998,0.82999999999999996,0.0,2.0,0.0,7.0,0.0,136.0
1.0,8.0,0.0,1.0,0.62,0.57579999999999998,0.82999999999999996,0.1045,2.0,0.0,1.0,1.0,55.0
1.0,8.0,1.0,1.0,0.62,0.59089999999999998,0.78000000000000003,0.0,2.0,0.0,1.0,1.0,21.0
1.0,8.0,2.0,1.0,0.62,0.59089999999999998,0.78000000000000003,0.0,2.0,0.0,1.0,1.0,17.0
1.0,8.0,3.0,1.0,0.62,0.59089999999999998,0.78000000000000003,0.0,2.0,0.0,1.0,1.0,7.0
1.0,8.0,4.0,1.0,0.58000000000000007,0.54549999999999998,0.82999999999999996,0.1045,2.0,0.0,1.0,1.0,8.0
1.0,8.0,5.0,1.0,0.60000000000000009,0.57579999999999998,0.78000000000000003,0.0,2.0,0.0,1.0,1.0,40.0
1.0,8.0,6.0,1.0,0.62,0.59089999999999998,0.72999999999999998,0.0,2.0,0.0,1.0,1.0,187.0
1.0,8.0,7.0,1.0,0.62,0.59089999999999998,0.78000000000000003,0.0,2.0,0.0,1.0,1.0,553.0
1.0,8.0,8.0,1.0,0.64000000000000001,0.60609999999999997,0.72999999999999998,0.089599999999999999,2.0,0.0,1.0,1.0,740.0
1.0,8.0,9.0,1.0,0.67999999999999994,0.63639999999999997,0.65000000000000002,0.0,2.0,0.0,1.0,1.0,376.0
1.0,8.0,10.0,1.0,0.69999999999999996,0.65150000000000008,0.60999999999999999,0.089599999999999999,2.0,0.0,1.0,1.0,225.0
1.0,8.0,11.0,1.0,0.71999999999999997,0.66670000000000007,0.57999999999999996,0.089599999999999999,2.0,0.0,1.0,1.0,267.0
1.0,8.0,12.0,1.0,0.73999999999999999,0.66670000000000007,0.51000000000000001,0.0,2.0,0.0,1.0,1.0,312.0
1.0,8.0,13.0,1.0,0.76000000000000001,0.68180000000000007,0.47999999999999998,0.1045,2.0,0.0,1.0,1.0,316.0
1.0,8.0,14.0,1.0,0.76000000000000001,0.68180000000000007,0.45000000000000001,0.1045,2.0,0.0,1.0,1.0,266.0
1.0,8.0,15.0,1.0,0.76000000000000001,0.68180000000000007,0.47999999999999998,0.1343,2.0,0.0,1.0,1.0,316.0
1.0,8.0,16.0,3.0,0.73999999999999999,0.68180000000000007,0.55000000000000004,0.22390000000000002,2.0,0.0,1.0,1.0,460.0
1.0,8.0,17.0,3.0,0.73999999999999999,0.68180000000000007,0.55000000000000004,0.22390000000000002,2.0,0.0,1.0,1.0,783.0
1.0,8.0,18.0,3.0,0.65999999999999992,0.62119999999999997,0.60999999999999999,0.22390000000000002,2.0,0.0,1.0,1.0,683.0
1.0,8.0,19.0,2.0,0.65999999999999992,0.62119999999999997,0.73999999999999999,0.0,2.0,0.0,1.0,1.0,580.0
1.0,8.0,20.0,1.0,0.64000000000000001,0.60609999999999997,0.72999999999999998,0.19399999999999998,2.0,0.0,1.0,1.0,391.0
1.0,8.0,21.0,1.0,0.64000000000000001,0.60609999999999997,0.72999999999999998,0.0,2.0,0.0,1.0,1.0,351.0
1.0,8.0,22.0,1.0,0.64000000000000001,0.60609999999999997,0.72999999999999998,0.0,2.0,0.0,1.0,1.0,281.0
1.0,8.0,23.0,1.0,0.64000000000000001,0.57579999999999998,0.82999999999999996,0.0,2.0,0.0,1.0,1.0,140.0
1.0,8.0,0.0,1.0,0.64000000000000001,0.59089999999999998,0.78000000000000003,0.0,2.0,0.0,2.0,1.0,60.0
1.0,8.0,1.0,1.0,0.62,0.57579999999999998,0.82999999999999996,0.0,2.0,0.0,2.0,1.0,25.0
1.0,8.0,2.0,1.0,0.62,0.57579999999999998,0.82999999999999996,0.0,2.0,0.0,2.0,1.0,20.0
1.0,8.0,3.0,1.0,0.62,0.57579999999999998,0.82999999999999996,0.089599999999999999,2.0,0.0,2.0,1.0,9.0
1.0,8.0,4.0,1.0,0.62,0.57579999999999998,0.82999999999999996,0.0,2.0,0.0,2.0,1.0,6.0
1.0,8.0,5.0,1.0,0.62,0.57579999999999998,0.82999999999999996,0.0,2.0,0.0,2.0,1.0,37.0
1.0,8.0,6.0,2.0,0.60000000000000009,0.54549999999999998,0.88,0.089599999999999999,2.0,0.0,2.0,1.0,192.0
1.0,8.0,7.0,2.0,0.62,0.57579999999999998,0.82999999999999996,0.089599999999999999,2.0,0.0,2.0,1.0,481.0
1.0,8.0,8.0,2.0,0.65999999999999992,0.62119999999999997,0.73999999999999999,0.089599999999999999,2.0,0.0,2.0,1.0,707.0
1.0,8.0,9.0,2.0,0.69999999999999996,0.65150000000000008,0.69999999999999996,0.0,2.0,0.0,2.0,1.0,412.0
1.0,8.0,10.0,1.0,0.73999999999999999,0.68180000000000007,0.57999999999999996,0.089599999999999999,2.0,0.0,2.0,1.0,233.0
1.0,8.0,11.0,1.0,0.76000000000000001,0.68180000000000007,0.47999999999999998,0.089599999999999999,2.0,0.0,2.0,1.0,278.0
1.0,8.0,12.0,1.0,0.78000000000000003,0.68180000000000007,0.38,0.0,2.0,0.0,2.0,1.0,332.0
1.0,8.0,13.0,1.0,0.81999999999999995,0.72730000000000006,0.38,0.089599999999999999,2.0,0.0,2.0,1.0,346.0
1.0,8.0,14.0,1.0,0.78000000000000003,0.69700000000000006,0.46000000000000002,0.22390000000000002,2.0,0.0,2.0,1.0,305.0
1.0,8.0,15.0,1.0,0.78000000000000003,0.69700000000000006,0.46000000000000002,0.1343,2.0,0.0,2.0,1.0,305.0
1.0,8.0,16.0,1.0,0.76000000000000001,0.68180000000000007,0.47999999999999998,0.16420000000000001,2.0,0.0,2.0,1.0,465.0
1.0,8.0,17.0,1.0,0.76000000000000001,0.68180000000000007,0.45000000000000001,0.22390000000000002,2.0,0.0,2.0,1.0,820.0
1.0,8.0,18.0,1.0,0.73999999999999999,0.66670000000000007,0.47999999999999998,0.22390000000000002,2.0,0.0,2.0,1.0,941.0
1.0,8.0,19.0,1.0,0.71999999999999997,0.66670000000000007,0.51000000000000001,0.089599999999999999,2.0,0.0,2.0,1.0,633.0
1.0,8.0,20.0,1.0,0.69999999999999996,0.65150000000000008,0.60999999999999999,0.1045,2.0,0.0,2.0,1.0,474.0
1.0,8.0,21.0,1.0,0.69999999999999996,0.65150000000000008,0.60999999999999999,0.1343,2.0,0.0,2.0,1.0,329.0
1.0,8.0,22.0,2.0,0.67999999999999994,0.63639999999999997,0.60999999999999999,0.1045,2.0,0.0,2.0,1.0,198.0
1.0,8.0,23.0,2.0,0.65999999999999992,0.62119999999999997,0.68999999999999995,0.0,2.0,0.0,2.0,1.0,157.0
1.0,8.0,0.0,2.0,0.65999999999999992,0.62119999999999997,0.68999999999999995,0.0,2.0,0.0,3.0,1.0,111.0
1.0,8.0,1.0,2.0,0.64000000000000001,0.60609999999999997,0.72999999999999998,0.0,2.0,0.0,3.0,1.0,42.0
1.0,8.0,2.0,1.0,0.65999999999999992,0.62119999999999997,0.68999999999999995,0.0,2.0,0.0,3.0,1.0,16.0
1.0,8.0,3.0,1.0,0.64000000000000001,0.60609999999999997,0.72999999999999998,0.0,2.0,0.0,3.0,1.0,8.0
1.0,8.0,4.0,2.0,0.64000000000000001,0.60609999999999997,0.72999999999999998,0.0,2.0,0.0,3.0,1.0,8.0
1.0,8.0,5.0,1.0,0.64000000000000001,0.59089999999999998,0.78000000000000003,0.0,2.0,0.0,3.0,1.0,38.0
1.0,8.0,6.0,2.0,0.62,0.57579999999999998,0.82999999999999996,0.0,2.0,0.0,3.0,1.0,151.0
1.0,8.0,7.0,2.0,0.64000000000000001,0.59089999999999998,0.78000000000000003,0.0,2.0,0.0,3.0,1.0,425.0
1.0,8.0,8.0,2.0,0.65999999999999992,0.62119999999999997,0.73999999999999999,0.0,2.0,0.0,3.0,1.0,744.0
1.0,8.0,9.0,2.0,0.71999999999999997,0.66670000000000007,0.57999999999999996,0.0,2.0,0.0,3.0,1.0,389.0
1.0,8.0,10.0,2.0,0.76000000000000001,0.68180000000000007,0.47999999999999998,0.0,2.0,0.0,3.0,1.0,262.0
1.0,8.0,11.0,2.0,0.76000000000000001,0.68180000000000007,0.47999999999999998,0.1045,2.0,0.0,3.0,1.0,281.0
1.0,8.0,12.0,2.0,0.76000000000000001,0.68180000000000007,0.45000000000000001,0.089599999999999999,2.0,0.0,3.0,1.0,371.0
1.0,8.0,13.0,2.0,0.79999999999999993,0.71209999999999996,0.40999999999999998,0.1045,2.0,0.0,3.0,1.0,351.0
1.0,8.0,14.0,1.0,0.78000000000000003,0.69700000000000006,0.42999999999999999,0.1045,2.0,0.0,3.0,1.0,338.0
1.0,8.0,15.0,2.0,0.76000000000000001,0.68180000000000007,0.47999999999999998,0.1343,2.0,0.0,3.0,1.0,350.0
1.0,8.0,16.0,2.0,0.76000000000000001,0.68180000000000007,0.47999999999999998,0.1343,2.0,0.0,3.0,1.0,515.0
1.0,8.0,17.0,2.0,0.73999999999999999,0.66670000000000007,0.51000000000000001,0.22390000000000002,2.0,0.0,3.0,1.0,812.0
1.0,8.0,18.0,2.0,0.71999999999999997,0.68180000000000007,0.62,0.19399999999999998,2.0,0.0,3.0,1.0,736.0
1.0,8.0,19.0,2.0,0.71999999999999997,0.66670000000000007,0.57999999999999996,0.16420000000000001,2.0,0.0,3.0,1.0,536.0
1.0,8.0,20.0,2.0,0.69999999999999996,0.65150000000000008,0.65000000000000002,0.22390000000000002,2.0,0.0,3.0,1.0,363.0
1.0,8.0,21.0,2.0,0.69999999999999996,0.65150000000000008,0.60999999999999999,0.16420000000000001,2.0,0.0,3.0,1.0,306.0
1.0,8.0,22.0,2.0,0.69999999999999996,0.65150000000000008,0.60999999999999999,0.0,2.0,0.0,3.0,1.0,251.0
1.0,8.0,23.0,2.0,0.67999999999999994,0.63639999999999997,0.68999999999999995,0.089599999999999999,2.0,0.0,3.0,1.0,178.0
1.0,8.0,0.0,2.0,0.69999999999999996,0.65150000000000008,0.60999999999999999,0.0,2.0,0.0,4.0,1.0,135.0
1.0,8.0,1.0,2.0,0.67999999999999994,0.63639999999999997,0.68999999999999995,0.0,2.0,0.0,4.0,1.0,115.0
1.0,8.0,2.0,2.0,0.65999999999999992,0.62119999999999997,0.73999999999999999,0.089599999999999999,2.0,0.0,4.0,1.0,79.0
1.0,8.0,3.0,1.0,0.65999999999999992,0.62119999999999997,0.68999999999999995,0.089599999999999999,2.0,0.0,4.0,1.0,38.0
1.0,8.0,4.0,2.0,0.65999999999999992,0.62119999999999997,0.68999999999999995,0.1045,2.0,0.0,4.0,1.0,12.0
1.0,8.0,5.0,2.0,0.64000000000000001,0.60609999999999997,0.72999999999999998,0.16420000000000001,2.0,0.0,4.0,1.0,14.0
1.0,8.0,6.0,2.0,0.64000000000000001,0.59089999999999998,0.78000000000000003,0.16420000000000001,2.0,0.0,4.0,1.0,30.0
1.0,8.0,7.0,2.0,0.64000000000000001,0.59089999999999998,0.78000000000000003,0.19399999999999998,2.0,0.0,4.0,1.0,102.0
1.0,8.0,8.0,2.0,0.65999999999999992,0.62119999999999997,0.73999999999999999,0.25370000000000004,2.0,0.0,4.0,1.0,162.0
1.0,8.0,9.0,2.0,0.67999999999999994,0.63639999999999997,0.68999999999999995,0.28360000000000002,2.0,0.0,4.0,1.0,288.0
1.0,8.0,10.0,2.0,0.69999999999999996,0.65150000000000008,0.65000000000000002,0.29850000000000004,2.0,0.0,4.0,1.0,442.0
1.0,8.0,11.0,2.0,0.71999999999999997,0.68180000000000007,0.62,0.28360000000000002,2.0,0.0,4.0,1.0,457.0
1.0,8.0,12.0,3.0,0.71999999999999997,0.66670000000000007,0.54000000000000004,0.3881,2.0,0.0,4.0,1.0,584.0
1.0,8.0,13.0,2.0,0.71999999999999997,0.66670000000000007,0.51000000000000001,0.35820000000000002,2.0,0.0,4.0,1.0,517.0
1.0,8.0,14.0,3.0,0.65999999999999992,0.62119999999999997,0.65000000000000002,0.25370000000000004,2.0,0.0,4.0,1.0,482.0
1.0,8.0,15.0,2.0,0.64000000000000001,0.60609999999999997,0.72999999999999998,0.32840000000000003,2.0,0.0,4.0,1.0,233.0
1.0,8.0,16.0,2.0,0.65999999999999992,0.62119999999999997,0.73999999999999999,0.29850000000000004,2.0,0.0,4.0,1.0,434.0
1.0,8.0,17.0,2.0,0.65999999999999992,0.62119999999999997,0.73999999999999999,0.32840000000000003,2.0,0.0,4.0,1.0,403.0
1.0,8.0,18.0,2.0,0.65999999999999992,0.62119999999999997,0.68999999999999995,0.4627,2.0,0.0,4.0,1.0,383.0
1.0,8.0,19.0,2.0,0.64000000000000001,0.59089999999999998,0.78000000000000003,0.29850000000000004,2.0,0.0,4.0,1.0,354.0
1.0,8.0,20.0,3.0,0.62,0.57579999999999998,0.82999999999999996,0.25370000000000004,2.0,0.0,4.0,1.0,241.0
1.0,8.0,21.0,1.0,0.62,0.57579999999999998,0.82999999999999996,0.35820000000000002,2.0,0.0,4.0,1.0,208.0
1.0,8.0,22.0,1.0,0.62,0.57579999999999998,0.82999999999999996,0.35820000000000002,2.0,0.0,4.0,1.0,182.0
1.0,8.0,23.0,2.0,0.62,0.57579999999999998,0.82999999999999996,0.25370000000000004,2.0,0.0,4.0,1.0,158.0
1.0,8.0,0.0,1.0,0.64000000000000001,0.57579999999999998,0.89000000000000001,0.25370000000000004,2.0,0.0,5.0,1.0,134.0
1.0,8.0,1.0,1.0,0.64000000000000001,0.57579999999999998,0.89000000000000001,0.19399999999999998,2.0,0.0,5.0,1.0,134.0
1.0,8.0,2.0,2.0,0.64000000000000001,0.57579999999999998,0.89000000000000001,0.22390000000000002,2.0,0.0,5.0,1.0,116.0
1.0,8.0,3.0,2.0,0.64000000000000001,0.57579999999999998,0.89000000000000001,0.25370000000000004,2.0,0.0,5.0,1.0,53.0
1.0,8.0,4.0,2.0,0.64000000000000001,0.57579999999999998,0.89000000000000001,0.19399999999999998,2.0,0.0,5.0,1.0,16.0
1.0,8.0,5.0,1.0,0.64000000000000001,0.57579999999999998,0.89000000000000001,0.19399999999999998,2.0,0.0,5.0,1.0,16.0
1.0,8.0,6.0,1.0,0.62,0.56059999999999999,0.88,0.29850000000000004,2.0,0.0,5.0,1.0,21.0
1.0,8.0,7.0,1.0,0.64000000000000001,0.57579999999999998,0.89000000000000001,0.19399999999999998,2.0,0.0,5.0,1.0,34.0
1.0,8.0,8.0,1.0,0.67999999999999994,0.63639999999999997,0.79000000000000004,0.28360000000000002,2.0,0.0,5.0,1.0,133.0
1.0,8.0,9.0,1.0,0.67999999999999994,0.63639999999999997,0.79000000000000004,0.25370000000000004,2.0,0.0,5.0,1.0,263.0
1.0,8.0,10.0,1.0,0.73999999999999999,0.69700000000000006,0.66000000000000003,0.3881,2.0,0.0,5.0,1.0,385.0
1.0,8.0,11.0,1.0,0.73999999999999999,0.69700000000000006,0.66000000000000003,0.35820000000000002,2.0,0.0,5.0,1.0,482.0
1.0,8.0,12.0,3.0,0.71999999999999997,0.69700000000000006,0.73999999999999999,0.35820000000000002,2.0,0.0,5.0,1.0,626.0
1.0,8.0,13.0,3.0,0.65999999999999992,0.60609999999999997,0.78000000000000003,0.41790000000000005,2.0,0.0,5.0,1.0,541.0
1.0,8.0,14.0,1.0,0.64000000000000001,0.57579999999999998,0.89000000000000001,0.1045,2.0,0.0,5.0,1.0,377.0
1.0,8.0,15.0,3.0,0.64000000000000001,0.57579999999999998,0.89000000000000001,0.28360000000000002,2.0,0.0,5.0,1.0,391.0
1.0,8.0,16.0,3.0,0.64000000000000001,0.57579999999999998,0.89000000000000001,0.28360000000000002,2.0,0.0,5.0,1.0,173.0
1.0,8.0,17.0,1.0,0.64000000000000001,0.57579999999999998,0.89000000000000001,0.22390000000000002,2.0,0.0,5.0,1.0,233.0
1.0,8.0,18.0,2.0,0.64000000000000001,0.57579999999999998,0.89000000000000001,0.089599999999999999,2.0,0.0,5.0,1.0,264.0
1.0,8.0,19.0,2.0,0.64000000000000001,0.57579999999999998,0.89000000000000001,0.16420000000000001,2.0,0.0,5.0,1.0,292.0
1.0,8.0,20.0,1.0,0.64000000000000001,0.57579999999999998,0.89000000000000001,0.16420000000000001,2.0,0.0,5.0,1.0,211.0
1.0,8.0,21.0,1.0,0.64000000000000001,0.57579999999999998,0.82999999999999996,0.1343,2.0,0.0,5.0,1.0,166.0
1.0,8.0,22.0,1.0,0.62,0.56059999999999999,0.88,0.089599999999999999,2.0,0.0,5.0,1.0,114.0
1.0,8.0,23.0,1.0,0.62,0.57579999999999998,0.82999999999999996,0.089599999999999999,2.0,0.0,5.0,1.0,80.0
1.0,8.0,0.0,1.0,0.62,0.57579999999999998,0.82999999999999996,0.0,2.0,0.0,6.0,0.0,32.0
1.0,8.0,1.0,1.0,0.62,0.56059999999999999,0.88,0.089599999999999999,2.0,0.0,6.0,0.0,7.0
1.0,8.0,2.0,1.0,0.62,0.56059999999999999,0.88,0.1343,2.0,0.0,6.0,0.0,8.0
1.0,8.0,3.0,1.0,0.62,0.56059999999999999,0.88,0.089599999999999999,2.0,0.0,6.0,0.0,4.0
1.0,8.0,4.0,1.0,0.62,0.57579999999999998,0.82999999999999996,0.0,2.0,0.0,6.0,0.0,12.0
1.0,8.0,5.0,1.0,0.62,0.56059999999999999,0.88,0.0,2.0,0.0,6.0,0.0,36.0
1.0,8.0,6.0,1.0,0.62,0.56059999999999999,0.88,0.0,2.0,0.0,6.0,0.0,145.0
1.0,8.0,7.0,1.0,0.65999999999999992,0.60609999999999997,0.82999999999999996,0.0,2.0,0.0,6.0,0.0,433.0
1.0,8.0,8.0,1.0,0.65999999999999992,0.60609999999999997,0.82999999999999996,0.089599999999999999,2.0,0.0,6.0,0.0,699.0
1.0,8.0,9.0,1.0,0.65999999999999992,0.60609999999999997,0.82999999999999996,0.1045,2.0,0.0,6.0,0.0,342.0
1.0,8.0,10.0,1.0,0.71999999999999997,0.69700000000000006,0.73999999999999999,0.1343,2.0,0.0,6.0,0.0,206.0
1.0,8.0,11.0,1.0,0.73999999999999999,0.69700000000000006,0.66000000000000003,0.19399999999999998,2.0,0.0,6.0,0.0,229.0
1.0,8.0,12.0,1.0,0.76000000000000001,0.71209999999999996,0.62,0.0,2.0,0.0,6.0,0.0,283.0
1.0,8.0,13.0,1.0,0.76000000000000001,0.71209999999999996,0.56999999999999995,0.16420000000000001,2.0,0.0,6.0,0.0,288.0
1.0,8.0,14.0,1.0,0.79999999999999993,0.74239999999999995,0.48999999999999999,0.089599999999999999,2.0,0.0,6.0,0.0,246.0
1.0,8.0,15.0,1.0,0.79999999999999993,0.75760000000000005,0.55000000000000004,0.29850000000000004,2.0,0.0,6.0,0.0,282.0
1.0,8.0,16.0,1.0,0.79999999999999993,0.75760000000000005,0.55000000000000004,0.25370000000000004,2.0,0.0,6.0,0.0,444.0
1.0,8.0,17.0,1.0,0.79999999999999993,0.72730000000000006,0.46000000000000002,0.22390000000000002,2.0,0.0,6.0,0.0,845.0
1.0,8.0,18.0,1.0,0.78000000000000003,0.71209999999999996,0.52000000000000002,0.25370000000000004,2.0,0.0,6.0,0.0,834.0
1.0,8.0,19.0,1.0,0.73999999999999999,0.69700000000000006,0.69999999999999996,0.22390000000000002,2.0,0.0,6.0,0.0,573.0
1.0,8.0,20.0,1.0,0.73999999999999999,0.69700000000000006,0.69999999999999996,0.19399999999999998,2.0,0.0,6.0,0.0,416.0
1.0,8.0,21.0,1.0,0.71999999999999997,0.69700000000000006,0.73999999999999999,0.19399999999999998,2.0,0.0,6.0,0.0,278.0
1.0,8.0,22.0,1.0,0.69999999999999996,0.66670000000000007,0.83999999999999997,0.19399999999999998,2.0,0.0,6.0,0.0,161.0
1.0,8.0,23.0,1.0,0.69999999999999996,0.66670000000000007,0.83999999999999997,0.16420000000000001,2.0,0.0,6.0,0.0,114.0
1.0,8.0,0.0,1.0,0.69999999999999996,0.66670000000000007,0.83999999999999997,0.25370000000000004,2.0,0.0,7.0,0.0,38.0
1.0,8.0,1.0,1.0,0.67999999999999994,0.63639999999999997,0.89000000000000001,0.19399999999999998,2.0,0.0,7.0,0.0,21.0
1.0,8.0,11.51278600269179,1.0,0.67999999999999994,0.63639999999999997,0.82999999999999996,0.25370000000000004,2.0,0.0,7.0,0.0,15.0
1.0,8.0,3.0,1.0,0.65999999999999992,0.59089999999999998,0.89000000000000001,0.1343,2.0,0.0,7.0,0.0,4.0
1.0,8.0,4.0,1.0,0.65999999999999992,0.60609999999999997,0.82999999999999996,0.1343,2.0,0.0,7.0,0.0,8.0
1.0,8.0,5.0,2.0,0.65999999999999992,0.60609999999999997,0.82999999999999996,0.089599999999999999,2.0,0.0,7.0,0.0,42.0
1.0,8.0,6.0,2.0,0.65999999999999992,0.59089999999999998,0.89000000000000001,0.1045,2.0,0.0,7.0,0.0,147.0
1.0,8.0,7.0,2.0,0.65999999999999992,0.60609999999999997,0.82999999999999996,0.1045,2.0,0.0,7.0,0.0,269.0
1.0,8.0,8.0,2.0,0.65999999999999992,0.62119999999999997,0.84999999999999998,0.1045,2.0,0.0,7.0,0.0,693.0
1.0,8.0,9.0,2.0,0.69999999999999996,0.66670000000000007,0.79000000000000004,0.16420000000000001,2.0,0.0,7.0,0.0,395.0
1.0,8.0,10.0,1.0,0.73999999999999999,0.68180000000000007,0.62,0.25370000000000004,2.0,0.0,7.0,0.0,204.0
1.0,8.0,11.0,1.0,0.78000000000000003,0.72730000000000006,0.55000000000000004,0.25370000000000004,2.0,0.0,7.0,0.0,218.0
1.0,8.0,12.0,1.0,0.79999999999999993,0.74239999999999995,0.48999999999999999,0.28360000000000002,2.0,0.0,7.0,0.0,297.0
1.0,8.0,13.0,1.0,0.81999999999999995,0.74239999999999995,0.42999999999999999,0.29850000000000004,2.0,0.0,7.0,0.0,288.0
1.0,8.0,14.0,1.0,0.83999999999999997,0.74239999999999995,0.38,0.32840000000000003,2.0,0.0,7.0,0.0,251.0
1.0,8.0,15.0,1.0,0.81999999999999995,0.72730000000000006,0.34000000000000002,0.29850000000000004,2.0,0.0,7.0,0.0,317.0
1.0,8.0,16.0,1.0,0.81999999999999995,0.71209999999999996,0.33000000000000002,0.32840000000000003,2.0,0.0,7.0,0.0,480.0
1.0,8.0,17.0,1.0,0.79999999999999993,0.69700000000000006,0.34999999999999998,0.3881,2.0,0.0,7.0,0.0,864.0
1.0,8.0,18.0,1.0,0.78000000000000003,0.69700000000000006,0.40000000000000002,0.25370000000000004,2.0,0.0,7.0,0.0,818.0
1.0,8.0,19.0,1.0,0.73999999999999999,0.66670000000000007,0.45000000000000001,0.16420000000000001,2.0,0.0,7.0,0.0,597.0
1.0,8.0,20.0,1.0,0.71999999999999997,0.66670000000000007,0.47999999999999998,0.1045,2.0,0.0,7.0,0.0,435.0
1.0,8.0,21.0,1.0,0.71999999999999997,0.66670000000000007,0.47999999999999998,0.089599999999999999,2.0,0.0,7.0,0.0,314.0
1.0,8.0,22.0,1.0,0.69999999999999996,0.65150000000000008,0.54000000000000004,0.0,2.0,0.0,7.0,0.0,216.0
1.0,8.0,23.0,1.0,0.67999999999999994,0.63639999999999997,0.56999999999999995,0.0,2.0,0.0,7.0,0.0,109.0
1.0,8.0,0.0,1.0,0.65999999999999992,0.62119999999999997,0.68999999999999995,0.0,2.0,0.0,1.0,1.0,47.0
1.0,8.0,1.0,1.0,0.64000000000000001,0.60609999999999997,0.68999999999999995,0.1343,2.0,0.0,1.0,1.0,14.0
1.0,8.0,2.0,1.0,0.62,0.59089999999999998,0.72999999999999998,0.1343,2.0,0.0,1.0,1.0,6.0
1.0,8.0,3.0,1.0,0.62,0.59089999999999998,0.72999999999999998,0.1045,2.0,0.0,1.0,1.0,9.0
1.0,8.0,4.0,1.0,0.60000000000000009,0.59089999999999998,0.72999999999999998,0.22390000000000002,2.0,0.0,1.0,1.0,10.0
1.0,8.0,5.0,1.0,0.60000000000000009,0.59089999999999998,0.72999999999999998,0.19399999999999998,2.0,0.0,1.0,1.0,40.0
1.0,8.0,6.0,1.0,0.60000000000000009,0.59089999999999998,0.72999999999999998,0.19399999999999998,2.0,0.0,1.0,1.0,181.0
1.0,8.0,7.0,1.0,0.64000000000000001,0.60609999999999997,0.65000000000000002,0.089599999999999999,2.0,0.0,1.0,1.0,554.0
1.0,8.0,8.0,1.0,0.65999999999999992,0.62119999999999997,0.60999999999999999,0.16420000000000001,2.0,0.0,1.0,1.0,808.0
1.0,8.0,9.0,1.0,0.69999999999999996,0.65150000000000008,0.51000000000000001,0.19399999999999998,2.0,0.0,1.0,1.0,348.0
1.0,8.0,10.0,1.0,0.71999999999999997,0.66670000000000007,0.47999999999999998,0.16420000000000001,2.0,0.0,1.0,1.0,178.0
1.0,8.0,11.0,1.0,0.71999999999999997,0.65150000000000008,0.45000000000000001,0.0,2.0,0.0,1.0,1.0,253.0
1.0,8.0,12.0,1.0,0.76000000000000001,0.68180000000000007,0.40000000000000002,0.0,2.0,0.0,1.0,1.0,360.0
1.0,8.0,13.0,1.0,0.73999999999999999,0.66670000000000007,0.41999999999999998,0.0,2.0,0.0,1.0,1.0,300.0
1.0,8.0,14.0,1.0,0.76000000000000001,0.68180000000000007,0.40000000000000002,0.089599999999999999,2.0,0.0,1.0,1.0,301.0
1.0,8.0,15.0,1.0,0.76000000000000001,0.68180000000000007,0.40000000000000002,0.19399999999999998,2.0,0.0,1.0,1.0,338.0
1.0,8.0,16.0,1.0,0.76000000000000001,0.66670000000000007,0.37,0.1343,2.0,0.0,1.0,1.0,493.0
1.0,8.0,17.0,1.0,0.78000000000000003,0.68180000000000007,0.34999999999999998,0.22390000000000002,2.0,0.0,1.0,1.0,870.0
1.0,8.0,18.0,1.0,0.73999999999999999,0.66670000000000007,0.41999999999999998,0.16420000000000001,2.0,0.0,1.0,1.0,812.0
1.0,8.0,19.0,1.0,0.69999999999999996,0.65150000000000008,0.54000000000000004,0.19399999999999998,2.0,0.0,1.0,1.0,643.0
1.0,8.0,20.0,1.0,0.67999999999999994,0.63639999999999997,0.56999999999999995,0.0,2.0,0.0,1.0,1.0,427.0
1.0,8.0,21.0,1.0,0.65999999999999992,0.62119999999999997,0.54000000000000004,0.1045,2.0,0.0,1.0,1.0,313.0
1.0,8.0,22.0,1.0,0.65999999999999992,0.62119999999999997,0.54000000000000004,0.0,2.0,0.0,1.0,1.0,235.0
1.0,8.0,23.0,1.0,0.65999999999999992,0.62119999999999997,0.56999999999999995,0.0,2.0,0.0,1.0,1.0,157.0
1.0,8.0,0.0,1.0,0.64000000000000001,0.60609999999999997,0.68999999999999995,0.0,2.0,0.0,2.0,1.0,65.0
1.0,8.0,1.0,1.0,0.64000000000000001,0.60609999999999997,0.65000000000000002,0.0,2.0,0.0,2.0,1.0,23.0
1.0,8.0,2.0,1.0,0.62,0.59089999999999998,0.72999999999999998,0.0,2.0,0.0,2.0,1.0,17.0
1.0,8.0,3.0,1.0,0.62,0.59089999999999998,0.72999999999999998,0.0,2.0,0.0,2.0,1.0,5.0
1.0,8.0,4.0,1.0,0.62,0.59089999999999998,0.72999999999999998,0.0,2.0,0.0,2.0,1.0,8.0
1.0,8.0,5.0,1.0,0.62,0.59089999999999998,0.72999999999999998,0.0,2.0,0.0,2.0,1.0,35.0
1.0,8.0,6.0,1.0,0.60000000000000009,0.56059999999999999,0.82999999999999996,0.16420000000000001,2.0,0.0,2.0,1.0,163.0
1.0,8.0,7.0,1.0,0.64000000000000001,0.60609999999999997,0.72999999999999998,0.0,2.0,0.0,2.0,1.0,532.0
1.0,8.0,8.0,1.0,0.65999999999999992,0.62119999999999997,0.65000000000000002,0.0,2.0,0.0,2.0,1.0,754.0
1.0,8.0,9.0,1.0,0.69999999999999996,0.65150000000000008,0.57999999999999996,0.0,2.0,0.0,2.0,1.0,396.0
1.0,8.0,10.0,1.0,0.71999999999999997,0.66670000000000007,0.54000000000000004,0.0,2.0,0.0,2.0,1.0,234.0
1.0,8.0,11.0,1.0,0.76000000000000001,0.68180000000000007,0.40000000000000002,0.089599999999999999,2.0,0.0,2.0,1.0,276.0
1.0,8.0,12.0,1.0,0.76000000000000001,0.68180000000000007,0.45000000000000001,0.1343,2.0,0.0,2.0,1.0,294.0
1.0,8.0,13.0,1.0,0.76000000000000001,0.68180000000000007,0.47999999999999998,0.1045,2.0,0.0,2.0,1.0,290.0
1.0,8.0,14.0,1.0,0.76000000000000001,0.68180000000000007,0.47999999999999998,0.1343,2.0,0.0,2.0,1.0,273.0
1.0,8.0,15.0,1.0,0.79999999999999993,0.72730000000000006,0.46000000000000002,0.16420000000000001,2.0,0.0,2.0,1.0,338.0
1.0,8.0,16.0,1.0,0.79999999999999993,0.72730000000000006,0.42999999999999999,0.16420000000000001,2.0,0.0,2.0,1.0,482.0
1.0,8.0,17.0,1.0,0.81999999999999995,0.72730000000000006,0.34000000000000002,0.22390000000000002,2.0,0.0,2.0,1.0,844.0
1.0,8.0,18.0,1.0,0.79999999999999993,0.71209999999999996,0.38,0.1343,2.0,0.0,2.0,1.0,853.0
1.0,8.0,19.0,1.0,0.76000000000000001,0.68180000000000007,0.47999999999999998,0.1343,2.0,0.0,2.0,1.0,610.0
1.0,8.0,20.0,1.0,0.73999999999999999,0.68180000000000007,0.57999999999999996,0.16420000000000001,2.0,0.0,2.0,1.0,471.0
1.0,8.0,21.0,1.0,0.71999999999999997,0.68180000000000007,0.66000000000000003,0.1343,2.0,0.0,2.0,1.0,307.0
1.0,8.0,22.0,1.0,0.69999999999999996,0.65150000000000008,0.69999999999999996,0.0,2.0,0.0,2.0,1.0,291.0
1.0,8.0,23.0,1.0,0.69999999999999996,0.66670000000000007,0.73999999999999999,0.1045,2.0,0.0,2.0,1.0,152.0
1.0,8.0,0.0,1.0,0.67999999999999994,0.63639999999999997,0.82999999999999996,0.16420000000000001,2.0,0.0,3.0,1.0,82.0
1.0,8.0,1.0,1.0,0.67999999999999994,0.63639999999999997,0.82999999999999996,0.16420000000000001,2.0,0.0,3.0,1.0,32.0
1.0,8.0,2.0,1.0,0.65999999999999992,0.59089999999999998,0.89000000000000001,0.1343,2.0,0.0,3.0,1.0,20.0
1.0,8.0,3.0,1.0,0.65999999999999992,0.59089999999999998,0.89000000000000001,0.1045,2.0,0.0,3.0,1.0,5.0
1.0,8.0,4.0,1.0,0.64000000000000001,0.57579999999999998,0.89000000000000001,0.1343,2.0,0.0,3.0,1.0,7.0
1.0,8.0,5.0,1.0,0.64000000000000001,0.57579999999999998,0.89000000000000001,0.16420000000000001,2.0,0.0,3.0,1.0,29.0
1.0,8.0,6.0,2.0,0.64000000000000001,0.57579999999999998,0.89000000000000001,0.16420000000000001,2.0,0.0,3.0,1.0,108.0
1.0,8.0,7.0,2.0,0.64000000000000001,0.57579999999999998,0.89000000000000001,0.089599999999999999,2.0,0.0,3.0,1.0,421.0
1.0,8.0,8.0,2.0,0.69999999999999996,0.66670000000000007,0.73999999999999999,0.0,2.0,0.0,3.0,1.0,690.0
1.0,8.0,9.0,1.0,0.73999999999999999,0.69700000000000006,0.69999999999999996,0.0,2.0,0.0,3.0,1.0,398.0
1.0,8.0,10.0,1.0,0.76000000000000001,0.71209999999999996,0.62,0.089599999999999999,2.0,0.0,3.0,1.0,256.0
1.0,8.0,11.0,1.0,0.85999999999999999,0.74239999999999995,0.28000000000000003,0.29850000000000004,2.0,0.0,3.0,1.0,309.0
1.0,8.0,12.0,1.0,0.85999999999999999,0.74239999999999995,0.26000000000000001,0.25370000000000004,2.0,0.0,3.0,1.0,410.0
1.0,8.0,13.0,1.0,0.88,0.75760000000000005,0.27000000000000002,0.32840000000000003,2.0,0.0,3.0,1.0,368.0
1.0,8.0,14.0,1.0,0.89999999999999991,0.77269999999999994,0.25,0.22390000000000002,2.0,0.0,3.0,1.0,436.0
1.0,8.0,15.0,1.0,0.89999999999999991,0.78790000000000004,0.27000000000000002,0.29850000000000004,2.0,0.0,3.0,1.0,526.0
1.0,8.0,16.0,1.0,0.89999999999999991,0.78790000000000004,0.27000000000000002,0.25370000000000004,2.0,0.0,3.0,1.0,528.0
1.0,8.0,17.0,1.0,0.88,0.77269999999999994,0.32000000000000001,0.16420000000000001,2.0,0.0,3.0,1.0,617.0
1.0,8.0,18.0,1.0,0.85999999999999999,0.75760000000000005,0.35999999999999999,0.25370000000000004,2.0,0.0,3.0,1.0,546.0
1.0,8.0,19.0,1.0,0.79999999999999993,0.74239999999999995,0.48999999999999999,0.1343,2.0,0.0,3.0,1.0,452.0
1.0,8.0,20.0,1.0,0.79999999999999993,0.74239999999999995,0.48999999999999999,0.1343,2.0,0.0,3.0,1.0,356.0
1.0,8.0,21.0,1.0,0.76000000000000001,0.71209999999999996,0.57999999999999996,0.19399999999999998,2.0,0.0,3.0,1.0,303.0
1.0,8.0,22.0,1.0,0.76000000000000001,0.71209999999999996,0.57999999999999996,0.19399999999999998,2.0,0.0,3.0,1.0,277.0
1.0,8.0,23.0,1.0,0.73999999999999999,0.68180000000000007,0.62,0.1045,2.0,0.0,3.0,1.0,174.0
1.0,9.0,0.0,1.0,0.73999999999999999,0.68180000000000007,0.62,0.1045,2.0,0.0,4.0,1.0,168.0
1.0,9.0,1.0,1.0,0.71999999999999997,0.69700000000000006,0.73999999999999999,0.1343,2.0,0.0,4.0,1.0,79.0
1.0,9.0,2.0,1.0,0.69999999999999996,0.65150000000000008,0.69999999999999996,0.16420000000000001,2.0,0.0,4.0,1.0,69.0
1.0,9.0,3.0,1.0,0.69999999999999996,0.65150000000000008,0.69999999999999996,0.1045,2.0,0.0,4.0,1.0,35.0
1.0,9.0,4.0,1.0,0.69999999999999996,0.65150000000000008,0.69999999999999996,0.0,2.0,0.0,4.0,1.0,12.0
1.0,9.0,5.0,1.0,0.67999999999999994,0.63639999999999997,0.79000000000000004,0.0,2.0,0.0,4.0,1.0,22.0
1.0,9.0,6.0,1.0,0.67999999999999994,0.63639999999999997,0.79000000000000004,0.0,2.0,0.0,4.0,1.0,36.0
1.0,9.0,7.0,2.0,0.73999999999999999,0.68180000000000007,0.57999999999999996,0.1343,2.0,0.0,4.0,1.0,66.0
1.0,9.0,8.0,2.0,0.76000000000000001,0.71209999999999996,0.57999999999999996,0.25370000000000004,2.0,0.0,4.0,1.0,162.0
1.0,9.0,9.0,2.0,0.76000000000000001,0.71209999999999996,0.57999999999999996,0.19399999999999998,2.0,0.0,4.0,1.0,237.0
1.0,9.0,10.0,2.0,0.78000000000000003,0.72730000000000006,0.55000000000000004,0.19399999999999998,2.0,0.0,4.0,1.0,417.0
1.0,9.0,11.0,2.0,0.79999999999999993,0.75760000000000005,0.55000000000000004,0.22390000000000002,2.0,0.0,4.0,1.0,492.0
1.0,9.0,12.0,2.0,0.79999999999999993,0.75760000000000005,0.55000000000000004,0.16420000000000001,2.0,0.0,4.0,1.0,471.0
1.0,9.0,13.0,2.0,0.81999999999999995,0.77269999999999994,0.52000000000000002,0.089599999999999999,2.0,0.0,4.0,1.0,504.0
1.0,9.0,14.0,2.0,0.85999999999999999,0.78790000000000004,0.44,0.16420000000000001,2.0,0.0,4.0,1.0,514.0
1.0,9.0,15.0,2.0,0.85999999999999999,0.78790000000000004,0.44,0.28360000000000002,2.0,0.0,4.0,1.0,563.0
1.0,9.0,16.0,2.0,0.83999999999999997,0.78790000000000004,0.48999999999999999,0.16420000000000001,2.0,0.0,4.0,1.0,462.0
1.0,9.0,17.0,2.0,0.81999999999999995,0.77269999999999994,0.52000000000000002,0.0,2.0,0.0,4.0,1.0,463.0
1.0,9.0,18.0,2.0,0.81999999999999995,0.77269999999999994,0.52000000000000002,0.0,2.0,0.0,4.0,1.0,442.0
1.0,9.0,19.0,3.0,0.78000000000000003,0.74239999999999995,0.62,0.0,2.0,0.0,4.0,1.0,392.0
1.0,9.0,20.0,3.0,0.76000000000000001,0.72730000000000006,0.67000000000000004,0.25370000000000004,2.0,0.0,4.0,1.0,207.0
1.0,9.0,21.0,3.0,0.64000000000000001,0.57579999999999998,0.89000000000000001,0.0,2.0,0.0,4.0,1.0,104.0
1.0,9.0,22.0,2.0,0.65999999999999992,0.59089999999999998,0.89000000000000001,0.0,2.0,0.0,4.0,1.0,78.0
1.0,9.0,23.0,1.0,0.65999999999999992,0.59089999999999998,0.89000000000000001,0.089599999999999999,2.0,0.0,4.0,1.0,145.0
1.0,9.0,0.0,2.0,0.65999999999999992,0.59089999999999998,0.89000000000000001,0.089599999999999999,2.0,0.0,5.0,1.0,99.0
1.0,9.0,1.0,1.0,0.65999999999999992,0.59089999999999998,0.89000000000000001,0.0,2.0,0.0,5.0,1.0,73.0
1.0,9.0,2.0,1.0,0.65999999999999992,0.59089999999999998,0.89000000000000001,0.0,2.0,0.0,5.0,1.0,84.0
1.0,9.0,3.0,1.0,0.65999999999999992,0.59089999999999998,0.89000000000000001,0.089599999999999999,2.0,0.0,5.0,1.0,42.0
1.0,9.0,4.0,1.0,0.65999999999999992,0.59089999999999998,0.89000000000000001,0.0,2.0,0.0,5.0,1.0,22.0
1.0,9.0,5.0,1.0,0.65999999999999992,0.59089999999999998,0.89000000000000001,0.0,2.0,0.0,5.0,1.0,12.0
1.0,9.0,6.0,2.0,0.65999999999999992,0.59089999999999998,0.89000000000000001,0.0,2.0,0.0,5.0,1.0,15.0
1.0,9.0,7.0,1.0,0.65999999999999992,0.59089999999999998,0.93999999999999995,0.089599999999999999,2.0,0.0,5.0,1.0,42.0
1.0,9.0,8.0,1.0,0.67999999999999994,0.63639999999999997,0.89000000000000001,0.089599999999999999,2.0,0.0,5.0,1.0,129.0
1.0,9.0,9.0,2.0,0.69999999999999996,0.66670000000000007,0.83999999999999997,0.0,2.0,0.0,5.0,1.0,232.0
1.0,9.0,10.0,2.0,0.71999999999999997,0.69700000000000006,0.79000000000000004,0.0,2.0,0.0,5.0,1.0,388.0
1.0,9.0,11.0,2.0,0.73999999999999999,0.69700000000000006,0.69999999999999996,0.0,2.0,0.0,5.0,1.0,489.0
1.0,9.0,12.0,3.0,0.73999999999999999,0.69700000000000006,0.69999999999999996,0.0,2.0,0.0,5.0,1.0,545.0
1.0,9.0,13.0,3.0,0.71999999999999997,0.69700000000000006,0.73999999999999999,0.089599999999999999,2.0,0.0,5.0,1.0,493.0
1.0,9.0,14.0,3.0,0.71999999999999997,0.69700000000000006,0.79000000000000004,0.089599999999999999,2.0,0.0,5.0,1.0,457.0
1.0,9.0,15.0,3.0,0.73999999999999999,0.71209999999999996,0.73999999999999999,0.1343,2.0,0.0,5.0,1.0,355.0
1.0,9.0,16.0,1.0,0.73999999999999999,0.69700000000000006,0.69999999999999996,0.0,2.0,0.0,5.0,1.0,474.0
1.0,9.0,17.0,1.0,0.76000000000000001,0.72730000000000006,0.66000000000000003,0.089599999999999999,2.0,0.0,5.0,1.0,503.0
1.0,9.0,18.0,1.0,0.73999999999999999,0.71209999999999996,0.73999999999999999,0.0,2.0,0.0,5.0,1.0,500.0
1.0,9.0,19.0,2.0,0.69999999999999996,0.66670000000000007,0.83999999999999997,0.22390000000000002,2.0,0.0,5.0,1.0,292.0
1.0,9.0,20.0,2.0,0.69999999999999996,0.66670000000000007,0.83999999999999997,0.16420000000000001,2.0,0.0,5.0,1.0,104.0
1.0,9.0,21.0,1.0,0.69999999999999996,0.65150000000000008,0.69999999999999996,0.16420000000000001,2.0,0.0,5.0,1.0,171.0
1.0,9.0,22.0,3.0,0.67999999999999994,0.63639999999999997,0.82999999999999996,0.1343,2.0,0.0,5.0,1.0,166.0
1.0,9.0,23.0,3.0,0.65999999999999992,0.59089999999999998,0.89000000000000001,0.089599999999999999,2.0,0.0,5.0,1.0,123.0
1.0,9.0,0.0,2.0,0.65999999999999992,0.59089999999999998,0.93999999999999995,0.0,2.0,0.0,6.0,0.0,104.0
1.0,9.0,1.0,2.0,0.67999999999999994,0.63639999999999997,0.89000000000000001,0.16420000000000001,2.0,0.0,6.0,0.0,55.0
1.0,9.0,2.0,1.0,0.65999999999999992,0.59089999999999998,0.89000000000000001,0.1045,2.0,0.0,6.0,0.0,40.0
1.0,9.0,3.0,1.0,0.65999999999999992,0.59089999999999998,0.89000000000000001,0.1343,2.0,0.0,6.0,0.0,28.0
1.0,9.0,4.0,1.0,0.65999999999999992,0.59089999999999998,0.89000000000000001,0.089599999999999999,2.0,0.0,6.0,0.0,11.0
1.0,9.0,5.0,1.0,0.65999999999999992,0.59089999999999998,0.89000000000000001,0.0,2.0,0.0,6.0,0.0,4.0
1.0,9.0,6.0,1.0,0.65999999999999992,0.59089999999999998,0.93999999999999995,0.0,2.0,0.0,6.0,0.0,15.0
1.0,9.0,7.0,1.0,0.67999999999999994,0.63639999999999997,0.84999999999999998,0.0,2.0,0.0,6.0,0.0,43.0
1.0,9.0,8.0,2.0,0.69999999999999996,0.66670000000000007,0.83999999999999997,0.1045,2.0,0.0,6.0,0.0,127.0
1.0,9.0,9.0,2.0,0.69999999999999996,0.66670000000000007,0.83999999999999997,0.1343,2.0,0.0,6.0,0.0,229.0
1.0,9.0,10.0,2.0,0.73999999999999999,0.71209999999999996,0.73999999999999999,0.22390000000000002,2.0,0.0,6.0,0.0,359.0
1.0,9.0,11.0,2.0,0.73999999999999999,0.69700000000000006,0.69999999999999996,0.28360000000000002,2.0,0.0,6.0,0.0,459.0
1.0,9.0,12.0,2.0,0.76000000000000001,0.71209999999999996,0.62,0.29850000000000004,2.0,0.0,6.0,0.0,543.0
1.0,9.0,13.0,2.0,0.76000000000000001,0.72730000000000006,0.66000000000000003,0.25370000000000004,2.0,0.0,6.0,0.0,566.0
1.0,9.0,14.0,1.0,0.73999999999999999,0.69700000000000006,0.69999999999999996,0.29850000000000004,2.0,0.0,6.0,0.0,512.0
1.0,9.0,15.0,1.0,0.73999999999999999,0.69700000000000006,0.69999999999999996,0.22390000000000002,2.0,0.0,6.0,0.0,449.0
1.0,9.0,16.0,1.0,0.73999999999999999,0.69700000000000006,0.69999999999999996,0.22390000000000002,2.0,0.0,6.0,0.0,500.0
1.0,9.0,17.0,1.0,0.73999999999999999,0.69700000000000006,0.69999999999999996,0.1343,2.0,0.0,6.0,0.0,498.0
1.0,9.0,18.0,1.0,0.73999999999999999,0.69700000000000006,0.66000000000000003,0.16420000000000001,2.0,0.0,6.0,0.0,482.0
1.0,9.0,19.0,1.0,0.71999999999999997,0.69700000000000006,0.73999999999999999,0.19399999999999998,2.0,0.0,6.0,0.0,374.0
1.0,9.0,20.0,1.0,0.71999999999999997,0.68180000000000007,0.76000000000000001,0.1045,2.0,0.0,6.0,0.0,261.0
1.0,9.0,21.0,1.0,0.71999999999999997,0.68180000000000007,0.76000000000000001,0.1045,2.0,0.0,6.0,0.0,184.0
1.0,9.0,22.0,2.0,0.69999999999999996,0.66670000000000007,0.83999999999999997,0.1343,2.0,0.0,6.0,0.0,121.0
1.0,9.0,23.0,2.0,0.69999999999999996,0.66670000000000007,0.83999999999999997,0.25370000000000004,2.0,0.0,6.0,0.0,70.0
1.0,9.0,0.0,2.0,0.69999999999999996,0.66670000000000007,0.83999999999999997,0.25370000000000004,2.0,0.0,7.0,0.0,29.0
1.0,9.0,1.0,1.0,0.67999999999999994,0.63639999999999997,0.81999999999999995,0.1343,2.0,0.0,7.0,0.0,24.0
1.0,9.0,2.0,1.0,0.67999999999999994,0.63639999999999997,0.81999999999999995,0.1343,2.0,0.0,7.0,0.0,5.0
1.0,9.0,3.0,2.0,0.65999999999999992,0.59089999999999998,0.89000000000000001,0.089599999999999999,2.0,0.0,7.0,0.0,10.0
1.0,9.0,4.0,2.0,0.65999999999999992,0.59089999999999998,0.89000000000000001,0.0,2.0,0.0,7.0,0.0,8.0
1.0,9.0,5.0,2.0,0.65999999999999992,0.59089999999999998,0.89000000000000001,0.0,2.0,0.0,7.0,0.0,38.0
1.0,9.0,6.0,2.0,0.67999999999999994,0.63639999999999997,0.89000000000000001,0.1045,2.0,0.0,7.0,0.0,172.0
1.0,9.0,7.0,2.0,0.67999999999999994,0.63639999999999997,0.89000000000000001,0.1045,2.0,0.0,7.0,0.0,493.0
1.0,9.0,8.0,1.0,0.69999999999999996,0.66670000000000007,0.83999999999999997,0.16420000000000001,2.0,0.0,7.0,0.0,632.0
1.0,9.0,9.0,2.0,0.71999999999999997,0.69700000000000006,0.79000000000000004,0.22390000000000002,2.0,0.0,7.0,0.0,323.0
1.0,9.0,10.0,2.0,0.71999999999999997,0.69700000000000006,0.73999999999999999,0.25370000000000004,2.0,0.0,7.0,0.0,172.0
1.0,9.0,11.0,2.0,0.73999999999999999,0.69700000000000006,0.69999999999999996,0.28360000000000002,2.0,0.0,7.0,0.0,198.0
1.0,9.0,12.0,1.0,0.76000000000000001,0.72730000000000006,0.69999999999999996,0.28360000000000002,2.0,0.0,7.0,0.0,287.0
1.0,9.0,13.0,1.0,0.79999999999999993,0.75760000000000005,0.55000000000000004,0.44780000000000003,2.0,0.0,7.0,0.0,275.0
1.0,9.0,14.0,1.0,0.79999999999999993,0.75760000000000005,0.55000000000000004,0.41790000000000005,2.0,0.0,7.0,0.0,274.0
1.0,9.0,15.0,1.0,0.79999999999999993,0.77269999999999994,0.58999999999999997,0.4627,2.0,0.0,7.0,0.0,292.0
1.0,9.0,16.0,1.0,0.76000000000000001,0.72730000000000006,0.69999999999999996,0.41790000000000005,2.0,0.0,7.0,0.0,458.0
1.0,9.0,17.0,1.0,0.76000000000000001,0.72730000000000006,0.69999999999999996,0.35820000000000002,2.0,0.0,7.0,0.0,856.0
1.0,9.0,18.0,1.0,0.76000000000000001,0.74239999999999995,0.75,0.22390000000000002,2.0,0.0,7.0,0.0,839.0
1.0,9.0,19.0,1.0,0.76000000000000001,0.72730000000000006,0.69999999999999996,0.22390000000000002,2.0,0.0,7.0,0.0,552.0
1.0,9.0,20.0,1.0,0.73999999999999999,0.69700000000000006,0.69999999999999996,0.25370000000000004,2.0,0.0,7.0,0.0,385.0
1.0,9.0,21.0,1.0,0.73999999999999999,0.71209999999999996,0.73999999999999999,0.25370000000000004,2.0,0.0,7.0,0.0,268.0
1.0,9.0,22.0,1.0,0.73999999999999999,0.69700000000000006,0.69999999999999996,0.28360000000000002,2.0,0.0,7.0,0.0,179.0
1.0,9.0,23.0,1.0,0.71999999999999997,0.69700000000000006,0.73999999999999999,0.29850000000000004,2.0,0.0,7.0,0.0,95.0
1.0,9.0,0.0,1.0,0.71999999999999997,0.69700000000000006,0.73999999999999999,0.25370000000000004,2.0,1.0,1.0,1.0,37.0
1.0,9.0,1.0,1.0,0.69999999999999996,0.66670000000000007,0.83999999999999997,0.19399999999999998,2.0,1.0,1.0,1.0,13.0
1.0,9.0,2.0,1.0,0.69999999999999996,0.66670000000000007,0.83999999999999997,0.19399999999999998,2.0,1.0,1.0,1.0,9.0
1.0,9.0,3.0,1.0,0.69999999999999996,0.66670000000000007,0.79000000000000004,0.28360000000000002,2.0,1.0,1.0,1.0,4.0
1.0,9.0,4.0,1.0,0.69999999999999996,0.66670000000000007,0.79000000000000004,0.28360000000000002,2.0,1.0,1.0,1.0,5.0
1.0,9.0,5.0,2.0,0.69999999999999996,0.66670000000000007,0.79000000000000004,0.29850000000000004,2.0,1.0,1.0,1.0,40.0
1.0,9.0,6.0,1.0,0.69999999999999996,0.66670000000000007,0.79000000000000004,0.28360000000000002,2.0,1.0,1.0,1.0,210.0
1.0,9.0,7.0,2.0,0.69999999999999996,0.66670000000000007,0.79000000000000004,0.25370000000000004,2.0,1.0,1.0,1.0,500.0
1.0,9.0,8.0,1.0,0.71999999999999997,0.69700000000000006,0.73999999999999999,0.19399999999999998,2.0,1.0,1.0,1.0,725.0
1.0,9.0,9.0,1.0,0.73999999999999999,0.69700000000000006,0.69999999999999996,0.25370000000000004,2.0,1.0,1.0,1.0,290.0
1.0,9.0,10.0,2.0,0.76000000000000001,0.72730000000000006,0.69999999999999996,0.16420000000000001,2.0,1.0,1.0,1.0,235.0
1.0,9.0,11.0,2.0,0.78000000000000003,0.74239999999999995,0.62,0.16420000000000001,2.0,1.0,1.0,1.0,217.0
1.0,9.0,12.0,1.0,0.78000000000000003,0.77269999999999994,0.69999999999999996,0.1045,2.0,1.0,1.0,1.0,266.0
1.0,9.0,13.0,1.0,0.79999999999999993,0.78790000000000004,0.63,0.16420000000000001,2.0,1.0,1.0,1.0,234.0
1.0,9.0,14.0,1.0,0.81999999999999995,0.78790000000000004,0.56000000000000005,0.1045,2.0,1.0,1.0,1.0,211.0
1.0,9.0,15.0,1.0,0.78000000000000003,0.77269999999999994,0.69999999999999996,0.19399999999999998,2.0,1.0,1.0,1.0,245.0
1.0,9.0,16.0,1.0,0.76000000000000001,0.72730000000000006,0.69999999999999996,0.25370000000000004,2.0,1.0,1.0,1.0,430.0
1.0,9.0,17.0,1.0,0.76000000000000001,0.72730000000000006,0.66000000000000003,0.25370000000000004,2.0,1.0,1.0,1.0,863.0
1.0,9.0,18.0,1.0,0.76000000000000001,0.74239999999999995,0.75,0.19399999999999998,2.0,1.0,1.0,1.0,839.0
1.0,9.0,19.0,1.0,0.73999999999999999,0.69700000000000006,0.69999999999999996,0.16420000000000001,2.0,1.0,1.0,1.0,662.0
1.0,9.0,20.0,1.0,0.71999999999999997,0.71209999999999996,0.83999999999999997,0.16420000000000001,2.0,1.0,1.0,1.0,412.0
1.0,9.0,21.0,1.0,0.71999999999999997,0.69700000000000006,0.79000000000000004,0.0,2.0,1.0,1.0,1.0,296.0
1.0,9.0,22.0,1.0,0.71999999999999997,0.69700000000000006,0.79000000000000004,0.0,2.0,1.0,1.0,1.0,219.0
1.0,9.0,23.0,1.0,0.69999999999999996,0.66670000000000007,0.83999999999999997,0.089599999999999999,2.0,1.0,1.0,1.0,150.0
1.0,9.0,0.0,2.0,0.69999999999999996,0.66670000000000007,0.83999999999999997,0.089599999999999999,2.0,0.0,2.0,1.0,65.0
1.0,9.0,1.0,2.0,0.69999999999999996,0.66670000000000007,0.83999999999999997,0.0,2.0,0.0,2.0,1.0,18.0
1.0,9.0,2.0,1.0,0.71999999999999997,0.69700000000000006,0.79000000000000004,0.0,2.0,0.0,2.0,1.0,8.0
1.0,9.0,3.0,1.0,0.69999999999999996,0.66670000000000007,0.83999999999999997,0.1045,2.0,0.0,2.0,1.0,9.0
1.0,9.0,4.0,2.0,0.69999999999999996,0.66670000000000007,0.83999999999999997,0.089599999999999999,2.0,0.0,2.0,1.0,8.0
1.0,9.0,5.0,2.0,0.69999999999999996,0.66670000000000007,0.83999999999999997,0.19399999999999998,2.0,0.0,2.0,1.0,38.0
1.0,9.0,6.0,2.0,0.69999999999999996,0.66670000000000007,0.83999999999999997,0.089599999999999999,2.0,0.0,2.0,1.0,200.0
1.0,9.0,7.0,2.0,0.69999999999999996,0.66670000000000007,0.83999999999999997,0.1045,2.0,0.0,2.0,1.0,482.0
1.0,9.0,8.0,3.0,0.69999999999999996,0.66670000000000007,0.79000000000000004,0.0,2.0,0.0,2.0,1.0,646.0
1.0,9.0,9.0,3.0,0.65999999999999992,0.59089999999999998,0.93999999999999995,0.1343,2.0,0.0,2.0,1.0,123.0
1.0,9.0,10.0,3.0,0.65999999999999992,0.59089999999999998,0.93999999999999995,0.1343,2.0,0.0,2.0,1.0,49.0
1.0,9.0,11.0,3.0,0.69999999999999996,0.66670000000000007,0.83999999999999997,0.16420000000000001,2.0,0.0,2.0,1.0,62.0
1.0,9.0,12.0,2.0,0.71999999999999997,0.69700000000000006,0.79000000000000004,0.22390000000000002,2.0,0.0,2.0,1.0,137.0
1.0,9.0,13.0,2.0,0.71999999999999997,0.69700000000000006,0.79000000000000004,0.1045,2.0,0.0,2.0,1.0,191.0
1.0,9.0,14.0,1.0,0.73999999999999999,0.71209999999999996,0.73999999999999999,0.089599999999999999,2.0,0.0,2.0,1.0,216.0
1.0,9.0,15.0,1.0,0.73999999999999999,0.69700000000000006,0.66000000000000003,0.19399999999999998,2.0,0.0,2.0,1.0,270.0
1.0,9.0,16.0,1.0,0.73999999999999999,0.69700000000000006,0.69999999999999996,0.22390000000000002,2.0,0.0,2.0,1.0,416.0
1.0,9.0,17.0,1.0,0.73999999999999999,0.69700000000000006,0.69999999999999996,0.25370000000000004,2.0,0.0,2.0,1.0,808.0
1.0,9.0,18.0,1.0,0.71999999999999997,0.68180000000000007,0.69999999999999996,0.25370000000000004,2.0,0.0,2.0,1.0,835.0
1.0,9.0,19.0,1.0,0.67999999999999994,0.63639999999999997,0.73999999999999999,0.25370000000000004,2.0,0.0,2.0,1.0,558.0
1.0,9.0,20.0,1.0,0.65999999999999992,0.60609999999999997,0.78000000000000003,0.22390000000000002,2.0,0.0,2.0,1.0,406.0
1.0,9.0,21.0,1.0,0.64000000000000001,0.57579999999999998,0.89000000000000001,0.16420000000000001,2.0,0.0,2.0,1.0,272.0
1.0,9.0,22.0,1.0,0.64000000000000001,0.57579999999999998,0.89000000000000001,0.16420000000000001,2.0,0.0,2.0,1.0,217.0
1.0,9.0,23.0,1.0,0.64000000000000001,0.57579999999999998,0.89000000000000001,0.16420000000000001,2.0,0.0,2.0,1.0,169.0
1.0,9.0,0.0,1.0,0.64000000000000001,0.57579999999999998,0.89000000000000001,0.1343,2.0,0.0,3.0,1.0,96.0
1.0,9.0,1.0,1.0,0.62,0.56059999999999999,0.88,0.1045,2.0,0.0,3.0,1.0,29.0
1.0,9.0,2.0,1.0,0.62,0.57579999999999998,0.82999999999999996,0.089599999999999999,2.0,0.0,3.0,1.0,11.0
1.0,9.0,3.0,1.0,0.62,0.57579999999999998,0.82999999999999996,0.089599999999999999,2.0,0.0,3.0,1.0,9.0
1.0,9.0,4.0,1.0,0.62,0.56059999999999999,0.88,0.0,2.0,0.0,3.0,1.0,8.0
1.0,9.0,5.0,1.0,0.62,0.56059999999999999,0.88,0.0,2.0,0.0,3.0,1.0,40.0
1.0,9.0,6.0,1.0,0.62,0.56059999999999999,0.88,0.1045,2.0,0.0,3.0,1.0,140.0
1.0,9.0,7.0,1.0,0.64000000000000001,0.57579999999999998,0.89000000000000001,0.1045,2.0,0.0,3.0,1.0,486.0
1.0,9.0,8.0,1.0,0.65999999999999992,0.60609999999999997,0.82999999999999996,0.1045,2.0,0.0,3.0,1.0,719.0
1.0,9.0,9.0,1.0,0.69999999999999996,0.66670000000000007,0.79000000000000004,0.1343,2.0,0.0,3.0,1.0,344.0
1.0,9.0,10.0,1.0,0.71999999999999997,0.69700000000000006,0.73999999999999999,0.1343,2.0,0.0,3.0,1.0,224.0
1.0,9.0,11.0,1.0,0.76000000000000001,0.71209999999999996,0.62,0.1343,2.0,0.0,3.0,1.0,296.0
1.0,9.0,12.0,1.0,0.78000000000000003,0.74239999999999995,0.58999999999999997,0.16420000000000001,2.0,0.0,3.0,1.0,323.0
1.0,9.0,13.0,1.0,0.79999999999999993,0.77269999999999994,0.58999999999999997,0.25370000000000004,2.0,0.0,3.0,1.0,354.0
1.0,9.0,14.0,1.0,0.79999999999999993,0.77269999999999994,0.58999999999999997,0.25370000000000004,2.0,0.0,3.0,1.0,253.0
1.0,9.0,15.0,1.0,0.79999999999999993,0.75760000000000005,0.55000000000000004,0.25370000000000004,2.0,0.0,3.0,1.0,331.0
1.0,9.0,16.0,1.0,0.79999999999999993,0.75760000000000005,0.55000000000000004,0.28360000000000002,2.0,0.0,3.0,1.0,470.0
1.0,9.0,17.0,1.0,0.78000000000000003,0.74239999999999995,0.64545201668984697,0.32840000000000003,2.0,0.0,3.0,1.0,772.0
1.0,9.0,18.0,1.0,0.76000000000000001,0.71209999999999996,0.62,0.29850000000000004,2.0,0.0,3.0,1.0,792.0
1.0,9.0,19.0,1.0,0.73999999999999999,0.68180000000000007,0.62,0.28360000000000002,2.0,0.0,3.0,1.0,568.0
1.0,9.0,20.0,1.0,0.71999999999999997,0.68180000000000007,0.66000000000000003,0.22390000000000002,2.0,0.0,3.0,1.0,391.0
1.0,9.0,21.0,1.0,0.69999999999999996,0.66670000000000007,0.73999999999999999,0.16420000000000001,2.0,0.0,3.0,1.0,301.0
1.0,9.0,22.0,1.0,0.69999999999999996,0.66670000000000007,0.73999999999999999,0.22390000000000002,2.0,0.0,3.0,1.0,299.0
1.0,9.0,23.0,1.0,0.65999999999999992,0.59089999999999998,0.89000000000000001,0.25370000000000004,2.0,0.0,3.0,1.0,248.0
1.0,9.0,0.0,1.0,0.65999999999999992,0.59089999999999998,0.89000000000000001,0.25370000000000004,2.0,0.0,4.0,1.0,150.0
1.0,9.0,1.0,2.0,0.65999999999999992,0.59089999999999998,0.89000000000000001,0.28360000000000002,2.0,0.0,4.0,1.0,117.0
1.0,9.0,2.0,1.0,0.65999999999999992,0.59089999999999998,0.89000000000000001,0.32840000000000003,2.0,0.0,4.0,1.0,77.0
1.0,9.0,3.0,2.0,0.65999999999999992,0.59089999999999998,0.89000000000000001,0.22390000000000002,2.0,0.0,4.0,1.0,43.0
1.0,9.0,4.0,2.0,0.65999999999999992,0.59089999999999998,0.93999999999999995,0.22390000000000002,2.0,0.0,4.0,1.0,11.0
1.0,9.0,5.0,2.0,0.65999999999999992,0.59089999999999998,0.93999999999999995,0.25370000000000004,2.0,0.0,4.0,1.0,15.0
1.0,9.0,6.0,2.0,0.65999999999999992,0.59089999999999998,0.89000000000000001,0.28360000000000002,2.0,0.0,4.0,1.0,34.0
1.0,9.0,7.0,1.0,0.65999999999999992,0.59089999999999998,0.89000000000000001,0.28360000000000002,2.0,0.0,4.0,1.0,82.0
1.0,9.0,8.0,1.0,0.69999999999999996,0.66670000000000007,0.79000000000000004,0.32840000000000003,2.0,0.0,4.0,1.0,230.0
1.0,9.0,9.0,1.0,0.69999999999999996,0.66670000000000007,0.73999999999999999,0.3881,2.0,0.0,4.0,1.0,348.0
1.0,9.0,10.0,1.0,0.73999999999999999,0.69700000000000006,0.69999999999999996,0.3881,2.0,0.0,4.0,1.0,422.0
1.0,9.0,11.0,1.0,0.76000000000000001,0.71209999999999996,0.62,0.44780000000000003,2.0,0.0,4.0,1.0,578.0
1.0,9.0,12.0,1.0,0.79999999999999993,0.75760000000000005,0.55000000000000004,0.49250000000000005,2.0,0.0,4.0,1.0,694.0
1.0,9.0,13.0,1.0,0.81999999999999995,0.77269999999999994,0.52000000000000002,0.52239999999999998,2.0,0.0,4.0,1.0,668.0
1.0,9.0,14.0,1.0,0.81999999999999995,0.77269999999999994,0.52000000000000002,0.44780000000000003,2.0,0.0,4.0,1.0,626.0
1.0,9.0,15.0,3.0,0.56000000000000005,0.53029999999999999,0.88,0.25370000000000004,2.0,0.0,4.0,1.0,512.0
1.0,9.0,16.0,3.0,0.56000000000000005,0.53029999999999999,0.88,0.19399999999999998,2.0,0.0,4.0,1.0,114.0
1.0,9.0,17.0,3.0,0.58000000000000007,0.54549999999999998,0.82999999999999996,0.19399999999999998,2.0,0.0,4.0,1.0,171.0
1.0,9.0,18.0,3.0,0.58000000000000007,0.54549999999999998,0.82999999999999996,0.1343,2.0,0.0,4.0,1.0,167.0
1.0,9.0,19.0,3.0,0.58000000000000007,0.54549999999999998,0.88,0.1045,2.0,0.0,4.0,1.0,215.0
1.0,9.0,20.0,2.0,0.58000000000000007,0.54549999999999998,0.88,0.089599999999999999,2.0,0.0,4.0,1.0,194.0
1.0,9.0,21.0,2.0,0.60000000000000009,0.56059999999999999,0.82999999999999996,0.16420000000000001,2.0,0.0,4.0,1.0,181.0
1.0,9.0,22.0,2.0,0.58000000000000007,0.54549999999999998,0.78000000000000003,0.29850000000000004,2.0,0.0,4.0,1.0,194.0
1.0,9.0,23.0,2.0,0.58000000000000007,0.54549999999999998,0.72999999999999998,0.16420000000000001,2.0,0.0,4.0,1.0,133.0
1.0,9.0,0.0,2.0,0.56000000000000005,0.53029999999999999,0.72999999999999998,0.19399999999999998,2.0,0.0,5.0,1.0,124.0
1.0,9.0,1.0,1.0,0.56000000000000005,0.53029999999999999,0.72999999999999998,0.22390000000000002,2.0,0.0,5.0,1.0,124.0
1.0,9.0,2.0,1.0,0.54000000000000004,0.51519999999999999,0.77000000000000002,0.28360000000000002,2.0,0.0,5.0,1.0,96.0
1.0,9.0,3.0,1.0,0.54000000000000004,0.51519999999999999,0.72999999999999998,0.22390000000000002,2.0,0.0,5.0,1.0,46.0
1.0,9.0,4.0,1.0,0.52000000000000002,0.5,0.77000000000000002,0.25370000000000004,2.0,0.0,5.0,1.0,28.0
1.0,9.0,5.0,1.0,0.52000000000000002,0.5,0.77000000000000002,0.19399999999999998,2.0,0.0,5.0,1.0,55.0
1.0,9.0,6.0,1.0,0.52000000000000002,0.5,0.77000000000000002,0.19399999999999998,2.0,0.0,5.0,1.0,35.0
1.0,9.0,7.0,1.0,0.54000000000000004,0.51519999999999999,0.72999999999999998,0.16420000000000001,2.0,0.0,5.0,1.0,70.0
1.0,9.0,8.0,1.0,0.58000000000000007,0.54549999999999998,0.68000000000000005,0.22390000000000002,2.0,0.0,5.0,1.0,170.0
1.0,9.0,9.0,1.0,0.62,0.60609999999999997,0.60999999999999999,0.25370000000000004,2.0,0.0,5.0,1.0,299.0
1.0,9.0,10.0,1.0,0.64000000000000001,0.62119999999999997,0.56999999999999995,0.29850000000000004,2.0,0.0,5.0,1.0,495.0
1.0,9.0,11.0,1.0,0.65999999999999992,0.62119999999999997,0.46999999999999997,0.25370000000000004,2.0,0.0,5.0,1.0,585.0
1.0,9.0,12.0,1.0,0.65999999999999992,0.62119999999999997,0.46999999999999997,0.0,2.0,0.0,5.0,1.0,757.0
1.0,9.0,13.0,1.0,0.67999999999999994,0.63639999999999997,0.39000000000000001,0.0,2.0,0.0,5.0,1.0,729.0
1.0,9.0,14.0,1.0,0.71999999999999997,0.65150000000000008,0.29999999999999999,0.28360000000000002,2.0,0.0,5.0,1.0,647.0
1.0,9.0,15.0,1.0,0.71999999999999997,0.65150000000000008,0.32000000000000001,0.25370000000000004,2.0,0.0,5.0,1.0,696.0
1.0,9.0,16.0,1.0,0.67999999999999994,0.63639999999999997,0.35999999999999999,0.28360000000000002,2.0,0.0,5.0,1.0,701.0
1.0,9.0,17.0,1.0,0.69999999999999996,0.63639999999999997,0.37,0.25370000000000004,2.0,0.0,5.0,1.0,671.0
1.0,9.0,18.0,1.0,0.65999999999999992,0.62119999999999997,0.35999999999999999,0.25370000000000004,2.0,0.0,5.0,1.0,560.0
1.0,9.0,19.0,1.0,0.65999999999999992,0.62119999999999997,0.35999999999999999,0.25370000000000004,2.0,0.0,5.0,1.0,496.0
1.0,9.0,20.0,1.0,0.62,0.62119999999999997,0.40999999999999998,0.28360000000000002,2.0,0.0,5.0,1.0,356.0
1.0,9.0,21.0,1.0,0.60000000000000009,0.62119999999999997,0.46000000000000002,0.22390000000000002,2.0,0.0,5.0,1.0,206.0
1.0,9.0,22.0,1.0,0.58000000000000007,0.54549999999999998,0.48999999999999999,0.25370000000000004,2.0,0.0,5.0,1.0,189.0
1.0,9.0,23.0,1.0,0.56000000000000005,0.53029999999999999,0.52000000000000002,0.28360000000000002,2.0,0.0,5.0,1.0,92.0
1.0,9.0,0.0,1.0,0.56000000000000005,0.53029999999999999,0.52000000000000002,0.28360000000000002,2.0,0.0,6.0,0.0,41.0
1.0,9.0,1.0,1.0,0.54000000000000004,0.51519999999999999,0.59999999999999998,0.19399999999999998,2.0,0.0,6.0,0.0,18.0
1.0,9.0,2.0,1.0,0.54000000000000004,0.51519999999999999,0.59999999999999998,0.35820000000000002,2.0,0.0,6.0,0.0,17.0
1.0,9.0,3.0,1.0,0.52000000000000002,0.5,0.68000000000000005,0.28360000000000002,2.0,0.0,6.0,0.0,12.0
1.0,9.0,4.0,1.0,0.52000000000000002,0.5,0.68000000000000005,0.28360000000000002,2.0,0.0,6.0,0.0,5.0
1.0,9.0,5.0,1.0,0.5,0.48479999999999995,0.71999999999999997,0.25370000000000004,2.0,0.0,6.0,0.0,40.0
1.0,9.0,6.0,1.0,0.5,0.48479999999999995,0.71999999999999997,0.1343,2.0,0.0,6.0,0.0,180.0
1.0,9.0,7.0,1.0,0.52000000000000002,0.5,0.68000000000000005,0.22390000000000002,2.0,0.0,6.0,0.0,447.0
1.0,9.0,8.0,1.0,0.56000000000000005,0.53029999999999999,0.59999999999999998,0.28360000000000002,2.0,0.0,6.0,0.0,730.0
1.0,9.0,9.0,1.0,0.60000000000000009,0.62119999999999997,0.53000000000000003,0.29850000000000004,2.0,0.0,6.0,0.0,361.0
1.0,9.0,10.0,1.0,0.62,0.62119999999999997,0.5,0.28360000000000002,2.0,0.0,6.0,0.0,210.0
1.0,9.0,11.0,1.0,0.62,0.62119999999999997,0.42999999999999999,0.29850000000000004,2.0,0.0,6.0,0.0,236.0
1.0,9.0,12.0,1.0,0.64000000000000001,0.62119999999999997,0.44,0.3881,2.0,0.0,6.0,0.0,332.0
1.0,9.0,13.0,1.0,0.64000000000000001,0.62119999999999997,0.38,0.22390000000000002,2.0,0.0,6.0,0.0,323.0
1.0,9.0,14.0,1.0,0.65999999999999992,0.62119999999999997,0.35999999999999999,0.28360000000000002,2.0,0.0,6.0,0.0,340.0
1.0,9.0,15.0,1.0,0.65999999999999992,0.62119999999999997,0.31,0.3881,2.0,0.0,6.0,0.0,346.0
1.0,9.0,16.0,1.0,0.65999999999999992,0.62119999999999997,0.34000000000000002,0.32840000000000003,2.0,0.0,6.0,0.0,488.0
1.0,9.0,17.0,1.0,0.65999999999999992,0.62119999999999997,0.34000000000000002,0.32840000000000003,2.0,0.0,6.0,0.0,871.0
1.0,9.0,18.0,1.0,0.62,0.62119999999999997,0.34999999999999998,0.29850000000000004,2.0,0.0,6.0,0.0,968.0
1.0,9.0,19.0,1.0,0.62,0.62119999999999997,0.38,0.29850000000000004,2.0,0.0,6.0,0.0,633.0
1.0,9.0,20.0,1.0,0.60000000000000009,0.62119999999999997,0.40000000000000002,0.19399999999999998,2.0,0.0,6.0,0.0,390.0
1.0,9.0,21.0,1.0,0.56000000000000005,0.53029999999999999,0.48999999999999999,0.16420000000000001,2.0,0.0,6.0,0.0,285.0
1.0,9.0,22.0,1.0,0.54000000000000004,0.51519999999999999,0.52000000000000002,0.1343,2.0,0.0,6.0,0.0,159.0
1.0,9.0,23.0,1.0,0.54000000000000004,0.51519999999999999,0.52000000000000002,0.0,2.0,0.0,6.0,0.0,93.0
1.0,9.0,0.0,1.0,0.52000000000000002,0.5,0.58999999999999997,0.1045,2.0,0.0,7.0,0.0,32.0
1.0,9.0,1.0,1.0,0.5,0.48479999999999995,0.63,0.0,2.0,0.0,7.0,0.0,10.0
1.0,9.0,2.0,1.0,0.47999999999999998,0.46970000000000001,0.77000000000000002,0.16420000000000001,2.0,0.0,7.0,0.0,6.0
1.0,9.0,3.0,1.0,0.47999999999999998,0.46970000000000001,0.67000000000000004,0.1343,2.0,0.0,7.0,0.0,8.0
1.0,9.0,4.0,1.0,0.47999999999999998,0.46970000000000001,0.71999999999999997,0.1045,2.0,0.0,7.0,0.0,9.0
1.0,9.0,5.0,1.0,0.45999999999999996,0.45450000000000002,0.71999999999999997,0.089599999999999999,2.0,0.0,7.0,0.0,44.0
1.0,9.0,6.0,1.0,0.45999999999999996,0.45450000000000002,0.77000000000000002,0.1045,2.0,0.0,7.0,0.0,211.0
1.0,9.0,7.0,1.0,0.5,0.48479999999999995,0.71999999999999997,0.1045,2.0,0.0,7.0,0.0,596.0
1.0,9.0,8.0,1.0,0.54000000000000004,0.51519999999999999,0.68000000000000005,0.089599999999999999,2.0,0.0,7.0,0.0,750.0
1.0,9.0,9.0,1.0,0.60000000000000009,0.62119999999999997,0.48999999999999999,0.0,2.0,0.0,7.0,0.0,358.0
1.0,9.0,10.0,1.0,0.62,0.62119999999999997,0.38,0.0,2.0,0.0,7.0,0.0,196.0
1.0,9.0,11.0,1.0,0.64000000000000001,0.62119999999999997,0.33000000000000002,0.089599999999999999,2.0,0.0,7.0,0.0,247.0
1.0,9.0,12.0,1.0,0.64000000000000001,0.62119999999999997,0.33000000000000002,0.0,2.0,0.0,7.0,0.0,316.0
1.0,9.0,13.0,1.0,0.65999999999999992,0.62119999999999997,0.28999999999999998,0.089599999999999999,2.0,0.0,7.0,0.0,328.0
1.0,9.0,14.0,1.0,0.67999999999999994,0.62119999999999997,0.29999999999999999,0.089599999999999999,2.0,0.0,7.0,0.0,255.0
1.0,9.0,15.0,1.0,0.69999999999999996,0.63639999999999997,0.28000000000000003,0.1045,2.0,0.0,7.0,0.0,326.0
1.0,9.0,16.0,1.0,0.69999999999999996,0.63639999999999997,0.28000000000000003,0.1343,2.0,0.0,7.0,0.0,536.0
1.0,9.0,17.0,1.0,0.69999999999999996,0.63639999999999997,0.28000000000000003,0.0,2.0,0.0,7.0,0.0,970.0
1.0,9.0,18.0,1.0,0.64000000000000001,0.62119999999999997,0.35999999999999999,0.16420000000000001,2.0,0.0,7.0,0.0,877.0
1.0,9.0,19.0,1.0,0.62,0.62119999999999997,0.40999999999999998,0.19399999999999998,2.0,0.0,7.0,0.0,596.0
1.0,9.0,20.0,1.0,0.58000000000000007,0.54549999999999998,0.56000000000000005,0.1343,2.0,0.0,7.0,0.0,461.0
1.0,9.0,21.0,1.0,0.56000000000000005,0.53029999999999999,0.59999999999999998,0.1045,2.0,0.0,7.0,0.0,310.0
1.0,9.0,22.0,1.0,0.56000000000000005,0.53029999999999999,0.64000000000000001,0.1045,2.0,0.0,7.0,0.0,216.0
1.0,9.0,23.0,1.0,0.54000000000000004,0.51519999999999999,0.68000000000000005,0.1045,2.0,0.0,7.0,0.0,109.0
1.0,9.0,0.0,1.0,0.52000000000000002,0.5,0.71999999999999997,0.1045,2.0,0.0,1.0,1.0,49.0
1.0,9.0,1.0,1.0,0.52000000000000002,0.5,0.71999999999999997,0.1045,2.0,0.0,1.0,1.0,21.0
1.0,9.0,2.0,1.0,0.52000000000000002,0.5,0.71999999999999997,0.089599999999999999,2.0,0.0,1.0,1.0,11.0
1.0,9.0,3.0,1.0,0.5,0.48479999999999995,0.77000000000000002,0.089599999999999999,2.0,0.0,1.0,1.0,7.0
1.0,9.0,4.0,1.0,0.5,0.48479999999999995,0.71999999999999997,0.089599999999999999,2.0,0.0,1.0,1.0,5.0
1.0,9.0,5.0,1.0,0.5,0.48479999999999995,0.71999999999999997,0.089599999999999999,2.0,0.0,1.0,1.0,48.0
1.0,9.0,6.0,1.0,0.5,0.48479999999999995,0.71999999999999997,0.089599999999999999,2.0,0.0,1.0,1.0,205.0
1.0,9.0,7.0,1.0,0.52000000000000002,0.5,0.71999999999999997,0.0,2.0,0.0,1.0,1.0,557.0
1.0,9.0,8.0,1.0,0.56000000000000005,0.53029999999999999,0.64000000000000001,0.1045,2.0,0.0,1.0,1.0,770.0
1.0,9.0,9.0,1.0,0.60000000000000009,0.60609999999999997,0.64000000000000001,0.1343,2.0,0.0,1.0,1.0,328.0
1.0,9.0,10.0,1.0,0.62,0.60609999999999997,0.60999999999999999,0.1343,2.0,0.0,1.0,1.0,205.0
1.0,9.0,11.0,1.0,0.65999999999999992,0.62119999999999997,0.5,0.19399999999999998,2.0,0.0,1.0,1.0,232.0
1.0,9.0,12.0,1.0,0.67999999999999994,0.63639999999999997,0.35999999999999999,0.1343,2.0,0.0,1.0,1.0,352.0
1.0,9.0,13.0,1.0,0.69999999999999996,0.63639999999999997,0.34000000000000002,0.1343,2.0,0.0,1.0,1.0,323.0
1.0,9.0,14.0,1.0,0.69999999999999996,0.63639999999999997,0.37,0.16420000000000001,2.0,0.0,1.0,1.0,278.0
1.0,9.0,15.0,1.0,0.71999999999999997,0.65150000000000008,0.37,0.1343,2.0,0.0,1.0,1.0,318.0
1.0,9.0,16.0,1.0,0.71999999999999997,0.65150000000000008,0.37,0.16420000000000001,2.0,0.0,1.0,1.0,509.0
1.0,9.0,17.0,1.0,0.69999999999999996,0.63639999999999997,0.40999999999999998,0.29850000000000004,2.0,0.0,1.0,1.0,925.0
1.0,9.0,18.0,1.0,0.65999999999999992,0.62119999999999997,0.44,0.25370000000000004,2.0,0.0,1.0,1.0,977.0
1.0,9.0,19.0,1.0,0.64000000000000001,0.62119999999999997,0.5,0.19399999999999998,2.0,0.0,1.0,1.0,635.0
1.0,9.0,20.0,1.0,0.62,0.62119999999999997,0.56999999999999995,0.1343,2.0,0.0,1.0,1.0,470.0
1.0,9.0,21.0,1.0,0.60000000000000009,0.60609999999999997,0.59999999999999998,0.1343,2.0,0.0,1.0,1.0,306.0
1.0,9.0,22.0,1.0,0.56000000000000005,0.53029999999999999,0.64000000000000001,0.089599999999999999,2.0,0.0,1.0,1.0,212.0
1.0,9.0,23.0,1.0,0.56000000000000005,0.53029999999999999,0.68000000000000005,0.1045,2.0,0.0,1.0,1.0,127.0
1.0,9.0,0.0,1.0,0.56000000000000005,0.53029999999999999,0.72999999999999998,0.089599999999999999,2.0,0.0,2.0,1.0,57.0
1.0,9.0,1.0,1.0,0.54000000000000004,0.51519999999999999,0.77000000000000002,0.089599999999999999,2.0,0.0,2.0,1.0,28.0
1.0,9.0,2.0,1.0,0.54000000000000004,0.51519999999999999,0.77000000000000002,0.0,2.0,0.0,2.0,1.0,9.0
1.0,9.0,3.0,1.0,0.52000000000000002,0.5,0.82999999999999996,0.0,2.0,0.0,2.0,1.0,11.0
1.0,9.0,4.0,1.0,0.52000000000000002,0.5,0.82999999999999996,0.0,2.0,0.0,2.0,1.0,6.0
1.0,9.0,5.0,1.0,0.52000000000000002,0.5,0.82999999999999996,0.0,2.0,0.0,2.0,1.0,57.0
1.0,9.0,6.0,1.0,0.5,0.48479999999999995,0.81999999999999995,0.0,2.0,0.0,2.0,1.0,195.0
1.0,9.0,7.0,1.0,0.54000000000000004,0.51519999999999999,0.77000000000000002,0.0,2.0,0.0,2.0,1.0,571.0
1.0,9.0,8.0,1.0,0.56000000000000005,0.53029999999999999,0.72999999999999998,0.0,2.0,0.0,2.0,1.0,758.0
1.0,9.0,9.0,1.0,0.60000000000000009,0.60609999999999997,0.64000000000000001,0.089599999999999999,2.0,0.0,2.0,1.0,338.0
1.0,9.0,10.0,1.0,0.64000000000000001,0.62119999999999997,0.60999999999999999,0.089599999999999999,2.0,0.0,2.0,1.0,212.0
1.0,9.0,11.0,1.0,0.65999999999999992,0.62119999999999997,0.5,0.16420000000000001,2.0,0.0,2.0,1.0,254.0
1.0,9.0,12.0,1.0,0.67999999999999994,0.63639999999999997,0.44,0.1045,2.0,0.0,2.0,1.0,297.0
1.0,9.0,13.0,1.0,0.69999999999999996,0.63639999999999997,0.41999999999999998,0.0,2.0,0.0,2.0,1.0,283.0
1.0,9.0,14.0,1.0,0.71999999999999997,0.65150000000000008,0.39000000000000001,0.1343,2.0,0.0,2.0,1.0,274.0
1.0,9.0,15.0,1.0,0.71999999999999997,0.65150000000000008,0.41999999999999998,0.1045,2.0,0.0,2.0,1.0,352.0
1.0,9.0,16.0,1.0,0.71999999999999997,0.65150000000000008,0.39000000000000001,0.089599999999999999,2.0,0.0,2.0,1.0,491.0
1.0,9.0,17.0,1.0,0.71999999999999997,0.65150000000000008,0.41999999999999998,0.19399999999999998,2.0,0.0,2.0,1.0,884.0
1.0,9.0,18.0,1.0,0.67999999999999994,0.63639999999999997,0.56999999999999995,0.25370000000000004,2.0,0.0,2.0,1.0,852.0
1.0,9.0,19.0,1.0,0.64000000000000001,0.60609999999999997,0.65000000000000002,0.1343,2.0,0.0,2.0,1.0,674.0
1.0,9.0,20.0,1.0,0.62,0.60609999999999997,0.68999999999999995,0.1045,2.0,0.0,2.0,1.0,463.0
1.0,9.0,21.0,1.0,0.62,0.60609999999999997,0.65000000000000002,0.1045,2.0,0.0,2.0,1.0,317.0
1.0,9.0,22.0,1.0,0.60000000000000009,0.59089999999999998,0.68999999999999995,0.1343,2.0,0.0,2.0,1.0,251.0
1.0,9.0,23.0,1.0,0.58000000000000007,0.54549999999999998,0.72999999999999998,0.1045,2.0,0.0,2.0,1.0,170.0
1.0,9.0,0.0,1.0,0.56000000000000005,0.53029999999999999,0.72999999999999998,0.089599999999999999,2.0,0.0,3.0,1.0,87.0
1.0,9.0,1.0,1.0,0.56000000000000005,0.53029999999999999,0.72999999999999998,0.089599999999999999,2.0,0.0,3.0,1.0,41.0
1.0,9.0,2.0,1.0,0.56000000000000005,0.53029999999999999,0.72999999999999998,0.0,2.0,0.0,3.0,1.0,30.0
1.0,9.0,3.0,1.0,0.54000000000000004,0.51519999999999999,0.77000000000000002,0.0,2.0,0.0,3.0,1.0,14.0
1.0,9.0,4.0,1.0,0.54000000000000004,0.51519999999999999,0.77000000000000002,0.0,2.0,0.0,3.0,1.0,12.0
1.0,9.0,5.0,1.0,0.54000000000000004,0.51519999999999999,0.82999999999999996,0.0,2.0,0.0,3.0,1.0,41.0
1.0,9.0,6.0,1.0,0.54000000000000004,0.51519999999999999,0.88,0.0,2.0,0.0,3.0,1.0,152.0
1.0,9.0,7.0,2.0,0.56000000000000005,0.53029999999999999,0.88,0.0,2.0,0.0,3.0,1.0,454.0
1.0,9.0,8.0,2.0,0.60000000000000009,0.57579999999999998,0.78000000000000003,0.16420000000000001,2.0,0.0,3.0,1.0,766.0
1.0,9.0,9.0,2.0,0.62,0.59089999999999998,0.78000000000000003,0.16420000000000001,2.0,0.0,3.0,1.0,347.0
1.0,9.0,10.0,2.0,0.67999999999999994,0.63639999999999997,0.65000000000000002,0.0,2.0,0.0,3.0,1.0,246.0
1.0,9.0,11.0,2.0,0.67999999999999994,0.63639999999999997,0.60999999999999999,0.1045,2.0,0.0,3.0,1.0,280.0
1.0,9.0,12.0,2.0,0.69999999999999996,0.65150000000000008,0.54000000000000004,0.19399999999999998,2.0,0.0,3.0,1.0,409.0
1.0,9.0,13.0,2.0,0.69999999999999996,0.65150000000000008,0.54000000000000004,0.19399999999999998,2.0,0.0,3.0,1.0,408.0
1.0,9.0,14.0,2.0,0.71999999999999997,0.65150000000000008,0.45000000000000001,0.16420000000000001,2.0,0.0,3.0,1.0,371.0
1.0,9.0,15.0,2.0,0.71999999999999997,0.66670000000000007,0.47999999999999998,0.1343,2.0,0.0,3.0,1.0,367.0
1.0,9.0,16.0,2.0,0.71999999999999997,0.66670000000000007,0.51000000000000001,0.0,2.0,0.0,3.0,1.0,563.0
1.0,9.0,17.0,1.0,0.71999999999999997,0.66670000000000007,0.51000000000000001,0.19399999999999998,2.0,0.0,3.0,1.0,894.0
1.0,9.0,18.0,1.0,0.71999999999999997,0.65150000000000008,0.45000000000000001,0.22390000000000002,2.0,0.0,3.0,1.0,808.0
1.0,9.0,19.0,1.0,0.67999999999999994,0.63639999999999997,0.56999999999999995,0.16420000000000001,2.0,0.0,3.0,1.0,579.0
1.0,9.0,20.0,1.0,0.65999999999999992,0.62119999999999997,0.60999999999999999,0.1045,2.0,0.0,3.0,1.0,404.0
1.0,9.0,21.0,1.0,0.64000000000000001,0.60609999999999997,0.72999999999999998,0.22390000000000002,2.0,0.0,3.0,1.0,312.0
1.0,9.0,22.0,1.0,0.62,0.57579999999999998,0.82999999999999996,0.19399999999999998,2.0,0.0,3.0,1.0,229.0
1.0,9.0,23.0,1.0,0.62,0.59089999999999998,0.78000000000000003,0.089599999999999999,2.0,0.0,3.0,1.0,195.0
1.0,9.0,0.0,1.0,0.60000000000000009,0.56059999999999999,0.82999999999999996,0.1045,2.0,0.0,4.0,1.0,207.0
1.0,9.0,1.0,1.0,0.60000000000000009,0.59089999999999998,0.72999999999999998,0.0,2.0,0.0,4.0,1.0,109.0
1.0,9.0,2.0,1.0,0.58000000000000007,0.54549999999999998,0.78000000000000003,0.1045,2.0,0.0,4.0,1.0,93.0
1.0,9.0,3.0,1.0,0.60000000000000009,0.59089999999999998,0.72999999999999998,0.25370000000000004,2.0,0.0,4.0,1.0,37.0
1.0,9.0,4.0,2.0,0.60000000000000009,0.59089999999999998,0.68999999999999995,0.35820000000000002,2.0,0.0,4.0,1.0,6.0
1.0,9.0,5.0,1.0,0.58000000000000007,0.54549999999999998,0.59999999999999998,0.52239999999999998,2.0,0.0,4.0,1.0,16.0
1.0,9.0,6.0,1.0,0.54000000000000004,0.51519999999999999,0.48999999999999999,0.41790000000000005,2.0,0.0,4.0,1.0,33.0
1.0,9.0,7.0,1.0,0.54000000000000004,0.51519999999999999,0.52000000000000002,0.28360000000000002,2.0,0.0,4.0,1.0,73.0
1.0,9.0,8.0,1.0,0.56000000000000005,0.53029999999999999,0.48999999999999999,0.41790000000000005,2.0,0.0,4.0,1.0,212.0
1.0,9.0,9.0,1.0,0.60000000000000009,0.62119999999999997,0.42999999999999999,0.41790000000000005,2.0,0.0,4.0,1.0,342.0
1.0,9.0,10.0,1.0,0.62,0.62119999999999997,0.40999999999999998,0.3881,2.0,0.0,4.0,1.0,442.0
1.0,9.0,11.0,1.0,0.64000000000000001,0.62119999999999997,0.38,0.3881,2.0,0.0,4.0,1.0,627.0
1.0,9.0,12.0,1.0,0.65999999999999992,0.62119999999999997,0.35999999999999999,0.35820000000000002,2.0,0.0,4.0,1.0,706.0
1.0,9.0,13.0,1.0,0.67999999999999994,0.63639999999999997,0.35999999999999999,0.19399999999999998,2.0,0.0,4.0,1.0,704.0
1.0,9.0,14.0,1.0,0.67999999999999994,0.63639999999999997,0.34000000000000002,0.32840000000000003,2.0,0.0,4.0,1.0,715.0
1.0,9.0,15.0,2.0,0.67999999999999994,0.63639999999999997,0.34000000000000002,0.28360000000000002,2.0,0.0,4.0,1.0,654.0
1.0,9.0,16.0,2.0,0.65999999999999992,0.62119999999999997,0.35999999999999999,0.22390000000000002,2.0,0.0,4.0,1.0,783.0
1.0,9.0,17.0,2.0,0.65999999999999992,0.62119999999999997,0.35999999999999999,0.25370000000000004,2.0,0.0,4.0,1.0,729.0
1.0,9.0,18.0,2.0,0.64000000000000001,0.62119999999999997,0.35999999999999999,0.28360000000000002,2.0,0.0,4.0,1.0,614.0
1.0,9.0,19.0,1.0,0.62,0.62119999999999997,0.40999999999999998,0.16420000000000001,2.0,0.0,4.0,1.0,478.0
1.0,9.0,20.0,1.0,0.60000000000000009,0.62119999999999997,0.42999999999999999,0.089599999999999999,2.0,0.0,4.0,1.0,330.0
1.0,9.0,21.0,1.0,0.56000000000000005,0.53029999999999999,0.52000000000000002,0.1045,2.0,0.0,4.0,1.0,296.0
1.0,9.0,22.0,1.0,0.56000000000000005,0.53029999999999999,0.52000000000000002,0.0,2.0,0.0,4.0,1.0,279.0
1.0,9.0,23.0,1.0,0.54000000000000004,0.51519999999999999,0.59999999999999998,0.0,2.0,0.0,4.0,1.0,229.0
1.0,9.0,0.0,1.0,0.54000000000000004,0.51519999999999999,0.64000000000000001,0.0,2.0,0.0,5.0,1.0,151.0
1.0,9.0,1.0,1.0,0.54000000000000004,0.51519999999999999,0.64000000000000001,0.0,2.0,0.0,5.0,1.0,117.0
1.0,9.0,2.0,1.0,0.52000000000000002,0.5,0.63,0.0,2.0,0.0,5.0,1.0,89.0
1.0,9.0,3.0,1.0,0.5,0.48479999999999995,0.68000000000000005,0.0,2.0,0.0,5.0,1.0,48.0
1.0,9.0,4.0,1.0,0.5,0.48479999999999995,0.71999999999999997,0.0,2.0,0.0,5.0,1.0,8.0
1.0,9.0,5.0,1.0,0.5,0.48479999999999995,0.71999999999999997,0.0,2.0,0.0,5.0,1.0,13.0
1.0,9.0,6.0,1.0,0.5,0.48479999999999995,0.71999999999999997,0.0,2.0,0.0,5.0,1.0,35.0
1.0,9.0,7.0,1.0,0.5,0.48479999999999995,0.77000000000000002,0.1045,2.0,0.0,5.0,1.0,71.0
1.0,9.0,8.0,1.0,0.54000000000000004,0.51519999999999999,0.64000000000000001,0.16420000000000001,2.0,0.0,5.0,1.0,128.0
1.0,9.0,9.0,1.0,0.58000000000000007,0.54549999999999998,0.59999999999999998,0.1343,2.0,0.0,5.0,1.0,296.0
1.0,9.0,10.0,1.0,0.62,0.62119999999999997,0.5,0.1045,2.0,0.0,5.0,1.0,490.0
1.0,9.0,11.0,1.0,0.64000000000000001,0.62119999999999997,0.46999999999999997,0.16420000000000001,2.0,0.0,5.0,1.0,559.0
1.0,9.0,12.0,1.0,0.65999999999999992,0.62119999999999997,0.44,0.16420000000000001,2.0,0.0,5.0,1.0,656.0
1.0,9.0,13.0,1.0,0.64000000000000001,0.62119999999999997,0.40999999999999998,0.16420000000000001,2.0,0.0,5.0,1.0,694.0
1.0,9.0,14.0,1.0,0.65999999999999992,0.62119999999999997,0.39000000000000001,0.1343,2.0,0.0,5.0,1.0,635.0
1.0,9.0,15.0,1.0,0.64000000000000001,0.62119999999999997,0.40999999999999998,0.16420000000000001,2.0,0.0,5.0,1.0,557.0
1.0,9.0,16.0,1.0,0.64000000000000001,0.62119999999999997,0.44,0.16420000000000001,2.0,0.0,5.0,1.0,596.0
1.0,9.0,17.0,1.0,0.65999999999999992,0.62119999999999997,0.40999999999999998,0.0,2.0,0.0,5.0,1.0,570.0
1.0,9.0,18.0,1.0,0.62,0.62119999999999997,0.5,0.16420000000000001,2.0,0.0,5.0,1.0,481.0
1.0,9.0,19.0,1.0,0.62,0.62119999999999997,0.5,0.1343,2.0,0.0,5.0,1.0,403.0
1.0,9.0,20.0,1.0,0.60000000000000009,0.62119999999999997,0.53000000000000003,0.1045,2.0,0.0,5.0,1.0,324.0
1.0,9.0,21.0,1.0,0.60000000000000009,0.62119999999999997,0.56000000000000005,0.1045,2.0,0.0,5.0,1.0,191.0
1.0,9.0,22.0,1.0,0.56000000000000005,0.53029999999999999,0.68000000000000005,0.089599999999999999,2.0,0.0,5.0,1.0,127.0
1.0,9.0,23.0,1.0,0.54000000000000004,0.51519999999999999,0.68000000000000005,0.1045,2.0,0.0,5.0,1.0,94.0
1.0,9.0,0.0,1.0,0.54000000000000004,0.51519999999999999,0.68000000000000005,0.16420000000000001,2.0,0.0,6.0,0.0,45.0
1.0,9.0,1.0,1.0,0.52000000000000002,0.5,0.71999999999999997,0.089599999999999999,2.0,0.0,6.0,0.0,21.0
1.0,9.0,2.0,1.0,0.52000000000000002,0.5,0.71999999999999997,0.0,2.0,0.0,6.0,0.0,13.0
1.0,9.0,3.0,1.0,0.5,0.48479999999999995,0.77000000000000002,0.089599999999999999,2.0,0.0,6.0,0.0,7.0
1.0,9.0,4.0,1.0,0.5,0.48479999999999995,0.77000000000000002,0.0,2.0,0.0,6.0,0.0,11.0
1.0,9.0,5.0,1.0,0.47999999999999998,0.46970000000000001,0.81999999999999995,0.089599999999999999,2.0,0.0,6.0,0.0,45.0
1.0,9.0,6.0,1.0,0.47999999999999998,0.46970000000000001,0.81999999999999995,0.0,2.0,0.0,6.0,0.0,164.0
1.0,9.0,7.0,1.0,0.52000000000000002,0.5,0.77000000000000002,0.0,2.0,0.0,6.0,0.0,492.0
1.0,9.0,8.0,1.0,0.54000000000000004,0.51519999999999999,0.77000000000000002,0.089599999999999999,2.0,0.0,6.0,0.0,683.0
1.0,9.0,9.0,1.0,0.58000000000000007,0.54549999999999998,0.68000000000000005,0.1343,2.0,0.0,6.0,0.0,299.0
1.0,9.0,10.0,2.0,0.62,0.60609999999999997,0.65000000000000002,0.19399999999999998,2.0,0.0,6.0,0.0,202.0
1.0,9.0,11.0,2.0,0.62,0.60609999999999997,0.68999999999999995,0.22390000000000002,2.0,0.0,6.0,0.0,252.0
1.0,9.0,12.0,2.0,0.62,0.60609999999999997,0.68999999999999995,0.19399999999999998,2.0,0.0,6.0,0.0,295.0
1.0,9.0,13.0,1.0,0.64000000000000001,0.60609999999999997,0.65000000000000002,0.25370000000000004,2.0,0.0,6.0,0.0,343.0
1.0,9.0,14.0,2.0,0.64000000000000001,0.60609999999999997,0.65000000000000002,0.25370000000000004,2.0,0.0,6.0,0.0,332.0
1.0,9.0,15.0,2.0,0.64000000000000001,0.60609999999999997,0.65000000000000002,0.25370000000000004,2.0,0.0,6.0,0.0,338.0
1.0,9.0,16.0,2.0,0.64000000000000001,0.60609999999999997,0.68999999999999995,0.25370000000000004,2.0,0.0,6.0,0.0,453.0
1.0,9.0,17.0,2.0,0.64000000000000001,0.60609999999999997,0.65000000000000002,0.22390000000000002,2.0,0.0,6.0,0.0,842.0
1.0,9.0,18.0,2.0,0.62,0.59089999999999998,0.72999999999999998,0.16420000000000001,2.0,0.0,6.0,0.0,774.0
1.0,9.0,19.0,2.0,0.62,0.59089999999999998,0.72999999999999998,0.1045,2.0,0.0,6.0,0.0,486.0
1.0,9.0,20.0,2.0,0.62,0.59089999999999998,0.72999999999999998,0.1343,2.0,0.0,6.0,0.0,340.0
1.0,9.0,21.0,3.0,0.62,0.57579999999999998,0.82999999999999996,0.22390000000000002,2.0,0.0,6.0,0.0,233.0
1.0,9.0,22.0,3.0,0.62,0.57579999999999998,0.82999999999999996,0.25370000000000004,2.0,0.0,6.0,0.0,129.0
1.0,9.0,23.0,3.0,0.60000000000000009,0.51519999999999999,0.93999999999999995,0.25370000000000004,2.0,0.0,6.0,0.0,70.0
1.0,9.0,0.0,3.0,0.60000000000000009,0.51519999999999999,0.93999999999999995,0.25370000000000004,2.0,0.0,7.0,0.0,13.0
1.0,9.0,1.0,3.0,0.60000000000000009,0.51519999999999999,0.93999999999999995,0.19399999999999998,2.0,0.0,7.0,0.0,5.0
1.0,9.0,2.0,3.0,0.60000000000000009,0.51519999999999999,0.93999999999999995,0.19399999999999998,2.0,0.0,7.0,0.0,4.0
1.0,9.0,3.0,2.0,0.62,0.54549999999999998,0.93999999999999995,0.28360000000000002,2.0,0.0,7.0,0.0,6.0
1.0,9.0,4.0,2.0,0.62,0.54549999999999998,0.93999999999999995,0.35820000000000002,2.0,0.0,7.0,0.0,7.0
1.0,9.0,5.0,2.0,0.64000000000000001,0.57579999999999998,0.89000000000000001,0.32840000000000003,2.0,0.0,7.0,0.0,48.0
1.0,9.0,6.0,2.0,0.64000000000000001,0.57579999999999998,0.89000000000000001,0.32840000000000003,2.0,0.0,7.0,0.0,167.0
1.0,9.0,7.0,2.0,0.64000000000000001,0.57579999999999998,0.89000000000000001,0.44780000000000003,2.0,0.0,7.0,0.0,356.0
1.0,9.0,8.0,2.0,0.65999999999999992,0.60609999999999997,0.82999999999999996,0.55220000000000002,2.0,0.0,7.0,0.0,672.0
1.0,9.0,9.0,2.0,0.65999999999999992,0.60609999999999997,0.82999999999999996,0.58210000000000006,2.0,0.0,7.0,0.0,293.0
1.0,9.0,10.0,3.0,0.67999999999999994,0.63639999999999997,0.79000000000000004,0.64179999999999993,2.0,0.0,7.0,0.0,160.0
1.0,9.0,11.0,2.0,0.67999999999999994,0.63639999999999997,0.79000000000000004,0.64179999999999993,2.0,0.0,7.0,0.0,151.0
1.0,9.0,12.0,3.0,0.67999999999999994,0.63639999999999997,0.82999999999999996,0.44780000000000003,2.0,0.0,7.0,0.0,88.0
1.0,9.0,13.0,2.0,0.69999999999999996,0.66670000000000007,0.73999999999999999,0.58210000000000006,2.0,0.0,7.0,0.0,114.0
1.0,9.0,14.0,3.0,0.60000000000000009,0.51519999999999999,0.93999999999999995,0.4627,2.0,0.0,7.0,0.0,143.0
1.0,9.0,15.0,3.0,0.60000000000000009,0.54549999999999998,0.88,0.25370000000000004,2.0,0.0,7.0,0.0,36.0
1.0,9.0,16.0,3.0,0.60000000000000009,0.54549999999999998,0.88,0.29850000000000004,2.0,0.0,7.0,0.0,141.0
1.0,9.0,17.0,3.0,0.60000000000000009,0.54549999999999998,0.88,0.19399999999999998,2.0,0.0,7.0,0.0,338.0
1.0,9.0,18.0,2.0,0.60000000000000009,0.54549999999999998,0.88,0.16420000000000001,2.0,0.0,7.0,0.0,281.0
1.0,9.0,19.0,2.0,0.60000000000000009,0.54549999999999998,0.88,0.29850000000000004,2.0,0.0,7.0,0.0,324.0
1.0,9.0,20.0,2.0,0.60000000000000009,0.54549999999999998,0.88,0.19399999999999998,2.0,0.0,7.0,0.0,290.0
1.0,9.0,21.0,2.0,0.60000000000000009,0.54549999999999998,0.88,0.19399999999999998,2.0,0.0,7.0,0.0,207.0
1.0,9.0,22.0,3.0,0.58000000000000007,0.54549999999999998,0.82999999999999996,0.4627,2.0,0.0,7.0,0.0,151.0
1.0,9.0,23.0,2.0,0.56000000000000005,0.53029999999999999,0.82999999999999996,0.22390000000000002,2.0,0.0,7.0,0.0,78.0
1.0,9.0,0.0,2.0,0.56000000000000005,0.53029999999999999,0.68000000000000005,0.28360000000000002,2.0,0.0,1.0,1.0,26.0
1.0,9.0,1.0,2.0,0.54000000000000004,0.51519999999999999,0.68000000000000005,0.25370000000000004,2.0,0.0,1.0,1.0,12.0
1.0,9.0,2.0,2.0,0.54000000000000004,0.51519999999999999,0.64000000000000001,0.32840000000000003,2.0,0.0,1.0,1.0,3.0
1.0,9.0,3.0,2.0,0.52000000000000002,0.5,0.63,0.25370000000000004,2.0,0.0,1.0,1.0,5.0
1.0,9.0,4.0,2.0,0.52000000000000002,0.5,0.68000000000000005,0.35820000000000002,2.0,0.0,1.0,1.0,10.0
1.0,9.0,5.0,2.0,0.52000000000000002,0.5,0.68000000000000005,0.28360000000000002,2.0,0.0,1.0,1.0,56.0
1.0,9.0,6.0,1.0,0.52000000000000002,0.5,0.63,0.25370000000000004,2.0,0.0,1.0,1.0,172.0
1.0,9.0,7.0,1.0,0.52000000000000002,0.5,0.63,0.22390000000000002,2.0,0.0,1.0,1.0,545.0
1.0,9.0,8.0,1.0,0.52000000000000002,0.5,0.58999999999999997,0.22390000000000002,2.0,0.0,1.0,1.0,797.0
1.0,9.0,9.0,1.0,0.54000000000000004,0.51519999999999999,0.59999999999999998,0.25370000000000004,2.0,0.0,1.0,1.0,362.0
1.0,9.0,10.0,1.0,0.56000000000000005,0.53029999999999999,0.52000000000000002,0.19399999999999998,2.0,0.0,1.0,1.0,192.0
1.0,9.0,11.0,1.0,0.60000000000000009,0.62119999999999997,0.42999999999999999,0.25370000000000004,2.0,0.0,1.0,1.0,247.0
1.0,9.0,12.0,1.0,0.60000000000000009,0.62119999999999997,0.42999999999999999,0.25370000000000004,2.0,0.0,1.0,1.0,313.0
1.0,9.0,13.0,1.0,0.60000000000000009,0.62119999999999997,0.40000000000000002,0.25370000000000004,2.0,0.0,1.0,1.0,289.0
1.0,9.0,14.0,1.0,0.62,0.62119999999999997,0.38,0.25370000000000004,2.0,0.0,1.0,1.0,286.0
1.0,9.0,15.0,1.0,0.62,0.62119999999999997,0.34999999999999998,0.0,2.0,0.0,1.0,1.0,311.0
1.0,9.0,16.0,1.0,0.62,0.62119999999999997,0.34999999999999998,0.0,2.0,0.0,1.0,1.0,466.0
1.0,9.0,17.0,1.0,0.60000000000000009,0.62119999999999997,0.38,0.22390000000000002,2.0,0.0,1.0,1.0,886.0
1.0,9.0,18.0,1.0,0.58000000000000007,0.54549999999999998,0.40000000000000002,0.28360000000000002,2.0,0.0,1.0,1.0,892.0
1.0,9.0,19.0,1.0,0.56000000000000005,0.53029999999999999,0.42999999999999999,0.22390000000000002,2.0,0.0,1.0,1.0,611.0
1.0,9.0,20.0,1.0,0.52000000000000002,0.5,0.47999999999999998,0.16420000000000001,2.0,0.0,1.0,1.0,409.0
1.0,9.0,21.0,1.0,0.5,0.48479999999999995,0.58999999999999997,0.16420000000000001,2.0,0.0,1.0,1.0,349.0
1.0,9.0,22.0,1.0,0.5,0.48479999999999995,0.63,0.089599999999999999,2.0,0.0,1.0,1.0,229.0
1.0,9.0,23.0,1.0,0.47999999999999998,0.46970000000000001,0.67000000000000004,0.089599999999999999,2.0,0.0,1.0,1.0,123.0
1.0,9.0,0.0,1.0,0.5,0.48479999999999995,0.63,0.0,2.0,0.0,2.0,1.0,58.0
1.0,9.0,1.0,1.0,0.45999999999999996,0.45450000000000002,0.71999999999999997,0.1045,2.0,0.0,2.0,1.0,18.0
1.0,9.0,2.0,1.0,0.45999999999999996,0.45450000000000002,0.71999999999999997,0.089599999999999999,2.0,0.0,2.0,1.0,11.0
1.0,9.0,3.0,1.0,0.44,0.43939999999999996,0.77000000000000002,0.0,2.0,0.0,2.0,1.0,6.0
1.0,9.0,4.0,1.0,0.44,0.43939999999999996,0.77000000000000002,0.1045,2.0,0.0,2.0,1.0,6.0
1.0,9.0,5.0,1.0,0.44,0.43939999999999996,0.77000000000000002,0.1045,2.0,0.0,2.0,1.0,56.0
1.0,9.0,6.0,1.0,0.44,0.43939999999999996,0.77000000000000002,0.0,2.0,0.0,2.0,1.0,170.0
1.0,9.0,7.0,1.0,0.45999999999999996,0.45450000000000002,0.81999999999999995,0.1045,2.0,0.0,2.0,1.0,534.0
1.0,9.0,8.0,1.0,0.5,0.48479999999999995,0.68000000000000005,0.089599999999999999,2.0,0.0,2.0,1.0,790.0
1.0,9.0,9.0,1.0,0.56000000000000005,0.53029999999999999,0.59999999999999998,0.089599999999999999,2.0,0.0,2.0,1.0,355.0
1.0,9.0,10.0,1.0,0.58000000000000007,0.54549999999999998,0.53000000000000003,0.089599999999999999,2.0,0.0,2.0,1.0,190.0
1.0,9.0,11.0,1.0,0.62,0.62119999999999997,0.42999999999999999,0.0,2.0,0.0,2.0,1.0,243.0
1.0,9.0,12.0,1.0,0.62,0.62119999999999997,0.42999999999999999,0.1343,2.0,0.0,2.0,1.0,290.0
1.0,9.0,13.0,1.0,0.64000000000000001,0.62119999999999997,0.44,0.1343,2.0,0.0,2.0,1.0,336.0
1.0,9.0,14.0,1.0,0.64000000000000001,0.62119999999999997,0.46999999999999997,0.19399999999999998,2.0,0.0,2.0,1.0,298.0
1.0,9.0,15.0,1.0,0.65999999999999992,0.62119999999999997,0.46999999999999997,0.19399999999999998,2.0,0.0,2.0,1.0,291.0
1.0,9.0,16.0,1.0,0.64000000000000001,0.62119999999999997,0.46999999999999997,0.16420000000000001,2.0,0.0,2.0,1.0,457.0
1.0,9.0,17.0,1.0,0.64000000000000001,0.62119999999999997,0.5,0.22390000000000002,2.0,0.0,2.0,1.0,976.0
1.0,9.0,18.0,1.0,0.60000000000000009,0.62119999999999997,0.56000000000000005,0.25370000000000004,2.0,0.0,2.0,1.0,900.0
1.0,9.0,19.0,1.0,0.58000000000000007,0.54549999999999998,0.59999999999999998,0.22390000000000002,2.0,0.0,2.0,1.0,603.0
1.0,9.0,20.0,1.0,0.56000000000000005,0.53029999999999999,0.64000000000000001,0.1343,2.0,0.0,2.0,1.0,417.0
1.0,9.0,21.0,1.0,0.56000000000000005,0.53029999999999999,0.64000000000000001,0.19399999999999998,2.0,0.0,2.0,1.0,274.0
1.0,9.0,22.0,1.0,0.54000000000000004,0.51519999999999999,0.72999999999999998,0.1045,2.0,0.0,2.0,1.0,287.0
1.0,9.0,23.0,1.0,0.54000000000000004,0.51519999999999999,0.68000000000000005,0.1045,2.0,0.0,2.0,1.0,154.0
1.0,9.0,0.0,1.0,0.54000000000000004,0.51519999999999999,0.68000000000000005,0.0,2.0,0.0,3.0,1.0,66.0
1.0,9.0,1.0,1.0,0.52000000000000002,0.5,0.71999999999999997,0.0,2.0,0.0,3.0,1.0,49.0
1.0,9.0,2.0,1.0,0.52000000000000002,0.5,0.71999999999999997,0.0,2.0,0.0,3.0,1.0,14.0
1.0,9.0,3.0,1.0,0.5,0.48479999999999995,0.77000000000000002,0.089599999999999999,2.0,0.0,3.0,1.0,12.0
1.0,9.0,4.0,1.0,0.5,0.48479999999999995,0.77000000000000002,0.0,2.0,0.0,3.0,1.0,10.0
1.0,9.0,5.0,1.0,0.5,0.48479999999999995,0.81999999999999995,0.0,2.0,0.0,3.0,1.0,49.0
1.0,9.0,6.0,1.0,0.5,0.48479999999999995,0.77000000000000002,0.089599999999999999,2.0,0.0,3.0,1.0,165.0
1.0,9.0,7.0,1.0,0.52000000000000002,0.5,0.77000000000000002,0.0,2.0,0.0,3.0,1.0,503.0
1.0,9.0,8.0,1.0,0.54000000000000004,0.51519999999999999,0.72999999999999998,0.1343,2.0,0.0,3.0,1.0,757.0
1.0,9.0,9.0,1.0,0.58000000000000007,0.54549999999999998,0.68000000000000005,0.1343,2.0,0.0,3.0,1.0,383.0
1.0,9.0,10.0,1.0,0.62,0.60609999999999997,0.60999999999999999,0.22390000000000002,2.0,0.0,3.0,1.0,225.0
1.0,9.0,11.0,1.0,0.65999999999999992,0.62119999999999997,0.56999999999999995,0.22390000000000002,2.0,0.0,3.0,1.0,321.0
1.0,9.0,12.0,1.0,0.67999999999999994,0.63639999999999997,0.56999999999999995,0.16420000000000001,2.0,0.0,3.0,1.0,389.0
1.0,9.0,13.0,1.0,0.69999999999999996,0.65150000000000008,0.54000000000000004,0.16420000000000001,2.0,0.0,3.0,1.0,421.0
1.0,9.0,14.0,1.0,0.69999999999999996,0.65150000000000008,0.54000000000000004,0.29850000000000004,2.0,0.0,3.0,1.0,412.0
1.0,9.0,15.0,1.0,0.69999999999999996,0.65150000000000008,0.54000000000000004,0.22390000000000002,2.0,0.0,3.0,1.0,423.0
1.0,9.0,16.0,1.0,0.69999999999999996,0.65150000000000008,0.54000000000000004,0.19399999999999998,2.0,0.0,3.0,1.0,567.0
1.0,9.0,17.0,1.0,0.67999999999999994,0.63639999999999997,0.56999999999999995,0.28360000000000002,2.0,0.0,3.0,1.0,846.0
1.0,9.0,18.0,1.0,0.65999999999999992,0.62119999999999997,0.60999999999999999,0.25370000000000004,2.0,0.0,3.0,1.0,805.0
1.0,9.0,19.0,1.0,0.64000000000000001,0.60609999999999997,0.65000000000000002,0.25370000000000004,2.0,0.0,3.0,1.0,588.0
1.0,9.0,20.0,1.0,0.62,0.60609999999999997,0.68999999999999995,0.19399999999999998,2.0,0.0,3.0,1.0,369.0
1.0,9.0,21.0,1.0,0.60000000000000009,0.59089999999999998,0.72999999999999998,0.25370000000000004,2.0,0.0,3.0,1.0,312.0
1.0,9.0,22.0,1.0,0.60000000000000009,0.59089999999999998,0.72999999999999998,0.19399999999999998,2.0,0.0,3.0,1.0,295.0
1.0,9.0,23.0,1.0,0.60000000000000009,0.59089999999999998,0.72999999999999998,0.32840000000000003,2.0,0.0,3.0,1.0,186.0
1.0,9.0,0.0,1.0,0.60000000000000009,0.59089999999999998,0.72999999999999998,0.28360000000000002,2.0,0.0,4.0,1.0,172.0
1.0,9.0,1.0,1.0,0.58000000000000007,0.54549999999999998,0.82999999999999996,0.29850000000000004,2.0,0.0,4.0,1.0,124.0
1.0,9.0,2.0,1.0,0.56000000000000005,0.53029999999999999,0.88,0.25370000000000004,2.0,0.0,4.0,1.0,83.0
1.0,9.0,3.0,1.0,0.56000000000000005,0.53029999999999999,0.82999999999999996,0.28360000000000002,2.0,0.0,4.0,1.0,45.0
1.0,9.0,4.0,1.0,0.56000000000000005,0.53029999999999999,0.82999999999999996,0.28360000000000002,2.0,0.0,4.0,1.0,15.0
1.0,9.0,5.0,1.0,0.56000000000000005,0.53029999999999999,0.82999999999999996,0.32840000000000003,2.0,0.0,4.0,1.0,17.0
1.0,9.0,6.0,1.0,0.56000000000000005,0.53029999999999999,0.82999999999999996,0.29850000000000004,2.0,0.0,4.0,1.0,41.0
1.0,9.0,7.0,1.0,0.58000000000000007,0.54549999999999998,0.78000000000000003,0.25370000000000004,2.0,0.0,4.0,1.0,77.0
1.0,9.0,8.0,1.0,0.60000000000000009,0.59089999999999998,0.72999999999999998,0.29850000000000004,2.0,0.0,4.0,1.0,218.0
1.0,9.0,9.0,1.0,0.64000000000000001,0.60609999999999997,0.68999999999999995,0.25370000000000004,2.0,0.0,4.0,1.0,377.0
1.0,9.0,10.0,1.0,0.65999999999999992,0.62119999999999997,0.65000000000000002,0.32840000000000003,2.0,0.0,4.0,1.0,474.0
1.0,9.0,11.0,1.0,0.69999999999999996,0.65150000000000008,0.57999999999999996,0.28360000000000002,2.0,0.0,4.0,1.0,626.0
1.0,9.0,12.0,1.0,0.71999999999999997,0.66670000000000007,0.54000000000000004,0.29850000000000004,2.0,0.0,4.0,1.0,688.0
1.0,9.0,13.0,1.0,0.73999999999999999,0.66670000000000007,0.51000000000000001,0.35820000000000002,2.0,0.0,4.0,1.0,707.0
1.0,9.0,14.0,1.0,0.76000000000000001,0.68180000000000007,0.47999999999999998,0.28360000000000002,2.0,0.0,4.0,1.0,654.0
1.0,9.0,15.0,1.0,0.73999999999999999,0.66670000000000007,0.47999999999999998,0.3881,2.0,0.0,4.0,1.0,750.0
1.0,9.0,16.0,1.0,0.73999999999999999,0.66670000000000007,0.51000000000000001,0.32840000000000003,2.0,0.0,4.0,1.0,680.0
1.0,9.0,17.0,1.0,0.73999999999999999,0.66670000000000007,0.51000000000000001,0.32840000000000003,2.0,0.0,4.0,1.0,646.0
1.0,9.0,18.0,1.0,0.71999999999999997,0.66670000000000007,0.54000000000000004,0.28360000000000002,2.0,0.0,4.0,1.0,598.0
1.0,9.0,19.0,1.0,0.69999999999999996,0.65150000000000008,0.57999999999999996,0.19399999999999998,2.0,0.0,4.0,1.0,407.0
1.0,9.0,20.0,1.0,0.69999999999999996,0.65150000000000008,0.54000000000000004,0.25370000000000004,2.0,0.0,4.0,1.0,325.0
1.0,9.0,21.0,1.0,0.64000000000000001,0.62119999999999997,0.56999999999999995,0.25370000000000004,2.0,0.0,4.0,1.0,261.0
1.0,9.0,22.0,1.0,0.62,0.62119999999999997,0.56999999999999995,0.19399999999999998,2.0,0.0,4.0,1.0,239.0
1.0,9.0,23.0,1.0,0.62,0.62119999999999997,0.5,0.19399999999999998,2.0,0.0,4.0,1.0,171.0
1.0,9.0,0.0,1.0,0.62,0.62119999999999997,0.38,0.25370000000000004,2.0,0.0,5.0,1.0,180.0
1.0,9.0,1.0,1.0,0.54000000000000004,0.51519999999999999,0.52000000000000002,0.35820000000000002,2.0,0.0,5.0,1.0,142.0
1.0,9.0,2.0,1.0,0.52000000000000002,0.5,0.47999999999999998,0.25370000000000004,2.0,0.0,5.0,1.0,95.0
1.0,9.0,3.0,1.0,0.47999999999999998,0.46970000000000001,0.55000000000000004,0.29850000000000004,2.0,0.0,5.0,1.0,54.0
1.0,9.0,4.0,1.0,0.45999999999999996,0.45450000000000002,0.55000000000000004,0.22390000000000002,2.0,0.0,5.0,1.0,10.0
1.0,9.0,5.0,1.0,0.45999999999999996,0.45450000000000002,0.58999999999999997,0.25370000000000004,2.0,0.0,5.0,1.0,6.0
1.0,9.0,6.0,1.0,0.44,0.43939999999999996,0.62,0.25370000000000004,2.0,0.0,5.0,1.0,16.0
1.0,9.0,7.0,1.0,0.45999999999999996,0.45450000000000002,0.58999999999999997,0.22390000000000002,2.0,0.0,5.0,1.0,57.0
1.0,9.0,8.0,1.0,0.47999999999999998,0.46970000000000001,0.55000000000000004,0.35820000000000002,2.0,0.0,5.0,1.0,175.0
1.0,9.0,9.0,1.0,0.5,0.48479999999999995,0.51000000000000001,0.32840000000000003,2.0,0.0,5.0,1.0,276.0
1.0,9.0,10.0,1.0,0.54000000000000004,0.51519999999999999,0.45000000000000001,0.25370000000000004,2.0,0.0,5.0,1.0,489.0
1.0,9.0,11.0,1.0,0.56000000000000005,0.53029999999999999,0.46000000000000002,0.25370000000000004,2.0,0.0,5.0,1.0,570.0
1.0,9.0,12.0,1.0,0.56000000000000005,0.53029999999999999,0.42999999999999999,0.1045,2.0,0.0,5.0,1.0,776.0
1.0,9.0,13.0,1.0,0.60000000000000009,0.62119999999999997,0.38,0.16420000000000001,2.0,0.0,5.0,1.0,702.0
1.0,9.0,14.0,1.0,0.60000000000000009,0.62119999999999997,0.38,0.19399999999999998,2.0,0.0,5.0,1.0,666.0
1.0,9.0,15.0,1.0,0.60000000000000009,0.62119999999999997,0.33000000000000002,0.22390000000000002,2.0,0.0,5.0,1.0,640.0
1.0,9.0,16.0,1.0,0.60000000000000009,0.62119999999999997,0.33000000000000002,0.32840000000000003,2.0,0.0,5.0,1.0,691.0
1.0,9.0,17.0,1.0,0.56000000000000005,0.53029999999999999,0.34999999999999998,0.29850000000000004,2.0,0.0,5.0,1.0,723.0
1.0,9.0,18.0,1.0,0.54000000000000004,0.51519999999999999,0.37,0.19399999999999998,2.0,0.0,5.0,1.0,540.0
1.0,9.0,19.0,1.0,0.52000000000000002,0.5,0.41999999999999998,0.16420000000000001,2.0,0.0,5.0,1.0,413.0
1.0,9.0,20.0,1.0,0.52000000000000002,0.5,0.41999999999999998,0.16420000000000001,2.0,0.0,5.0,1.0,252.0
1.0,9.0,21.0,2.0,0.52000000000000002,0.5,0.47999999999999998,0.1045,2.0,0.0,5.0,1.0,196.0
1.0,9.0,22.0,1.0,0.52000000000000002,0.5,0.47999999999999998,0.0,2.0,0.0,5.0,1.0,138.0
1.0,9.0,23.0,2.0,0.5,0.48479999999999995,0.58999999999999997,0.1045,2.0,0.0,5.0,1.0,100.0
1.0,9.0,0.0,1.0,0.45999999999999996,0.45450000000000002,0.63,0.19399999999999998,3.0,0.0,6.0,0.0,64.0
1.0,9.0,1.0,1.0,0.45999999999999996,0.45450000000000002,0.67000000000000004,0.1343,3.0,0.0,6.0,0.0,18.0
1.0,9.0,2.0,2.0,0.45999999999999996,0.45450000000000002,0.63,0.1343,3.0,0.0,6.0,0.0,8.0
1.0,9.0,3.0,1.0,0.45999999999999996,0.45450000000000002,0.63,0.16420000000000001,3.0,0.0,6.0,0.0,5.0
1.0,9.0,4.0,1.0,0.44,0.43939999999999996,0.67000000000000004,0.1045,3.0,0.0,6.0,0.0,8.0
1.0,9.0,5.0,1.0,0.45999999999999996,0.45450000000000002,0.63,0.0,3.0,0.0,6.0,0.0,37.0
1.0,9.0,6.0,1.0,0.45999999999999996,0.45450000000000002,0.58999999999999997,0.0,3.0,0.0,6.0,0.0,168.0
1.0,9.0,7.0,1.0,0.45999999999999996,0.45450000000000002,0.67000000000000004,0.1343,3.0,0.0,6.0,0.0,530.0
1.0,9.0,8.0,1.0,0.5,0.48479999999999995,0.55000000000000004,0.19399999999999998,3.0,0.0,6.0,0.0,750.0
1.0,9.0,9.0,1.0,0.52000000000000002,0.5,0.52000000000000002,0.19399999999999998,3.0,0.0,6.0,0.0,328.0
1.0,9.0,10.0,1.0,0.54000000000000004,0.51519999999999999,0.48999999999999999,0.22390000000000002,3.0,0.0,6.0,0.0,198.0
1.0,9.0,11.0,1.0,0.56000000000000005,0.53029999999999999,0.37,0.19399999999999998,3.0,0.0,6.0,0.0,238.0
1.0,9.0,12.0,1.0,0.56000000000000005,0.53029999999999999,0.34999999999999998,0.29850000000000004,3.0,0.0,6.0,0.0,342.0
1.0,9.0,13.0,1.0,0.60000000000000009,0.62119999999999997,0.31,0.29850000000000004,3.0,0.0,6.0,0.0,328.0
1.0,9.0,14.0,1.0,0.60000000000000009,0.60609999999999997,0.28000000000000003,0.0,3.0,0.0,6.0,0.0,303.0
1.0,9.0,15.0,1.0,0.60000000000000009,0.62119999999999997,0.31,0.0,3.0,0.0,6.0,0.0,300.0
1.0,9.0,16.0,1.0,0.58000000000000007,0.54549999999999998,0.29999999999999999,0.25370000000000004,3.0,0.0,6.0,0.0,516.0
1.0,9.0,17.0,1.0,0.58000000000000007,0.54549999999999998,0.29999999999999999,0.0,3.0,0.0,6.0,0.0,898.0
1.0,9.0,18.0,1.0,0.54000000000000004,0.51519999999999999,0.37,0.16420000000000001,3.0,0.0,6.0,0.0,853.0
1.0,9.0,19.0,1.0,0.52000000000000002,0.5,0.39000000000000001,0.1343,3.0,0.0,6.0,0.0,590.0
1.0,9.0,20.0,1.0,0.52000000000000002,0.5,0.52000000000000002,0.1045,3.0,0.0,6.0,0.0,432.0
1.0,9.0,21.0,1.0,0.5,0.48479999999999995,0.51000000000000001,0.1343,3.0,0.0,6.0,0.0,256.0
1.0,9.0,22.0,1.0,0.5,0.48479999999999995,0.51000000000000001,0.22390000000000002,3.0,0.0,6.0,0.0,172.0
1.0,9.0,23.0,1.0,0.45999999999999996,0.45450000000000002,0.63,0.1343,3.0,0.0,6.0,0.0,94.0
1.0,9.0,0.0,1.0,0.45999999999999996,0.45450000000000002,0.67000000000000004,0.16420000000000001,3.0,0.0,7.0,0.0,64.0
1.0,9.0,1.0,1.0,0.44,0.43939999999999996,0.71999999999999997,0.1343,3.0,0.0,7.0,0.0,13.0
1.0,9.0,2.0,1.0,0.41999999999999998,0.42420000000000002,0.77000000000000002,0.1343,3.0,0.0,7.0,0.0,14.0
1.0,9.0,3.0,1.0,0.41999999999999998,0.42420000000000002,0.70999999999999996,0.089599999999999999,3.0,0.0,7.0,0.0,5.0
1.0,9.0,4.0,1.0,0.41999999999999998,0.42420000000000002,0.70999999999999996,0.1343,3.0,0.0,7.0,0.0,9.0
1.0,9.0,5.0,1.0,0.41999999999999998,0.42420000000000002,0.77000000000000002,0.089599999999999999,3.0,0.0,7.0,0.0,47.0
1.0,9.0,6.0,1.0,0.44,0.43939999999999996,0.77000000000000002,0.22390000000000002,3.0,0.0,7.0,0.0,194.0
1.0,9.0,7.0,1.0,0.44,0.43939999999999996,0.77000000000000002,0.19399999999999998,3.0,0.0,7.0,0.0,556.0
1.0,9.0,8.0,1.0,0.47999999999999998,0.46970000000000001,0.67000000000000004,0.19399999999999998,3.0,0.0,7.0,0.0,805.0
1.0,9.0,9.0,1.0,0.54000000000000004,0.51519999999999999,0.56000000000000005,0.25370000000000004,3.0,0.0,7.0,0.0,409.0
1.0,9.0,10.0,1.0,0.56000000000000005,0.53029999999999999,0.52000000000000002,0.29850000000000004,3.0,0.0,7.0,0.0,170.0
1.0,9.0,11.0,1.0,0.60000000000000009,0.62119999999999997,0.46000000000000002,0.29850000000000004,3.0,0.0,7.0,0.0,218.0
1.0,9.0,12.0,1.0,0.62,0.62119999999999997,0.42999999999999999,0.28360000000000002,3.0,0.0,7.0,0.0,302.0
1.0,9.0,13.0,1.0,0.64000000000000001,0.62119999999999997,0.46999999999999997,0.25370000000000004,3.0,0.0,7.0,0.0,305.0
1.0,9.0,14.0,1.0,0.65999999999999992,0.62119999999999997,0.39000000000000001,0.32840000000000003,3.0,0.0,7.0,0.0,293.0
1.0,9.0,15.0,1.0,0.65999999999999992,0.62119999999999997,0.35999999999999999,0.32840000000000003,3.0,0.0,7.0,0.0,303.0
1.0,9.0,16.0,1.0,0.65999999999999992,0.62119999999999997,0.39000000000000001,0.29850000000000004,3.0,0.0,7.0,0.0,495.0
1.0,9.0,17.0,1.0,0.65999999999999992,0.62119999999999997,0.39000000000000001,0.28360000000000002,3.0,0.0,7.0,0.0,967.0
1.0,9.0,18.0,1.0,0.64000000000000001,0.62119999999999997,0.40999999999999998,0.22390000000000002,3.0,0.0,7.0,0.0,822.0
1.0,9.0,19.0,1.0,0.62,0.62119999999999997,0.5,0.25370000000000004,3.0,0.0,7.0,0.0,539.0
1.0,9.0,20.0,1.0,0.60000000000000009,0.62119999999999997,0.56000000000000005,0.29850000000000004,3.0,0.0,7.0,0.0,425.0
1.0,9.0,21.0,1.0,0.60000000000000009,0.62119999999999997,0.56000000000000005,0.29850000000000004,3.0,0.0,7.0,0.0,297.0
1.0,9.0,22.0,1.0,0.60000000000000009,0.62119999999999997,0.56000000000000005,0.28360000000000002,3.0,0.0,7.0,0.0,188.0
1.0,9.0,23.0,1.0,0.60000000000000009,0.62119999999999997,0.56000000000000005,0.32840000000000003,3.0,0.0,7.0,0.0,98.0
1.0,9.0,0.0,1.0,0.58000000000000007,0.54549999999999998,0.64000000000000001,0.29850000000000004,3.0,0.0,1.0,1.0,40.0
1.0,9.0,1.0,1.0,0.58000000000000007,0.54549999999999998,0.64000000000000001,0.32840000000000003,3.0,0.0,1.0,1.0,29.0
1.0,9.0,2.0,2.0,0.58000000000000007,0.54549999999999998,0.64000000000000001,0.28360000000000002,3.0,0.0,1.0,1.0,17.0
1.0,9.0,3.0,2.0,0.58000000000000007,0.54549999999999998,0.64000000000000001,0.28360000000000002,3.0,0.0,1.0,1.0,10.0
1.0,9.0,4.0,1.0,0.56000000000000005,0.53029999999999999,0.72999999999999998,0.25370000000000004,3.0,0.0,1.0,1.0,14.0
1.0,9.0,5.0,1.0,0.56000000000000005,0.53029999999999999,0.72999999999999998,0.22390000000000002,3.0,0.0,1.0,1.0,36.0
1.0,9.0,6.0,1.0,0.54000000000000004,0.51519999999999999,0.72999999999999998,0.19399999999999998,3.0,0.0,1.0,1.0,182.0
1.0,9.0,7.0,1.0,0.54000000000000004,0.51519999999999999,0.77000000000000002,0.1343,3.0,0.0,1.0,1.0,532.0
1.0,9.0,8.0,1.0,0.56000000000000005,0.53029999999999999,0.72999999999999998,0.29850000000000004,3.0,0.0,1.0,1.0,838.0
1.0,9.0,9.0,1.0,0.60000000000000009,0.60609999999999997,0.64000000000000001,0.19399999999999998,3.0,0.0,1.0,1.0,334.0
1.0,9.0,10.0,1.0,0.60000000000000009,0.59089999999999998,0.72999999999999998,0.28360000000000002,3.0,0.0,1.0,1.0,185.0
1.0,9.0,11.0,1.0,0.64000000000000001,0.62119999999999997,0.60999999999999999,0.25370000000000004,3.0,0.0,1.0,1.0,227.0
1.0,9.0,12.0,1.0,0.67999999999999994,0.63639999999999997,0.60999999999999999,0.22390000000000002,3.0,0.0,1.0,1.0,316.0
1.0,9.0,13.0,1.0,0.69999999999999996,0.65150000000000008,0.57999999999999996,0.22390000000000002,3.0,0.0,1.0,1.0,340.0
1.0,9.0,14.0,1.0,0.73999999999999999,0.66670000000000007,0.47999999999999998,0.28360000000000002,3.0,0.0,1.0,1.0,277.0
1.0,9.0,15.0,1.0,0.73999999999999999,0.66670000000000007,0.47999999999999998,0.29850000000000004,3.0,0.0,1.0,1.0,300.0
1.0,9.0,16.0,1.0,0.73999999999999999,0.66670000000000007,0.45000000000000001,0.28360000000000002,3.0,0.0,1.0,1.0,468.0
1.0,9.0,17.0,1.0,0.73999999999999999,0.66670000000000007,0.47999999999999998,0.29850000000000004,3.0,0.0,1.0,1.0,953.0
1.0,9.0,18.0,1.0,0.73999999999999999,0.66670000000000007,0.47999999999999998,0.22390000000000002,3.0,0.0,1.0,1.0,884.0
1.0,9.0,19.0,1.0,0.69999999999999996,0.65150000000000008,0.54000000000000004,0.16420000000000001,3.0,0.0,1.0,1.0,627.0
1.0,9.0,20.0,1.0,0.65999999999999992,0.62119999999999997,0.68999999999999995,0.19399999999999998,3.0,0.0,1.0,1.0,434.0
1.0,9.0,21.0,1.0,0.65999999999999992,0.62119999999999997,0.65000000000000002,0.19399999999999998,3.0,0.0,1.0,1.0,360.0
1.0,9.0,22.0,3.0,0.62,0.60609999999999997,0.68999999999999995,0.19399999999999998,3.0,0.0,1.0,1.0,215.0
1.0,9.0,23.0,2.0,0.60000000000000009,0.57579999999999998,0.78000000000000003,0.25370000000000004,3.0,0.0,1.0,1.0,115.0
1.0,9.0,0.0,1.0,0.60000000000000009,0.57579999999999998,0.78000000000000003,0.089599999999999999,3.0,0.0,2.0,1.0,65.0
1.0,9.0,1.0,1.0,0.60000000000000009,0.57579999999999998,0.78000000000000003,0.089599999999999999,3.0,0.0,2.0,1.0,21.0
1.0,9.0,2.0,1.0,0.60000000000000009,0.57579999999999998,0.78000000000000003,0.089599999999999999,3.0,0.0,2.0,1.0,16.0
1.0,9.0,3.0,1.0,0.60000000000000009,0.57579999999999998,0.78000000000000003,0.0,3.0,0.0,2.0,1.0,7.0
1.0,9.0,4.0,1.0,0.56000000000000005,0.53029999999999999,0.93999999999999995,0.1343,3.0,0.0,2.0,1.0,8.0
1.0,9.0,5.0,1.0,0.58000000000000007,0.54549999999999998,0.82999999999999996,0.0,3.0,0.0,2.0,1.0,66.0
1.0,9.0,6.0,1.0,0.56000000000000005,0.53029999999999999,0.88,0.089599999999999999,3.0,0.0,2.0,1.0,169.0
1.0,9.0,7.0,1.0,0.60000000000000009,0.57579999999999998,0.78000000000000003,0.0,3.0,0.0,2.0,1.0,558.0
1.0,9.0,8.0,1.0,0.62,0.60609999999999997,0.70999999999999996,0.089599999999999999,3.0,0.0,2.0,1.0,794.0
1.0,9.0,9.0,1.0,0.65999999999999992,0.62119999999999997,0.65000000000000002,0.0,3.0,0.0,2.0,1.0,335.0
1.0,9.0,10.0,2.0,0.69999999999999996,0.65150000000000008,0.51000000000000001,0.28360000000000002,3.0,0.0,2.0,1.0,208.0
1.0,9.0,11.0,2.0,0.71999999999999997,0.66670000000000007,0.51000000000000001,0.16420000000000001,3.0,0.0,2.0,1.0,294.0
1.0,9.0,12.0,2.0,0.73999999999999999,0.66670000000000007,0.47999999999999998,0.1343,3.0,0.0,2.0,1.0,335.0
1.0,9.0,13.0,2.0,0.73999999999999999,0.66670000000000007,0.47999999999999998,0.0,3.0,0.0,2.0,1.0,326.0
1.0,9.0,14.0,2.0,0.76000000000000001,0.68180000000000007,0.45000000000000001,0.089599999999999999,3.0,0.0,2.0,1.0,258.0
1.0,9.0,15.0,2.0,0.76000000000000001,0.68180000000000007,0.45000000000000001,0.0,3.0,0.0,2.0,1.0,296.0
1.0,9.0,16.0,2.0,0.71999999999999997,0.66670000000000007,0.57999999999999996,0.32840000000000003,3.0,0.0,2.0,1.0,472.0
1.0,9.0,17.0,2.0,0.65999999999999992,0.62119999999999997,0.68999999999999995,0.29850000000000004,3.0,0.0,2.0,1.0,905.0
1.0,9.0,18.0,2.0,0.65999999999999992,0.62119999999999997,0.68999999999999995,0.22390000000000002,3.0,0.0,2.0,1.0,899.0
1.0,9.0,19.0,1.0,0.65999999999999992,0.62119999999999997,0.65000000000000002,0.1343,3.0,0.0,2.0,1.0,559.0
1.0,9.0,20.0,2.0,0.64000000000000001,0.60609999999999997,0.68999999999999995,0.22390000000000002,3.0,0.0,2.0,1.0,457.0
1.0,9.0,21.0,3.0,0.62,0.57579999999999998,0.82999999999999996,0.29850000000000004,3.0,0.0,2.0,1.0,253.0
1.0,9.0,22.0,3.0,0.62,0.57579999999999998,0.82999999999999996,0.29850000000000004,3.0,0.0,2.0,1.0,47.0
1.0,9.0,23.0,3.0,0.62,0.57579999999999998,0.82999999999999996,0.16420000000000001,3.0,0.0,2.0,1.0,45.0
1.0,9.0,0.0,3.0,0.60000000000000009,0.54549999999999998,0.88,0.16420000000000001,3.0,0.0,3.0,1.0,17.0
1.0,9.0,1.0,3.0,0.60000000000000009,0.54549999999999998,0.88,0.0,3.0,0.0,3.0,1.0,13.0
1.0,9.0,2.0,3.0,0.60000000000000009,0.54549999999999998,0.88,0.29850000000000004,3.0,0.0,3.0,1.0,10.0
1.0,9.0,3.0,2.0,0.60000000000000009,0.56059999999999999,0.82999999999999996,0.1343,3.0,0.0,3.0,1.0,7.0
1.0,9.0,4.0,3.0,0.56000000000000005,0.53029999999999999,0.88,0.1045,3.0,0.0,3.0,1.0,12.0
1.0,9.0,5.0,1.0,0.56000000000000005,0.53029999999999999,0.88,0.0,3.0,0.0,3.0,1.0,38.0
1.0,9.0,6.0,2.0,0.56000000000000005,0.53029999999999999,0.93999999999999995,0.089599999999999999,3.0,0.0,3.0,1.0,138.0
1.0,9.0,7.0,2.0,0.56000000000000005,0.53029999999999999,0.93999999999999995,0.0,3.0,0.0,3.0,1.0,394.0
1.0,9.0,8.0,1.0,0.60000000000000009,0.56059999999999999,0.82999999999999996,0.089599999999999999,3.0,0.0,3.0,1.0,705.0
1.0,9.0,9.0,2.0,0.62,0.57579999999999998,0.82999999999999996,0.1045,3.0,0.0,3.0,1.0,426.0
1.0,9.0,10.0,2.0,0.64000000000000001,0.59089999999999998,0.78000000000000003,0.1343,3.0,0.0,3.0,1.0,245.0
1.0,9.0,11.0,2.0,0.65999999999999992,0.62119999999999997,0.68999999999999995,0.0,3.0,0.0,3.0,1.0,361.0
1.0,9.0,12.0,2.0,0.69999999999999996,0.65150000000000008,0.54000000000000004,0.25370000000000004,3.0,0.0,3.0,1.0,380.0
1.0,9.0,13.0,2.0,0.69999999999999996,0.65150000000000008,0.51000000000000001,0.25370000000000004,3.0,0.0,3.0,1.0,410.0
1.0,9.0,14.0,2.0,0.69999999999999996,0.65150000000000008,0.54000000000000004,0.25370000000000004,3.0,0.0,3.0,1.0,399.0
1.0,9.0,15.0,2.0,0.67999999999999994,0.63639999999999997,0.54000000000000004,0.28360000000000002,3.0,0.0,3.0,1.0,392.0
1.0,9.0,16.0,2.0,0.65999999999999992,0.62119999999999997,0.5,0.22390000000000002,3.0,0.0,3.0,1.0,502.0
1.0,9.0,17.0,2.0,0.65999999999999992,0.62119999999999997,0.54000000000000004,0.29850000000000004,3.0,0.0,3.0,1.0,808.0
1.0,9.0,18.0,2.0,0.64000000000000001,0.62119999999999997,0.5,0.22390000000000002,3.0,0.0,3.0,1.0,667.0
1.0,9.0,19.0,3.0,0.62,0.62119999999999997,0.5,0.25370000000000004,3.0,0.0,3.0,1.0,508.0
1.0,9.0,20.0,3.0,0.60000000000000009,0.62119999999999997,0.53000000000000003,0.16420000000000001,3.0,0.0,3.0,1.0,336.0
1.0,9.0,21.0,3.0,0.60000000000000009,0.62119999999999997,0.53000000000000003,0.19399999999999998,3.0,0.0,3.0,1.0,237.0
1.0,9.0,22.0,2.0,0.58000000000000007,0.54549999999999998,0.53000000000000003,0.22390000000000002,3.0,0.0,3.0,1.0,220.0
1.0,9.0,23.0,2.0,0.56000000000000005,0.53029999999999999,0.56000000000000005,0.19399999999999998,3.0,0.0,3.0,1.0,190.0
1.0,9.0,0.0,1.0,0.54000000000000004,0.51519999999999999,0.59999999999999998,0.22390000000000002,3.0,0.0,4.0,1.0,149.0
1.0,9.0,1.0,1.0,0.54000000000000004,0.51519999999999999,0.59999999999999998,0.22390000000000002,3.0,0.0,4.0,1.0,101.0
1.0,9.0,2.0,2.0,0.54000000000000004,0.51519999999999999,0.56000000000000005,0.22390000000000002,3.0,0.0,4.0,1.0,92.0
1.0,9.0,3.0,2.0,0.52000000000000002,0.5,0.58999999999999997,0.19399999999999998,3.0,0.0,4.0,1.0,29.0
1.0,9.0,4.0,1.0,0.52000000000000002,0.5,0.58999999999999997,0.25370000000000004,3.0,0.0,4.0,1.0,14.0
1.0,9.0,5.0,1.0,0.5,0.48479999999999995,0.63,0.19399999999999998,3.0,0.0,4.0,1.0,15.0
1.0,9.0,6.0,1.0,0.5,0.48479999999999995,0.63,0.25370000000000004,3.0,0.0,4.0,1.0,37.0
1.0,9.0,7.0,1.0,0.47999999999999998,0.46970000000000001,0.67000000000000004,0.28360000000000002,3.0,0.0,4.0,1.0,73.0
1.0,9.0,8.0,1.0,0.5,0.48479999999999995,0.68000000000000005,0.28360000000000002,3.0,0.0,4.0,1.0,211.0
1.0,9.0,9.0,1.0,0.5,0.48479999999999995,0.63,0.19399999999999998,3.0,0.0,4.0,1.0,332.0
1.0,9.0,10.0,1.0,0.54000000000000004,0.51519999999999999,0.56000000000000005,0.25370000000000004,3.0,0.0,4.0,1.0,472.0
1.0,9.0,11.0,1.0,0.56000000000000005,0.53029999999999999,0.52000000000000002,0.28360000000000002,3.0,0.0,4.0,1.0,663.0
1.0,9.0,12.0,1.0,0.62,0.62119999999999997,0.40999999999999998,0.29850000000000004,3.0,0.0,4.0,1.0,682.0
1.0,9.0,13.0,1.0,0.62,0.62119999999999997,0.40999999999999998,0.29850000000000004,3.0,0.0,4.0,1.0,686.0
1.0,9.0,14.0,1.0,0.60000000000000009,0.62119999999999997,0.40000000000000002,0.25370000000000004,3.0,0.0,4.0,1.0,750.0
1.0,9.0,15.0,1.0,0.60000000000000009,0.62119999999999997,0.42999999999999999,0.25370000000000004,3.0,0.0,4.0,1.0,727.0
1.0,9.0,16.0,1.0,0.62,0.62119999999999997,0.40999999999999998,0.25370000000000004,3.0,0.0,4.0,1.0,722.0
1.0,9.0,17.0,1.0,0.60000000000000009,0.62119999999999997,0.38,0.35820000000000002,3.0,0.0,4.0,1.0,712.0
1.0,9.0,18.0,1.0,0.56000000000000005,0.53029999999999999,0.46000000000000002,0.19399999999999998,3.0,0.0,4.0,1.0,594.0
1.0,9.0,19.0,1.0,0.52000000000000002,0.5,0.55000000000000004,0.16420000000000001,3.0,0.0,4.0,1.0,470.0
1.0,9.0,20.0,1.0,0.52000000000000002,0.5,0.55000000000000004,0.19399999999999998,3.0,0.0,4.0,1.0,315.0
1.0,9.0,21.0,1.0,0.52000000000000002,0.5,0.55000000000000004,0.1343,3.0,0.0,4.0,1.0,292.0
1.0,9.0,22.0,1.0,0.5,0.48479999999999995,0.63,0.1045,3.0,0.0,4.0,1.0,221.0
1.0,9.0,23.0,1.0,0.5,0.48479999999999995,0.58999999999999997,0.089599999999999999,3.0,0.0,4.0,1.0,196.0
1.0,9.0,0.0,1.0,0.5,0.48479999999999995,0.58999999999999997,0.0,3.0,0.0,5.0,1.0,147.0
1.0,9.0,1.0,1.0,0.5,0.48479999999999995,0.58999999999999997,0.0,3.0,0.0,5.0,1.0,116.0
1.0,9.0,2.0,1.0,0.47999999999999998,0.46970000000000001,0.63,0.0,3.0,0.0,5.0,1.0,92.0
1.0,9.0,3.0,1.0,0.45999999999999996,0.45450000000000002,0.67000000000000004,0.089599999999999999,3.0,0.0,5.0,1.0,58.0
1.0,9.0,4.0,1.0,0.45999999999999996,0.45450000000000002,0.67000000000000004,0.089599999999999999,3.0,0.0,5.0,1.0,7.0
1.0,9.0,5.0,1.0,0.44,0.43939999999999996,0.71999999999999997,0.0,3.0,0.0,5.0,1.0,10.0
1.0,9.0,6.0,1.0,0.44,0.43939999999999996,0.71999999999999997,0.089599999999999999,3.0,0.0,5.0,1.0,22.0
1.0,9.0,7.0,1.0,0.44,0.43939999999999996,0.77000000000000002,0.0,3.0,0.0,5.0,1.0,57.0
1.0,9.0,8.0,1.0,0.47999999999999998,0.46970000000000001,0.67000000000000004,0.1045,3.0,0.0,5.0,1.0,144.0
1.0,9.0,9.0,1.0,0.52000000000000002,0.5,0.63,0.1045,3.0,0.0,5.0,1.0,285.0
1.0,9.0,10.0,1.0,0.58000000000000007,0.54549999999999998,0.46000000000000002,0.16420000000000001,3.0,0.0,5.0,1.0,479.0
1.0,9.0,11.0,1.0,0.60000000000000009,0.62119999999999997,0.42999999999999999,0.22390000000000002,3.0,0.0,5.0,1.0,591.0
1.0,9.0,12.0,1.0,0.62,0.62119999999999997,0.40999999999999998,0.29850000000000004,3.0,0.0,5.0,1.0,680.0
1.0,9.0,13.0,1.0,0.62,0.62119999999999997,0.40999999999999998,0.25370000000000004,3.0,0.0,5.0,1.0,594.0
1.0,9.0,14.0,1.0,0.62,0.62119999999999997,0.40999999999999998,0.25370000000000004,3.0,0.0,5.0,1.0,612.0
1.0,9.0,15.0,1.0,0.64000000000000001,0.62119999999999997,0.35999999999999999,0.25370000000000004,3.0,0.0,5.0,1.0,649.0
1.0,9.0,16.0,1.0,0.64000000000000001,0.62119999999999997,0.35999999999999999,0.22390000000000002,3.0,0.0,5.0,1.0,648.0
1.0,9.0,17.0,1.0,0.62,0.62119999999999997,0.34999999999999998,0.28360000000000002,3.0,0.0,5.0,1.0,575.0
1.0,9.0,18.0,1.0,0.52000000000000002,0.5,0.58999999999999997,0.44780000000000003,3.0,0.0,5.0,1.0,401.0
1.0,9.0,19.0,3.0,0.5,0.48479999999999995,0.71999999999999997,0.1343,3.0,0.0,5.0,1.0,257.0
1.0,9.0,20.0,3.0,0.5,0.48479999999999995,0.71999999999999997,0.1343,3.0,0.0,5.0,1.0,194.0
1.0,9.0,21.0,1.0,0.5,0.48479999999999995,0.68000000000000005,0.0,3.0,0.0,5.0,1.0,123.0
1.0,9.0,22.0,1.0,0.47999999999999998,0.46970000000000001,0.71999999999999997,0.0,3.0,0.0,5.0,1.0,91.0
1.0,9.0,23.0,1.0,0.47999999999999998,0.46970000000000001,0.71999999999999997,0.089599999999999999,3.0,0.0,5.0,1.0,57.0
1.0,10.0,0.0,1.0,0.45999999999999996,0.45450000000000002,0.71999999999999997,0.1045,3.0,0.0,6.0,0.0,45.0
1.0,10.0,1.0,1.0,0.44,0.43939999999999996,0.77000000000000002,0.089599999999999999,3.0,0.0,6.0,0.0,18.0
1.0,10.0,2.0,1.0,0.45999999999999996,0.45450000000000002,0.71999999999999997,0.0,3.0,0.0,6.0,0.0,12.0
1.0,10.0,3.0,1.0,0.44,0.43939999999999996,0.77000000000000002,0.0,3.0,0.0,6.0,0.0,7.0
1.0,10.0,4.0,1.0,0.41999999999999998,0.42420000000000002,0.81999999999999995,0.1045,3.0,0.0,6.0,0.0,10.0
1.0,10.0,5.0,1.0,0.44,0.43939999999999996,0.77000000000000002,0.0,3.0,0.0,6.0,0.0,36.0
1.0,10.0,6.0,1.0,0.44,0.43939999999999996,0.77000000000000002,0.1045,3.0,0.0,6.0,0.0,155.0
1.0,10.0,7.0,1.0,0.44,0.43939999999999996,0.77000000000000002,0.16420000000000001,3.0,0.0,6.0,0.0,483.0
1.0,10.0,8.0,2.0,0.45999999999999996,0.45450000000000002,0.77000000000000002,0.1045,3.0,0.0,6.0,0.0,784.0
1.0,10.0,9.0,2.0,0.52000000000000002,0.5,0.63,0.0,3.0,0.0,6.0,0.0,340.0
1.0,10.0,10.0,1.0,0.54000000000000004,0.51519999999999999,0.56000000000000005,0.0,3.0,0.0,6.0,0.0,179.0
1.0,10.0,11.0,1.0,0.58000000000000007,0.54549999999999998,0.46000000000000002,0.0,3.0,0.0,6.0,0.0,272.0
1.0,10.0,12.0,2.0,0.60000000000000009,0.62119999999999997,0.42999999999999999,0.16420000000000001,3.0,0.0,6.0,0.0,323.0
1.0,10.0,13.0,2.0,0.60000000000000009,0.62119999999999997,0.42999999999999999,0.16420000000000001,3.0,0.0,6.0,0.0,305.0
1.0,10.0,14.0,2.0,0.60000000000000009,0.62119999999999997,0.42999999999999999,0.1045,3.0,0.0,6.0,0.0,244.0
1.0,10.0,15.0,2.0,0.62,0.62119999999999997,0.42999999999999999,0.1343,3.0,0.0,6.0,0.0,329.0
1.0,10.0,16.0,2.0,0.62,0.62119999999999997,0.46000000000000002,0.25370000000000004,3.0,0.0,6.0,0.0,459.0
1.0,10.0,17.0,3.0,0.56000000000000005,0.53029999999999999,0.59999999999999998,0.25370000000000004,3.0,0.0,6.0,0.0,856.0
1.0,10.0,18.0,3.0,0.56000000000000005,0.53029999999999999,0.64000000000000001,0.1045,3.0,0.0,6.0,0.0,613.0
1.0,10.0,19.0,2.0,0.54000000000000004,0.51519999999999999,0.68000000000000005,0.1045,3.0,0.0,6.0,0.0,516.0
1.0,10.0,20.0,3.0,0.54000000000000004,0.51519999999999999,0.68000000000000005,0.0,3.0,0.0,6.0,0.0,262.0
1.0,10.0,21.0,2.0,0.54000000000000004,0.51519999999999999,0.72999999999999998,0.1343,3.0,0.0,6.0,0.0,218.0
1.0,10.0,22.0,3.0,0.54000000000000004,0.51519999999999999,0.77000000000000002,0.089599999999999999,3.0,0.0,6.0,0.0,207.0
1.0,10.0,23.0,3.0,0.54000000000000004,0.51519999999999999,0.77000000000000002,0.0,3.0,0.0,6.0,0.0,105.0
1.0,10.0,0.0,2.0,0.56000000000000005,0.53029999999999999,0.72999999999999998,0.0,3.0,0.0,7.0,0.0,31.0
1.0,10.0,1.0,2.0,0.54000000000000004,0.51519999999999999,0.77000000000000002,0.1045,3.0,0.0,7.0,0.0,11.0
1.0,10.0,2.0,2.0,0.54000000000000004,0.51519999999999999,0.77000000000000002,0.1045,3.0,0.0,7.0,0.0,2.0
1.0,10.0,3.0,2.0,0.54000000000000004,0.51519999999999999,0.88,0.19399999999999998,3.0,0.0,7.0,0.0,5.0
1.0,10.0,4.0,2.0,0.56000000000000005,0.53029999999999999,0.82999999999999996,0.089599999999999999,3.0,0.0,7.0,0.0,10.0
1.0,10.0,5.0,2.0,0.56000000000000005,0.53029999999999999,0.82999999999999996,0.1343,3.0,0.0,7.0,0.0,43.0
1.0,10.0,6.0,3.0,0.58000000000000007,0.54549999999999998,0.82999999999999996,0.1045,3.0,0.0,7.0,0.0,179.0
1.0,10.0,7.0,3.0,0.58000000000000007,0.54549999999999998,0.82999999999999996,0.1045,3.0,0.0,7.0,0.0,260.0
1.0,10.0,8.0,3.0,0.60000000000000009,0.54549999999999998,0.88,0.0,3.0,0.0,7.0,0.0,134.0
1.0,10.0,9.0,3.0,0.58000000000000007,0.54549999999999998,0.88,0.1343,3.0,0.0,7.0,0.0,86.0
1.0,10.0,10.0,3.0,0.58000000000000007,0.54549999999999998,0.88,0.1343,3.0,0.0,7.0,0.0,45.0
1.0,10.0,11.0,3.0,0.58000000000000007,0.54549999999999998,0.93999999999999995,0.1343,3.0,0.0,7.0,0.0,99.0
1.0,10.0,12.0,2.0,0.60000000000000009,0.54549999999999998,0.88,0.19399999999999998,3.0,0.0,7.0,0.0,104.0
1.0,10.0,13.0,2.0,0.60000000000000009,0.54549999999999998,0.88,0.1343,3.0,0.0,7.0,0.0,154.0
1.0,10.0,14.0,3.0,0.60000000000000009,0.54549999999999998,0.88,0.1343,3.0,0.0,7.0,0.0,163.0
1.0,10.0,15.0,3.0,0.62,0.57579999999999998,0.82999999999999996,0.1343,3.0,0.0,7.0,0.0,209.0
1.0,10.0,16.0,3.0,0.62,0.56059999999999999,0.88,0.1343,3.0,0.0,7.0,0.0,374.0
1.0,10.0,17.0,3.0,0.62,0.56059999999999999,0.88,0.1045,3.0,0.0,7.0,0.0,715.0
1.0,10.0,18.0,3.0,0.62,0.54549999999999998,0.93999999999999995,0.089599999999999999,3.0,0.0,7.0,0.0,687.0
1.0,10.0,19.0,3.0,0.62,0.54549999999999998,0.93999999999999995,0.0,3.0,0.0,7.0,0.0,395.0
1.0,10.0,20.0,3.0,0.62,0.54549999999999998,0.93999999999999995,0.1343,3.0,0.0,7.0,0.0,306.0
1.0,10.0,21.0,3.0,0.62,0.54549999999999998,0.93999999999999995,0.1045,3.0,0.0,7.0,0.0,289.0
1.0,10.0,22.0,2.0,0.62,0.54549999999999998,0.93999999999999995,0.1045,3.0,0.0,7.0,0.0,240.0
1.0,10.0,23.0,2.0,0.62,0.54549999999999998,0.93999999999999995,0.0,3.0,0.0,7.0,0.0,98.0
1.0,10.0,0.0,3.0,0.62,0.54549999999999998,0.93999999999999995,0.0,3.0,0.0,1.0,1.0,52.0
1.0,10.0,1.0,2.0,0.62,0.54549999999999998,0.93999999999999995,0.0,3.0,0.0,1.0,1.0,19.0
1.0,10.0,2.0,2.0,0.62,0.54549999999999998,0.93999999999999995,0.0,3.0,0.0,1.0,1.0,9.0
1.0,10.0,3.0,2.0,0.60000000000000009,0.51519999999999999,0.93999999999999995,0.0,3.0,0.0,1.0,1.0,7.0
1.0,10.0,4.0,2.0,0.60000000000000009,0.5,1.0,0.0,3.0,0.0,1.0,1.0,11.0
1.0,10.0,5.0,2.0,0.62,0.54549999999999998,0.93999999999999995,0.1045,3.0,0.0,1.0,1.0,34.0
1.0,10.0,6.0,2.0,0.60000000000000009,0.51519999999999999,0.93999999999999995,0.1343,3.0,0.0,1.0,1.0,177.0
1.0,10.0,7.0,2.0,0.60000000000000009,0.51519999999999999,0.93999999999999995,0.19399999999999998,3.0,0.0,1.0,1.0,515.0
1.0,10.0,8.0,2.0,0.62,0.56059999999999999,0.88,0.1045,3.0,0.0,1.0,1.0,809.0
1.0,10.0,9.0,2.0,0.62,0.57579999999999998,0.82999999999999996,0.19399999999999998,3.0,0.0,1.0,1.0,362.0
1.0,10.0,10.0,1.0,0.65999999999999992,0.60609999999999997,0.78000000000000003,0.16420000000000001,3.0,0.0,1.0,1.0,175.0
1.0,10.0,11.0,1.0,0.65999999999999992,0.60609999999999997,0.78000000000000003,0.16420000000000001,3.0,0.0,1.0,1.0,230.0
1.0,10.0,12.0,2.0,0.69999999999999996,0.65150000000000008,0.69999999999999996,0.1045,3.0,0.0,1.0,1.0,358.0
1.0,10.0,13.0,2.0,0.69999999999999996,0.66670000000000007,0.73999999999999999,0.1045,3.0,0.0,1.0,1.0,279.0
1.0,10.0,14.0,2.0,0.71999999999999997,0.68180000000000007,0.69999999999999996,0.16420000000000001,3.0,0.0,1.0,1.0,251.0
1.0,10.0,15.0,2.0,0.71999999999999997,0.68180000000000007,0.62,0.16420000000000001,3.0,0.0,1.0,1.0,319.0
1.0,10.0,16.0,2.0,0.71999999999999997,0.66670000000000007,0.57999999999999996,0.0,3.0,0.0,1.0,1.0,478.0
1.0,10.0,17.0,1.0,0.69999999999999996,0.65150000000000008,0.65000000000000002,0.0,3.0,0.0,1.0,1.0,917.0
1.0,10.0,18.0,1.0,0.69999999999999996,0.65150000000000008,0.65000000000000002,0.0,3.0,0.0,1.0,1.0,810.0
1.0,10.0,19.0,1.0,0.69999999999999996,0.65150000000000008,0.65000000000000002,0.0,3.0,0.0,1.0,1.0,593.0
1.0,10.0,20.0,1.0,0.69999999999999996,0.65150000000000008,0.65000000000000002,0.0,3.0,0.0,1.0,1.0,497.0
1.0,10.0,21.0,2.0,0.65999999999999992,0.62119999999999997,0.73999999999999999,0.0,3.0,0.0,1.0,1.0,209.0
1.0,10.0,22.0,1.0,0.65999999999999992,0.62119999999999997,0.73999999999999999,0.0,3.0,0.0,1.0,1.0,241.0
1.0,10.0,23.0,2.0,0.65999999999999992,0.60609999999999997,0.78000000000000003,0.0,3.0,0.0,1.0,1.0,220.0
1.0,10.0,0.0,3.0,0.64000000000000001,0.57579999999999998,0.89000000000000001,0.0,3.0,0.0,2.0,1.0,76.0
1.0,10.0,1.0,2.0,0.62,0.54549999999999998,0.93999999999999995,0.0,3.0,0.0,2.0,1.0,25.0
1.0,10.0,2.0,1.0,0.64000000000000001,0.57579999999999998,0.89000000000000001,0.0,3.0,0.0,2.0,1.0,13.0
1.0,10.0,3.0,2.0,0.62,0.56059999999999999,0.88,0.0,3.0,0.0,2.0,1.0,11.0
1.0,10.0,4.0,2.0,0.64000000000000001,0.57579999999999998,0.89000000000000001,0.0,3.0,0.0,2.0,1.0,10.0
1.0,10.0,5.0,3.0,0.64000000000000001,0.57579999999999998,0.89000000000000001,0.1045,3.0,0.0,2.0,1.0,39.0
1.0,10.0,6.0,3.0,0.62,0.54549999999999998,0.93999999999999995,0.089599999999999999,3.0,0.0,2.0,1.0,133.0
1.0,10.0,7.0,2.0,0.64000000000000001,0.57579999999999998,0.89000000000000001,0.089599999999999999,3.0,0.0,2.0,1.0,391.0
1.0,10.0,8.0,1.0,0.64000000000000001,0.57579999999999998,0.89000000000000001,0.0,3.0,0.0,2.0,1.0,738.0
1.0,10.0,9.0,2.0,0.64000000000000001,0.57579999999999998,0.89000000000000001,0.19399999999999998,3.0,0.0,2.0,1.0,359.0
1.0,10.0,10.0,2.0,0.65999999999999992,0.60609999999999997,0.82999999999999996,0.1343,3.0,0.0,2.0,1.0,177.0
1.0,10.0,11.0,2.0,0.69999999999999996,0.65150000000000008,0.69999999999999996,0.1045,3.0,0.0,2.0,1.0,214.0
1.0,10.0,12.0,2.0,0.71999999999999997,0.66670000000000007,0.54000000000000004,0.19399999999999998,3.0,0.0,2.0,1.0,288.0
1.0,10.0,13.0,2.0,0.71999999999999997,0.66670000000000007,0.57999999999999996,0.32840000000000003,3.0,0.0,2.0,1.0,294.0
1.0,10.0,14.0,1.0,0.69999999999999996,0.65150000000000008,0.60999999999999999,0.25370000000000004,3.0,0.0,2.0,1.0,267.0
1.0,10.0,15.0,1.0,0.71999999999999997,0.66670000000000007,0.54000000000000004,0.28360000000000002,3.0,0.0,2.0,1.0,325.0
1.0,10.0,16.0,1.0,0.69999999999999996,0.65150000000000008,0.54000000000000004,0.28360000000000002,3.0,0.0,2.0,1.0,497.0
1.0,10.0,17.0,1.0,0.69999999999999996,0.65150000000000008,0.51000000000000001,0.22390000000000002,3.0,0.0,2.0,1.0,901.0
1.0,10.0,18.0,1.0,0.65999999999999992,0.62119999999999997,0.56999999999999995,0.1045,3.0,0.0,2.0,1.0,887.0
1.0,10.0,19.0,1.0,0.65999999999999992,0.62119999999999997,0.56999999999999995,0.1045,3.0,0.0,2.0,1.0,534.0
1.0,10.0,20.0,1.0,0.64000000000000001,0.60609999999999997,0.65000000000000002,0.1045,3.0,0.0,2.0,1.0,441.0
1.0,10.0,21.0,1.0,0.62,0.60609999999999997,0.68999999999999995,0.0,3.0,0.0,2.0,1.0,321.0
1.0,10.0,22.0,1.0,0.64000000000000001,0.62119999999999997,0.46999999999999997,0.1343,3.0,0.0,2.0,1.0,232.0
1.0,10.0,23.0,1.0,0.60000000000000009,0.62119999999999997,0.56000000000000005,0.089599999999999999,3.0,0.0,2.0,1.0,155.0
1.0,10.0,0.0,1.0,0.56000000000000005,0.53029999999999999,0.72999999999999998,0.0,3.0,0.0,3.0,1.0,102.0
1.0,10.0,1.0,1.0,0.54000000000000004,0.51519999999999999,0.68000000000000005,0.1045,3.0,0.0,3.0,1.0,46.0
1.0,10.0,2.0,1.0,0.54000000000000004,0.51519999999999999,0.72999999999999998,0.089599999999999999,3.0,0.0,3.0,1.0,11.0
1.0,10.0,3.0,1.0,0.54000000000000004,0.51519999999999999,0.72999999999999998,0.0,3.0,0.0,3.0,1.0,16.0
1.0,10.0,4.0,1.0,0.54000000000000004,0.51519999999999999,0.77000000000000002,0.0,3.0,0.0,3.0,1.0,11.0
1.0,10.0,5.0,1.0,0.52000000000000002,0.5,0.77000000000000002,0.0,3.0,0.0,3.0,1.0,41.0
1.0,10.0,6.0,1.0,0.52000000000000002,0.5,0.82999999999999996,0.0,3.0,0.0,3.0,1.0,137.0
1.0,10.0,7.0,1.0,0.52000000000000002,0.5,0.82999999999999996,0.1045,3.0,0.0,3.0,1.0,428.0
1.0,10.0,8.0,1.0,0.58000000000000007,0.54549999999999998,0.64000000000000001,0.0,3.0,0.0,3.0,1.0,785.0
1.0,10.0,9.0,1.0,0.60000000000000009,0.60609999999999997,0.59999999999999998,0.089599999999999999,3.0,0.0,3.0,1.0,384.0
1.0,10.0,10.0,1.0,0.65999999999999992,0.62119999999999997,0.54000000000000004,0.0,3.0,0.0,3.0,1.0,260.0
1.0,10.0,11.0,1.0,0.69999999999999996,0.65150000000000008,0.47999999999999998,0.19399999999999998,3.0,0.0,3.0,1.0,304.0
1.0,10.0,12.0,1.0,0.71999999999999997,0.65150000000000008,0.41999999999999998,0.16420000000000001,3.0,0.0,3.0,1.0,468.0
1.0,10.0,13.0,1.0,0.69999999999999996,0.65150000000000008,0.47999999999999998,0.0,3.0,0.0,3.0,1.0,424.0
1.0,10.0,14.0,1.0,0.73999999999999999,0.65150000000000008,0.37,0.22390000000000002,3.0,0.0,3.0,1.0,400.0
1.0,10.0,15.0,1.0,0.71999999999999997,0.65150000000000008,0.39000000000000001,0.25370000000000004,3.0,0.0,3.0,1.0,470.0
1.0,10.0,16.0,1.0,0.71999999999999997,0.65150000000000008,0.37,0.0,3.0,0.0,3.0,1.0,634.0
1.0,10.0,17.0,1.0,0.69999999999999996,0.63639999999999997,0.41999999999999998,0.16420000000000001,3.0,0.0,3.0,1.0,900.0
1.0,10.0,18.0,1.0,0.64000000000000001,0.62119999999999997,0.56999999999999995,0.1343,3.0,0.0,3.0,1.0,761.0
1.0,10.0,19.0,1.0,0.62,0.59089999999999998,0.72999999999999998,0.16420000000000001,3.0,0.0,3.0,1.0,500.0
1.0,10.0,20.0,1.0,0.60000000000000009,0.57579999999999998,0.78000000000000003,0.1343,3.0,0.0,3.0,1.0,372.0
1.0,10.0,21.0,1.0,0.60000000000000009,0.59089999999999998,0.68999999999999995,0.22390000000000002,3.0,0.0,3.0,1.0,267.0
1.0,10.0,22.0,1.0,0.60000000000000009,0.59089999999999998,0.72999999999999998,0.28360000000000002,3.0,0.0,3.0,1.0,264.0
1.0,10.0,23.0,1.0,0.58000000000000007,0.54549999999999998,0.78000000000000003,0.22390000000000002,3.0,0.0,3.0,1.0,171.0
1.0,10.0,0.0,1.0,0.56000000000000005,0.53029999999999999,0.82999999999999996,0.16420000000000001,3.0,0.0,4.0,1.0,191.0
1.0,10.0,1.0,1.0,0.56000000000000005,0.53029999999999999,0.82999999999999996,0.25370000000000004,3.0,0.0,4.0,1.0,141.0
1.0,10.0,2.0,1.0,0.56000000000000005,0.53029999999999999,0.78000000000000003,0.19399999999999998,3.0,0.0,4.0,1.0,75.0
1.0,10.0,3.0,1.0,0.54000000000000004,0.51519999999999999,0.77000000000000002,0.22390000000000002,3.0,0.0,4.0,1.0,56.0
1.0,10.0,4.0,1.0,0.54000000000000004,0.51519999999999999,0.82999999999999996,0.25370000000000004,3.0,0.0,4.0,1.0,11.0
1.0,10.0,5.0,1.0,0.54000000000000004,0.51519999999999999,0.82999999999999996,0.19399999999999998,3.0,0.0,4.0,1.0,10.0
1.0,10.0,6.0,1.0,0.54000000000000004,0.51519999999999999,0.88,0.25370000000000004,3.0,0.0,4.0,1.0,30.0
1.0,10.0,7.0,1.0,0.54000000000000004,0.51519999999999999,0.82999999999999996,0.29850000000000004,3.0,0.0,4.0,1.0,84.0
1.0,10.0,8.0,1.0,0.56000000000000005,0.53029999999999999,0.82999999999999996,0.19399999999999998,3.0,0.0,4.0,1.0,206.0
1.0,10.0,9.0,1.0,0.60000000000000009,0.59089999999999998,0.72999999999999998,0.19399999999999998,3.0,0.0,4.0,1.0,395.0
1.0,10.0,10.0,1.0,0.62,0.60609999999999997,0.68999999999999995,0.28360000000000002,3.0,0.0,4.0,1.0,539.0
1.0,10.0,11.0,1.0,0.64000000000000001,0.60609999999999997,0.65000000000000002,0.25370000000000004,3.0,0.0,4.0,1.0,647.0
1.0,10.0,12.0,1.0,0.69999999999999996,0.65150000000000008,0.54000000000000004,0.1045,3.0,0.0,4.0,1.0,743.0
1.0,10.0,13.0,2.0,0.64000000000000001,0.62119999999999997,0.56999999999999995,0.52239999999999998,3.0,0.0,4.0,1.0,710.0
1.0,10.0,14.0,2.0,0.60000000000000009,0.62119999999999997,0.56000000000000005,0.41790000000000005,3.0,0.0,4.0,1.0,576.0
1.0,10.0,15.0,1.0,0.60000000000000009,0.62119999999999997,0.46000000000000002,0.41790000000000005,3.0,0.0,4.0,1.0,620.0
1.0,10.0,16.0,1.0,0.60000000000000009,0.62119999999999997,0.42999999999999999,0.52239999999999998,3.0,0.0,4.0,1.0,659.0
1.0,10.0,17.0,1.0,0.54000000000000004,0.51519999999999999,0.48999999999999999,0.3881,3.0,0.0,4.0,1.0,610.0
1.0,10.0,18.0,1.0,0.52000000000000002,0.5,0.47999999999999998,0.41790000000000005,3.0,0.0,4.0,1.0,495.0
1.0,10.0,19.0,1.0,0.47999999999999998,0.46970000000000001,0.55000000000000004,0.22390000000000002,3.0,0.0,4.0,1.0,341.0
1.0,10.0,20.0,1.0,0.47999999999999998,0.46970000000000001,0.55000000000000004,0.25370000000000004,3.0,0.0,4.0,1.0,247.0
1.0,10.0,21.0,1.0,0.45999999999999996,0.45450000000000002,0.58999999999999997,0.1343,3.0,0.0,4.0,1.0,215.0
1.0,10.0,22.0,1.0,0.44,0.43939999999999996,0.62,0.1343,3.0,0.0,4.0,1.0,185.0
1.0,10.0,23.0,1.0,0.44,0.43939999999999996,0.62,0.1343,3.0,0.0,4.0,1.0,179.0
1.0,10.0,0.0,1.0,0.44,0.43939999999999996,0.62,0.16420000000000001,3.0,0.0,5.0,1.0,127.0
1.0,10.0,1.0,1.0,0.44,0.43939999999999996,0.54000000000000004,0.22390000000000002,3.0,0.0,5.0,1.0,109.0
1.0,10.0,2.0,1.0,0.41999999999999998,0.42420000000000002,0.62,0.1343,3.0,0.0,5.0,1.0,74.0
1.0,10.0,3.0,2.0,0.44,0.43939999999999996,0.62,0.1343,3.0,0.0,5.0,1.0,22.0
1.0,10.0,4.0,2.0,0.44,0.43939999999999996,0.54000000000000004,0.25370000000000004,3.0,0.0,5.0,1.0,11.0
1.0,10.0,5.0,2.0,0.44,0.43939999999999996,0.54000000000000004,0.1343,3.0,0.0,5.0,1.0,10.0
1.0,10.0,6.0,2.0,0.44,0.43939999999999996,0.54000000000000004,0.19399999999999998,3.0,0.0,5.0,1.0,23.0
1.0,10.0,7.0,3.0,0.41999999999999998,0.42420000000000002,0.57999999999999996,0.16420000000000001,3.0,0.0,5.0,1.0,35.0
1.0,10.0,8.0,3.0,0.41999999999999998,0.42420000000000002,0.67000000000000004,0.1343,3.0,0.0,5.0,1.0,62.0
1.0,10.0,9.0,3.0,0.39999999999999997,0.40909999999999996,0.70999999999999996,0.1343,3.0,0.0,5.0,1.0,86.0
1.0,10.0,10.0,2.0,0.41999999999999998,0.42420000000000002,0.67000000000000004,0.19399999999999998,3.0,0.0,5.0,1.0,185.0
1.0,10.0,11.0,2.0,0.41999999999999998,0.42420000000000002,0.70999999999999996,0.1045,3.0,0.0,5.0,1.0,336.0
1.0,10.0,12.0,2.0,0.41999999999999998,0.42420000000000002,0.70999999999999996,0.0,3.0,0.0,5.0,1.0,392.0
1.0,10.0,13.0,2.0,0.44,0.43939999999999996,0.71999999999999997,0.089599999999999999,3.0,0.0,5.0,1.0,320.0
1.0,10.0,14.0,2.0,0.44,0.43939999999999996,0.67000000000000004,0.0,3.0,0.0,5.0,1.0,314.0
1.0,10.0,15.0,3.0,0.41999999999999998,0.42420000000000002,0.77000000000000002,0.1343,3.0,0.0,5.0,1.0,306.0
1.0,10.0,16.0,3.0,0.39999999999999997,0.40909999999999996,0.81999999999999995,0.16420000000000001,3.0,0.0,5.0,1.0,333.0
1.0,10.0,17.0,3.0,0.39999999999999997,0.40909999999999996,0.81999999999999995,0.22390000000000002,3.0,0.0,5.0,1.0,157.0
1.0,10.0,18.0,3.0,0.39999999999999997,0.40909999999999996,0.81999999999999995,0.19399999999999998,3.0,0.0,5.0,1.0,106.0
1.0,10.0,19.0,2.0,0.39999999999999997,0.40909999999999996,0.81999999999999995,0.1045,3.0,0.0,5.0,1.0,114.0
1.0,10.0,20.0,1.0,0.39999999999999997,0.40909999999999996,0.81999999999999995,0.1343,3.0,0.0,5.0,1.0,116.0
1.0,10.0,21.0,1.0,0.38,0.39390000000000003,0.87,0.1045,3.0,0.0,5.0,1.0,113.0
1.0,10.0,22.0,1.0,0.38,0.39390000000000003,0.87,0.1343,3.0,0.0,5.0,1.0,79.0
1.0,10.0,23.0,1.0,0.35999999999999999,0.34850000000000003,0.93000000000000005,0.1343,3.0,0.0,5.0,1.0,80.0
1.0,10.0,0.0,1.0,0.38,0.39390000000000003,0.76000000000000001,0.28360000000000002,3.0,0.0,6.0,0.0,51.0
1.0,10.0,1.0,1.0,0.33999999999999997,0.33329999999999999,0.87,0.16420000000000001,3.0,0.0,6.0,0.0,37.0
1.0,10.0,2.0,1.0,0.33999999999999997,0.33329999999999999,0.81000000000000005,0.19399999999999998,3.0,0.0,6.0,0.0,15.0
1.0,10.0,3.0,1.0,0.33999999999999997,0.34850000000000003,0.81000000000000005,0.1045,3.0,0.0,6.0,0.0,10.0
1.0,10.0,4.0,1.0,0.32000000000000001,0.33329999999999999,0.87,0.1343,3.0,0.0,6.0,0.0,7.0
1.0,10.0,5.0,1.0,0.33999999999999997,0.31819999999999998,0.76000000000000001,0.22390000000000002,3.0,0.0,6.0,0.0,19.0
1.0,10.0,6.0,1.0,0.33999999999999997,0.34850000000000003,0.76000000000000001,0.1045,3.0,0.0,6.0,0.0,59.0
1.0,10.0,7.0,2.0,0.33999999999999997,0.33329999999999999,0.76000000000000001,0.16420000000000001,3.0,0.0,6.0,0.0,154.0
1.0,10.0,8.0,2.0,0.35999999999999999,0.34850000000000003,0.70999999999999996,0.22390000000000002,3.0,0.0,6.0,0.0,397.0
1.0,10.0,9.0,2.0,0.38,0.39390000000000003,0.66000000000000003,0.16420000000000001,3.0,0.0,6.0,0.0,332.0
1.0,10.0,10.0,2.0,0.38,0.39390000000000003,0.68000000000000005,0.1343,3.0,0.0,6.0,0.0,298.0
1.0,10.0,11.0,2.0,0.39999999999999997,0.40909999999999996,0.62,0.089599999999999999,3.0,0.0,6.0,0.0,308.0
1.0,10.0,12.0,2.0,0.41999999999999998,0.42420000000000002,0.63,0.16420000000000001,3.0,0.0,6.0,0.0,341.0
1.0,10.0,13.0,2.0,0.41999999999999998,0.42420000000000002,0.62,0.19399999999999998,3.0,0.0,6.0,0.0,405.0
1.0,10.0,14.0,2.0,0.41999999999999998,0.42420000000000002,0.57999999999999996,0.1045,3.0,0.0,6.0,0.0,420.0
1.0,10.0,15.0,3.0,0.41999999999999998,0.42420000000000002,0.57999999999999996,0.19399999999999998,3.0,0.0,6.0,0.0,370.0
1.0,10.0,16.0,3.0,0.41999999999999998,0.42420000000000002,0.57999999999999996,0.19399999999999998,3.0,0.0,6.0,0.0,377.0
1.0,10.0,17.0,2.0,0.41999999999999998,0.42420000000000002,0.66000000000000003,0.25370000000000004,3.0,0.0,6.0,0.0,497.0
1.0,10.0,18.0,2.0,0.41999999999999998,0.42420000000000002,0.66000000000000003,0.28360000000000002,3.0,0.0,6.0,0.0,456.0
1.0,10.0,19.0,2.0,0.39999999999999997,0.40909999999999996,0.70999999999999996,0.25370000000000004,3.0,0.0,6.0,0.0,371.0
1.0,10.0,20.0,3.0,0.39999999999999997,0.40909999999999996,0.70999999999999996,0.22390000000000002,3.0,0.0,6.0,0.0,227.0
1.0,10.0,21.0,2.0,0.39999999999999997,0.40909999999999996,0.76000000000000001,0.22390000000000002,3.0,0.0,6.0,0.0,151.0
1.0,10.0,22.0,3.0,0.39999999999999997,0.40909999999999996,0.76000000000000001,0.25370000000000004,3.0,0.0,6.0,0.0,107.0
1.0,10.0,23.0,2.0,0.39999999999999997,0.40909999999999996,0.70999999999999996,0.22390000000000002,3.0,0.0,6.0,0.0,69.0
1.0,10.0,0.0,2.0,0.38,0.39390000000000003,0.81999999999999995,0.22390000000000002,3.0,0.0,7.0,0.0,31.0
1.0,10.0,1.0,3.0,0.35999999999999999,0.34850000000000003,0.87,0.22390000000000002,3.0,0.0,7.0,0.0,13.0
1.0,10.0,2.0,3.0,0.35999999999999999,0.33329999999999999,0.87,0.25370000000000004,3.0,0.0,7.0,0.0,7.0
1.0,10.0,3.0,3.0,0.35999999999999999,0.33329999999999999,0.87,0.28360000000000002,3.0,0.0,7.0,0.0,3.0
1.0,10.0,4.0,3.0,0.35999999999999999,0.34850000000000003,0.87,0.16420000000000001,3.0,0.0,7.0,0.0,7.0
1.0,10.0,5.0,2.0,0.38,0.39390000000000003,0.81999999999999995,0.19399999999999998,3.0,0.0,7.0,0.0,19.0
1.0,10.0,6.0,2.0,0.38,0.39390000000000003,0.81999999999999995,0.25370000000000004,3.0,0.0,7.0,0.0,143.0
1.0,10.0,7.0,1.0,0.38,0.39390000000000003,0.82999999999999996,0.25370000000000004,3.0,0.0,7.0,0.0,362.0
1.0,10.0,8.0,2.0,0.41999999999999998,0.42420000000000002,0.80000000000000004,0.19399999999999998,3.0,0.0,7.0,0.0,713.0
1.0,10.0,9.0,2.0,0.41999999999999998,0.42420000000000002,0.77000000000000002,0.22390000000000002,3.0,0.0,7.0,0.0,382.0
1.0,10.0,10.0,2.0,0.44,0.43939999999999996,0.75,0.22390000000000002,3.0,0.0,7.0,0.0,164.0
1.0,10.0,11.0,2.0,0.47999999999999998,0.46970000000000001,0.68999999999999995,0.19399999999999998,3.0,0.0,7.0,0.0,193.0
1.0,10.0,12.0,2.0,0.47999999999999998,0.46970000000000001,0.68999999999999995,0.19399999999999998,3.0,0.0,7.0,0.0,260.0
1.0,10.0,13.0,2.0,0.5,0.48479999999999995,0.67000000000000004,0.1343,3.0,0.0,7.0,0.0,238.0
1.0,10.0,14.0,2.0,0.54000000000000004,0.51519999999999999,0.64000000000000001,0.19399999999999998,3.0,0.0,7.0,0.0,244.0
1.0,10.0,15.0,2.0,0.52000000000000002,0.5,0.63,0.16420000000000001,3.0,0.0,7.0,0.0,254.0
1.0,10.0,16.0,2.0,0.5,0.48479999999999995,0.71999999999999997,0.16420000000000001,3.0,0.0,7.0,0.0,424.0
1.0,10.0,17.0,2.0,0.52000000000000002,0.5,0.68000000000000005,0.16420000000000001,3.0,0.0,7.0,0.0,806.0
1.0,10.0,18.0,2.0,0.5,0.48479999999999995,0.71999999999999997,0.22390000000000002,3.0,0.0,7.0,0.0,784.0
1.0,10.0,19.0,2.0,0.5,0.48479999999999995,0.71999999999999997,0.16420000000000001,3.0,0.0,7.0,0.0,514.0
1.0,10.0,20.0,2.0,0.5,0.48479999999999995,0.71999999999999997,0.16420000000000001,3.0,0.0,7.0,0.0,360.0
1.0,10.0,21.0,2.0,0.47999999999999998,0.46970000000000001,0.77000000000000002,0.1343,3.0,0.0,7.0,0.0,225.0
1.0,10.0,22.0,2.0,0.47999999999999998,0.46970000000000001,0.77000000000000002,0.089599999999999999,3.0,0.0,7.0,0.0,162.0
1.0,10.0,23.0,2.0,0.47999999999999998,0.46970000000000001,0.77000000000000002,0.089599999999999999,3.0,0.0,7.0,0.0,84.0
1.0,10.0,0.0,2.0,0.45999999999999996,0.45450000000000002,0.88,0.089599999999999999,3.0,1.0,1.0,1.0,33.0
1.0,10.0,1.0,2.0,0.45999999999999996,0.45450000000000002,0.88,0.0,3.0,1.0,1.0,1.0,8.0
1.0,10.0,2.0,2.0,0.45999999999999996,0.45450000000000002,0.88,0.0,3.0,1.0,1.0,1.0,8.0
1.0,10.0,3.0,2.0,0.45999999999999996,0.45450000000000002,0.88,0.0,3.0,1.0,1.0,1.0,6.0
1.0,10.0,4.0,2.0,0.45999999999999996,0.45450000000000002,0.88,0.1045,3.0,1.0,1.0,1.0,6.0
1.0,10.0,5.0,2.0,0.45999999999999996,0.45450000000000002,0.88,0.089599999999999999,3.0,1.0,1.0,1.0,40.0
1.0,10.0,6.0,2.0,0.45999999999999996,0.45450000000000002,0.88,0.089599999999999999,3.0,1.0,1.0,1.0,175.0
1.0,10.0,7.0,1.0,0.45999999999999996,0.45450000000000002,0.81999999999999995,0.1045,3.0,1.0,1.0,1.0,507.0
1.0,10.0,8.0,1.0,0.5,0.48479999999999995,0.77000000000000002,0.16420000000000001,3.0,1.0,1.0,1.0,839.0
1.0,10.0,9.0,1.0,0.54000000000000004,0.51519999999999999,0.59999999999999998,0.28360000000000002,3.0,1.0,1.0,1.0,366.0
1.0,10.0,10.0,1.0,0.56000000000000005,0.53029999999999999,0.52000000000000002,0.29850000000000004,3.0,1.0,1.0,1.0,217.0
1.0,10.0,11.0,1.0,0.54000000000000004,0.51519999999999999,0.52000000000000002,0.19399999999999998,3.0,1.0,1.0,1.0,291.0
1.0,10.0,12.0,1.0,0.54000000000000004,0.51519999999999999,0.56000000000000005,0.16798316831683169,3.0,1.0,1.0,1.0,390.0
1.0,10.0,13.0,1.0,0.56000000000000005,0.53029999999999999,0.48999999999999999,0.0,3.0,1.0,1.0,1.0,297.0
1.0,10.0,14.0,1.0,0.60000000000000009,0.62119999999999997,0.40000000000000002,0.16420000000000001,3.0,1.0,1.0,1.0,271.0
1.0,10.0,15.0,1.0,0.60000000000000009,0.62119999999999997,0.40000000000000002,0.16420000000000001,3.0,1.0,1.0,1.0,319.0
1.0,10.0,16.0,1.0,0.60000000000000009,0.62119999999999997,0.40000000000000002,0.22390000000000002,3.0,1.0,1.0,1.0,566.0
1.0,10.0,17.0,1.0,0.58000000000000007,0.54549999999999998,0.42999999999999999,0.22390000000000002,3.0,1.0,1.0,1.0,948.0
1.0,10.0,18.0,2.0,0.56000000000000005,0.53029999999999999,0.48999999999999999,0.16420000000000001,3.0,1.0,1.0,1.0,844.0
1.0,10.0,19.0,2.0,0.56000000000000005,0.53029999999999999,0.46000000000000002,0.58210000000000006,3.0,1.0,1.0,1.0,566.0
1.0,10.0,20.0,1.0,0.52000000000000002,0.5,0.47999999999999998,0.49250000000000005,3.0,1.0,1.0,1.0,392.0
1.0,10.0,21.0,1.0,0.5,0.48479999999999995,0.51000000000000001,0.35820000000000002,3.0,1.0,1.0,1.0,269.0
1.0,10.0,22.0,1.0,0.45999999999999996,0.45450000000000002,0.55000000000000004,0.29850000000000004,3.0,1.0,1.0,1.0,197.0
1.0,10.0,23.0,1.0,0.44,0.43939999999999996,0.57999999999999996,0.19399999999999998,3.0,1.0,1.0,1.0,136.0
1.0,10.0,0.0,1.0,0.44,0.43939999999999996,0.51000000000000001,0.1343,3.0,0.0,2.0,1.0,42.0
1.0,10.0,1.0,1.0,0.44,0.43939999999999996,0.46999999999999997,0.19399999999999998,3.0,0.0,2.0,1.0,11.0
1.0,10.0,2.0,1.0,0.41999999999999998,0.42420000000000002,0.5,0.1343,3.0,0.0,2.0,1.0,11.0
1.0,10.0,3.0,1.0,0.41999999999999998,0.42420000000000002,0.46999999999999997,0.29850000000000004,3.0,0.0,2.0,1.0,3.0
1.0,10.0,4.0,1.0,0.39999999999999997,0.40909999999999996,0.5,0.25370000000000004,3.0,0.0,2.0,1.0,10.0
1.0,10.0,5.0,1.0,0.35999999999999999,0.34850000000000003,0.5,0.16420000000000001,3.0,0.0,2.0,1.0,42.0
1.0,10.0,6.0,1.0,0.35999999999999999,0.34850000000000003,0.5,0.16420000000000001,3.0,0.0,2.0,1.0,159.0
1.0,10.0,7.0,1.0,0.35999999999999999,0.33329999999999999,0.5,0.25370000000000004,3.0,0.0,2.0,1.0,478.0
1.0,10.0,8.0,1.0,0.38,0.39390000000000003,0.46000000000000002,0.3881,3.0,0.0,2.0,1.0,798.0
1.0,10.0,9.0,1.0,0.39999999999999997,0.40909999999999996,0.42999999999999999,0.3881,3.0,0.0,2.0,1.0,355.0
1.0,10.0,10.0,1.0,0.44,0.43939999999999996,0.40999999999999998,0.35820000000000002,3.0,0.0,2.0,1.0,204.0
1.0,10.0,11.0,1.0,0.45999999999999996,0.45450000000000002,0.35999999999999999,0.0,3.0,0.0,2.0,1.0,251.0
1.0,10.0,12.0,1.0,0.45999999999999996,0.45450000000000002,0.35999999999999999,0.0,3.0,0.0,2.0,1.0,326.0
1.0,10.0,13.0,1.0,0.5,0.48479999999999995,0.31,0.1045,3.0,0.0,2.0,1.0,291.0
1.0,10.0,14.0,1.0,0.52000000000000002,0.5,0.32000000000000001,0.089599999999999999,3.0,0.0,2.0,1.0,348.0
1.0,10.0,15.0,1.0,0.52000000000000002,0.5,0.34000000000000002,0.16420000000000001,3.0,0.0,2.0,1.0,460.0
1.0,10.0,16.0,1.0,0.5,0.48479999999999995,0.35999999999999999,0.1343,3.0,0.0,2.0,1.0,481.0
1.0,10.0,17.0,1.0,0.5,0.48479999999999995,0.39000000000000001,0.28360000000000002,3.0,0.0,2.0,1.0,827.0
1.0,10.0,18.0,1.0,0.45999999999999996,0.45450000000000002,0.44,0.16420000000000001,3.0,0.0,2.0,1.0,692.0
1.0,10.0,19.0,1.0,0.44,0.43939999999999996,0.51000000000000001,0.1343,3.0,0.0,2.0,1.0,743.0
1.0,10.0,20.0,1.0,0.41999999999999998,0.42420000000000002,0.62,0.16420000000000001,3.0,0.0,2.0,1.0,415.0
1.0,10.0,21.0,1.0,0.41999999999999998,0.42420000000000002,0.62,0.1343,3.0,0.0,2.0,1.0,260.0
1.0,10.0,22.0,1.0,0.39999999999999997,0.40909999999999996,0.66000000000000003,0.16420000000000001,3.0,0.0,2.0,1.0,177.0
1.0,10.0,23.0,1.0,0.41999999999999998,0.42420000000000002,0.57999999999999996,0.089599999999999999,3.0,0.0,2.0,1.0,186.0
1.0,10.0,0.0,1.0,0.39999999999999997,0.40909999999999996,0.66000000000000003,0.1045,3.0,0.0,3.0,1.0,68.0
1.0,10.0,1.0,1.0,0.39999999999999997,0.40909999999999996,0.66000000000000003,0.089599999999999999,3.0,0.0,3.0,1.0,37.0
1.0,10.0,2.0,1.0,0.39999999999999997,0.40909999999999996,0.66000000000000003,0.089599999999999999,3.0,0.0,3.0,1.0,16.0
1.0,10.0,3.0,1.0,0.35999999999999999,0.36359999999999998,0.76000000000000001,0.089599999999999999,3.0,0.0,3.0,1.0,6.0
1.0,10.0,4.0,1.0,0.35999999999999999,0.36359999999999998,0.76000000000000001,0.1045,3.0,0.0,3.0,1.0,8.0
1.0,10.0,5.0,1.0,0.35999999999999999,0.36359999999999998,0.81000000000000005,0.089599999999999999,3.0,0.0,3.0,1.0,35.0
1.0,10.0,6.0,1.0,0.33999999999999997,0.34850000000000003,0.81000000000000005,0.089599999999999999,3.0,0.0,3.0,1.0,143.0
1.0,10.0,7.0,1.0,0.35999999999999999,0.36359999999999998,0.81000000000000005,0.089599999999999999,3.0,0.0,3.0,1.0,392.0
1.0,10.0,8.0,1.0,0.41999999999999998,0.42420000000000002,0.70999999999999996,0.089599999999999999,3.0,0.0,3.0,1.0,745.0
1.0,10.0,9.0,1.0,0.5,0.48479999999999995,0.39000000000000001,0.29850000000000004,3.0,0.0,3.0,1.0,400.0
1.0,10.0,10.0,1.0,0.52000000000000002,0.5,0.35999999999999999,0.29850000000000004,3.0,0.0,3.0,1.0,275.0
1.0,10.0,11.0,1.0,0.54000000000000004,0.51519999999999999,0.37,0.35820000000000002,3.0,0.0,3.0,1.0,313.0
1.0,10.0,12.0,1.0,0.54000000000000004,0.51519999999999999,0.39000000000000001,0.4627,3.0,0.0,3.0,1.0,387.0
1.0,10.0,13.0,1.0,0.56000000000000005,0.53029999999999999,0.37,0.3881,3.0,0.0,3.0,1.0,381.0
1.0,10.0,14.0,1.0,0.56000000000000005,0.53029999999999999,0.37,0.4627,3.0,0.0,3.0,1.0,371.0
1.0,10.0,15.0,1.0,0.52000000000000002,0.5,0.41999999999999998,0.44780000000000003,3.0,0.0,3.0,1.0,455.0
1.0,10.0,16.0,1.0,0.45999999999999996,0.45450000000000002,0.40999999999999998,0.35820000000000002,3.0,0.0,3.0,1.0,520.0
1.0,10.0,17.0,1.0,0.45999999999999996,0.45450000000000002,0.38,0.3881,3.0,0.0,3.0,1.0,837.0
1.0,10.0,18.0,1.0,0.44,0.43939999999999996,0.38,0.29850000000000004,3.0,0.0,3.0,1.0,642.0
1.0,10.0,19.0,1.0,0.41999999999999998,0.42420000000000002,0.40999999999999998,0.22390000000000002,3.0,0.0,3.0,1.0,493.0
1.0,10.0,20.0,1.0,0.41999999999999998,0.42420000000000002,0.46999999999999997,0.1343,3.0,0.0,3.0,1.0,308.0
1.0,10.0,21.0,1.0,0.39999999999999997,0.40909999999999996,0.54000000000000004,0.19399999999999998,3.0,0.0,3.0,1.0,190.0
1.0,10.0,22.0,1.0,0.39999999999999997,0.40909999999999996,0.46999999999999997,0.29850000000000004,3.0,0.0,3.0,1.0,160.0
1.0,10.0,23.0,1.0,0.35999999999999999,0.34850000000000003,0.56999999999999995,0.19399999999999998,3.0,0.0,3.0,1.0,100.0
1.0,10.0,0.0,1.0,0.35999999999999999,0.36359999999999998,0.56999999999999995,0.089599999999999999,3.0,0.0,4.0,1.0,249.0
1.0,10.0,1.0,1.0,0.33999999999999997,0.33329999999999999,0.53000000000000003,0.1343,3.0,0.0,4.0,1.0,146.0
1.0,10.0,2.0,1.0,0.33999999999999997,0.33329999999999999,0.53000000000000003,0.19399999999999998,3.0,0.0,4.0,1.0,67.0
1.0,10.0,3.0,1.0,0.32000000000000001,0.30299999999999999,0.66000000000000003,0.22390000000000002,3.0,0.0,4.0,1.0,15.0
1.0,10.0,4.0,1.0,0.30000000000000004,0.30299999999999999,0.65000000000000002,0.16420000000000001,3.0,0.0,4.0,1.0,11.0
1.0,10.0,5.0,1.0,0.30000000000000004,0.28789999999999999,0.60999999999999999,0.19399999999999998,3.0,0.0,4.0,1.0,11.0
1.0,10.0,6.0,1.0,0.30000000000000004,0.28789999999999999,0.60999999999999999,0.19399999999999998,3.0,0.0,4.0,1.0,28.0
1.0,10.0,7.0,1.0,0.30000000000000004,0.30299999999999999,0.60999999999999999,0.16420000000000001,3.0,0.0,4.0,1.0,70.0
1.0,10.0,8.0,1.0,0.33999999999999997,0.34850000000000003,0.53000000000000003,0.1045,3.0,0.0,4.0,1.0,174.0
1.0,10.0,9.0,1.0,0.35999999999999999,0.36359999999999998,0.5,0.089599999999999999,3.0,0.0,4.0,1.0,266.0
1.0,10.0,10.0,1.0,0.39999999999999997,0.40909999999999996,0.42999999999999999,0.0,3.0,0.0,4.0,1.0,347.0
1.0,10.0,11.0,1.0,0.41999999999999998,0.42420000000000002,0.34999999999999998,0.1343,3.0,0.0,4.0,1.0,527.0
1.0,10.0,12.0,1.0,0.44,0.43939999999999996,0.34999999999999998,0.0,3.0,0.0,4.0,1.0,573.0
1.0,10.0,13.0,1.0,0.45999999999999996,0.45450000000000002,0.35999999999999999,0.19399999999999998,3.0,0.0,4.0,1.0,670.0
1.0,10.0,14.0,1.0,0.47999999999999998,0.46970000000000001,0.33000000000000002,0.19399999999999998,3.0,0.0,4.0,1.0,597.0
1.0,10.0,15.0,1.0,0.5,0.48479999999999995,0.35999999999999999,0.19399999999999998,3.0,0.0,4.0,1.0,615.0
1.0,10.0,16.0,1.0,0.5,0.48479999999999995,0.31,0.19399999999999998,3.0,0.0,4.0,1.0,637.0
1.0,10.0,17.0,1.0,0.45999999999999996,0.45450000000000002,0.38,0.16420000000000001,3.0,0.0,4.0,1.0,528.0
1.0,10.0,18.0,1.0,0.45999999999999996,0.45450000000000002,0.44,0.1343,3.0,0.0,4.0,1.0,473.0
1.0,10.0,19.0,1.0,0.44,0.43939999999999996,0.44,0.16420000000000001,3.0,0.0,4.0,1.0,332.0
1.0,10.0,20.0,1.0,0.39999999999999997,0.40909999999999996,0.54000000000000004,0.089599999999999999,3.0,0.0,4.0,1.0,255.0
1.0,10.0,21.0,1.0,0.39999999999999997,0.40909999999999996,0.57999999999999996,0.19399999999999998,3.0,0.0,4.0,1.0,204.0
1.0,10.0,22.0,1.0,0.39999999999999997,0.40909999999999996,0.62,0.0,3.0,0.0,4.0,1.0,189.0
1.0,10.0,23.0,1.0,0.41999999999999998,0.42420000000000002,0.57999999999999996,0.29850000000000004,3.0,0.0,4.0,1.0,125.0
1.0,10.0,0.0,1.0,0.39999999999999997,0.40909999999999996,0.70999999999999996,0.25370000000000004,3.0,0.0,5.0,1.0,111.0
1.0,10.0,1.0,1.0,0.41999999999999998,0.42420000000000002,0.77000000000000002,0.28360000000000002,3.0,0.0,5.0,1.0,112.0
1.0,10.0,2.0,1.0,0.39999999999999997,0.40909999999999996,0.76000000000000001,0.089599999999999999,3.0,0.0,5.0,1.0,66.0
1.0,10.0,3.0,1.0,0.41999999999999998,0.42420000000000002,0.77000000000000002,0.29850000000000004,3.0,0.0,5.0,1.0,28.0
1.0,10.0,4.0,1.0,0.41999999999999998,0.42420000000000002,0.77000000000000002,0.28360000000000002,3.0,0.0,5.0,1.0,12.0
1.0,10.0,5.0,1.0,0.39999999999999997,0.40909999999999996,0.81999999999999995,0.19399999999999998,3.0,0.0,5.0,1.0,11.0
1.0,10.0,6.0,1.0,0.39999999999999997,0.40909999999999996,0.81999999999999995,0.16420000000000001,3.0,0.0,5.0,1.0,24.0
1.0,10.0,7.0,1.0,0.41999999999999998,0.42420000000000002,0.81999999999999995,0.22390000000000002,3.0,0.0,5.0,1.0,51.0
1.0,10.0,8.0,1.0,0.44,0.43939999999999996,0.77000000000000002,0.19399999999999998,3.0,0.0,5.0,1.0,132.0
1.0,10.0,9.0,2.0,0.47999999999999998,0.46970000000000001,0.67000000000000004,0.28360000000000002,3.0,0.0,5.0,1.0,223.0
1.0,10.0,10.0,1.0,0.54000000000000004,0.51519999999999999,0.56000000000000005,0.19399999999999998,3.0,0.0,5.0,1.0,428.0
1.0,10.0,11.0,1.0,0.56000000000000005,0.53029999999999999,0.52000000000000002,0.29850000000000004,3.0,0.0,5.0,1.0,494.0
1.0,10.0,12.0,1.0,0.62,0.62119999999999997,0.46000000000000002,0.32840000000000003,3.0,0.0,5.0,1.0,562.0
1.0,10.0,13.0,1.0,0.64000000000000001,0.62119999999999997,0.40999999999999998,0.44780000000000003,3.0,0.0,5.0,1.0,619.0
1.0,10.0,14.0,1.0,0.65999999999999992,0.62119999999999997,0.39000000000000001,0.41790000000000005,3.0,0.0,5.0,1.0,617.0
1.0,10.0,15.0,1.0,0.65999999999999992,0.62119999999999997,0.39000000000000001,0.41790000000000005,3.0,0.0,5.0,1.0,568.0
1.0,10.0,16.0,1.0,0.64000000000000001,0.62119999999999997,0.40999999999999998,0.29850000000000004,3.0,0.0,5.0,1.0,581.0
1.0,10.0,17.0,1.0,0.64000000000000001,0.62119999999999997,0.44,0.19399999999999998,3.0,0.0,5.0,1.0,539.0
1.0,10.0,18.0,1.0,0.58000000000000007,0.54549999999999998,0.59999999999999998,0.25370000000000004,3.0,0.0,5.0,1.0,453.0
1.0,10.0,19.0,1.0,0.56000000000000005,0.53029999999999999,0.64000000000000001,0.22390000000000002,3.0,0.0,5.0,1.0,336.0
1.0,10.0,20.0,1.0,0.54000000000000004,0.51519999999999999,0.72999999999999998,0.22390000000000002,3.0,0.0,5.0,1.0,246.0
1.0,10.0,21.0,1.0,0.56000000000000005,0.53029999999999999,0.72999999999999998,0.44780000000000003,3.0,0.0,5.0,1.0,196.0
1.0,10.0,22.0,1.0,0.56000000000000005,0.53029999999999999,0.72999999999999998,0.3881,3.0,0.0,5.0,1.0,125.0
1.0,10.0,23.0,2.0,0.56000000000000005,0.53029999999999999,0.68000000000000005,0.28360000000000002,3.0,0.0,5.0,1.0,105.0
1.0,10.0,0.0,2.0,0.56000000000000005,0.53029999999999999,0.72999999999999998,0.25370000000000004,3.0,0.0,6.0,0.0,48.0
1.0,10.0,1.0,2.0,0.58000000000000007,0.54549999999999998,0.64000000000000001,0.3881,3.0,0.0,6.0,0.0,29.0
1.0,10.0,2.0,2.0,0.58000000000000007,0.54549999999999998,0.64000000000000001,0.35820000000000002,3.0,0.0,6.0,0.0,6.0
1.0,10.0,3.0,2.0,0.56000000000000005,0.53029999999999999,0.72999999999999998,0.25370000000000004,3.0,0.0,6.0,0.0,4.0
1.0,10.0,4.0,2.0,0.56000000000000005,0.53029999999999999,0.68000000000000005,0.22390000000000002,3.0,0.0,6.0,0.0,10.0
1.0,10.0,5.0,2.0,0.56000000000000005,0.53029999999999999,0.72999999999999998,0.28360000000000002,3.0,0.0,6.0,0.0,40.0
1.0,10.0,6.0,2.0,0.56000000000000005,0.53029999999999999,0.72999999999999998,0.29850000000000004,3.0,0.0,6.0,0.0,147.0
1.0,10.0,7.0,2.0,0.58000000000000007,0.54549999999999998,0.68000000000000005,0.32840000000000003,3.0,0.0,6.0,0.0,476.0
1.0,10.0,8.0,2.0,0.60000000000000009,0.60609999999999997,0.64000000000000001,0.3881,3.0,0.0,6.0,0.0,737.0
1.0,10.0,9.0,3.0,0.60000000000000009,0.59089999999999998,0.68999999999999995,0.3881,3.0,0.0,6.0,0.0,359.0
1.0,10.0,10.0,2.0,0.60000000000000009,0.59089999999999998,0.72999999999999998,0.3881,3.0,0.0,6.0,0.0,168.0
1.0,10.0,11.0,2.0,0.60000000000000009,0.59089999999999998,0.72999999999999998,0.3881,3.0,0.0,6.0,0.0,263.0
1.0,10.0,12.0,3.0,0.60000000000000009,0.57579999999999998,0.78000000000000003,0.32840000000000003,3.0,0.0,6.0,0.0,284.0
1.0,10.0,13.0,2.0,0.56000000000000005,0.53029999999999999,0.88,0.22390000000000002,3.0,0.0,6.0,0.0,146.0
1.0,10.0,14.0,2.0,0.60000000000000009,0.57579999999999998,0.78000000000000003,0.28360000000000002,3.0,0.0,6.0,0.0,185.0
1.0,10.0,15.0,1.0,0.60000000000000009,0.57579999999999998,0.78000000000000003,0.32840000000000003,3.0,0.0,6.0,0.0,260.0
1.0,10.0,16.0,1.0,0.56000000000000005,0.53029999999999999,0.64000000000000001,0.29850000000000004,3.0,0.0,6.0,0.0,447.0
1.0,10.0,17.0,1.0,0.56000000000000005,0.53029999999999999,0.64000000000000001,0.25370000000000004,3.0,0.0,6.0,0.0,766.0
1.0,10.0,18.0,3.0,0.54000000000000004,0.51519999999999999,0.77000000000000002,0.1343,3.0,0.0,6.0,0.0,592.0
1.0,10.0,19.0,3.0,0.52000000000000002,0.5,0.82999999999999996,0.089599999999999999,3.0,0.0,6.0,0.0,239.0
1.0,10.0,20.0,2.0,0.52000000000000002,0.5,0.71999999999999997,0.3881,3.0,0.0,6.0,0.0,256.0
1.0,10.0,21.0,1.0,0.52000000000000002,0.5,0.58999999999999997,0.32840000000000003,3.0,0.0,6.0,0.0,206.0
1.0,10.0,22.0,1.0,0.5,0.48479999999999995,0.58999999999999997,0.28360000000000002,3.0,0.0,6.0,0.0,126.0
1.0,10.0,23.0,1.0,0.45999999999999996,0.45450000000000002,0.63,0.22390000000000002,3.0,0.0,6.0,0.0,81.0
1.0,10.0,0.0,1.0,0.45999999999999996,0.45450000000000002,0.63,0.3881,3.0,0.0,7.0,0.0,48.0
1.0,10.0,1.0,1.0,0.44,0.43939999999999996,0.67000000000000004,0.19399999999999998,3.0,0.0,7.0,0.0,13.0
1.0,10.0,2.0,1.0,0.44,0.43939999999999996,0.67000000000000004,0.1343,3.0,0.0,7.0,0.0,3.0
1.0,10.0,3.0,1.0,0.41999999999999998,0.42420000000000002,0.67000000000000004,0.1045,3.0,0.0,7.0,0.0,2.0
1.0,10.0,4.0,1.0,0.41999999999999998,0.42420000000000002,0.67000000000000004,0.16420000000000001,3.0,0.0,7.0,0.0,7.0
1.0,10.0,5.0,1.0,0.41999999999999998,0.42420000000000002,0.67000000000000004,0.25370000000000004,3.0,0.0,7.0,0.0,52.0
1.0,10.0,6.0,1.0,0.41999999999999998,0.42420000000000002,0.67000000000000004,0.16420000000000001,3.0,0.0,7.0,0.0,172.0
1.0,10.0,7.0,1.0,0.41999999999999998,0.42420000000000002,0.67000000000000004,0.089599999999999999,3.0,0.0,7.0,0.0,525.0
1.0,10.0,8.0,1.0,0.44,0.43939999999999996,0.62,0.0,3.0,0.0,7.0,0.0,835.0
1.0,10.0,9.0,1.0,0.47999999999999998,0.46970000000000001,0.55000000000000004,0.25370000000000004,3.0,0.0,7.0,0.0,355.0
1.0,10.0,10.0,1.0,0.5,0.48479999999999995,0.47999999999999998,0.28360000000000002,3.0,0.0,7.0,0.0,222.0
1.0,10.0,11.0,1.0,0.5,0.48479999999999995,0.45000000000000001,0.41790000000000005,3.0,0.0,7.0,0.0,228.0
1.0,10.0,12.0,2.0,0.52000000000000002,0.5,0.45000000000000001,0.32840000000000003,3.0,0.0,7.0,0.0,325.0
1.0,10.0,13.0,1.0,0.52000000000000002,0.5,0.45000000000000001,0.28360000000000002,3.0,0.0,7.0,0.0,328.0
1.0,10.0,14.0,1.0,0.54000000000000004,0.51519999999999999,0.39000000000000001,0.25370000000000004,3.0,0.0,7.0,0.0,308.0
1.0,10.0,15.0,1.0,0.54000000000000004,0.51519999999999999,0.40999999999999998,0.32840000000000003,3.0,0.0,7.0,0.0,346.0
1.0,10.0,16.0,1.0,0.54000000000000004,0.51519999999999999,0.39000000000000001,0.28360000000000002,3.0,0.0,7.0,0.0,446.0
1.0,10.0,17.0,1.0,0.52000000000000002,0.5,0.39000000000000001,0.19399999999999998,3.0,0.0,7.0,0.0,943.0
1.0,10.0,18.0,1.0,0.5,0.48479999999999995,0.41999999999999998,0.16420000000000001,3.0,0.0,7.0,0.0,838.0
1.0,10.0,19.0,1.0,0.47999999999999998,0.46970000000000001,0.47999999999999998,0.0,3.0,0.0,7.0,0.0,531.0
1.0,10.0,20.0,1.0,0.45999999999999996,0.45450000000000002,0.55000000000000004,0.0,3.0,0.0,7.0,0.0,432.0
1.0,10.0,21.0,1.0,0.45999999999999996,0.45450000000000002,0.63,0.0,3.0,0.0,7.0,0.0,195.0
1.0,10.0,22.0,1.0,0.39999999999999997,0.40909999999999996,0.70999999999999996,0.089599999999999999,3.0,0.0,7.0,0.0,181.0
1.0,10.0,23.0,1.0,0.39999999999999997,0.40909999999999996,0.70999999999999996,0.0,3.0,0.0,7.0,0.0,199.0
1.0,10.0,0.0,1.0,0.38,0.39390000000000003,0.76000000000000001,0.0,3.0,0.0,1.0,1.0,49.0
1.0,10.0,1.0,1.0,0.38,0.39390000000000003,0.76000000000000001,0.0,3.0,0.0,1.0,1.0,17.0
1.0,10.0,2.0,1.0,0.38,0.39390000000000003,0.76000000000000001,0.0,3.0,0.0,1.0,1.0,16.0
1.0,10.0,3.0,1.0,0.35999999999999999,0.37880000000000003,0.87,0.0,3.0,0.0,1.0,1.0,7.0
1.0,10.0,4.0,1.0,0.35999999999999999,0.36359999999999998,0.81000000000000005,0.089599999999999999,3.0,0.0,1.0,1.0,4.0
1.0,10.0,5.0,2.0,0.35999999999999999,0.37880000000000003,0.81000000000000005,0.0,3.0,0.0,1.0,1.0,41.0
1.0,10.0,6.0,1.0,0.38,0.39390000000000003,0.81999999999999995,0.0,3.0,0.0,1.0,1.0,178.0
1.0,10.0,7.0,1.0,0.35999999999999999,0.36359999999999998,0.81000000000000005,0.1045,3.0,0.0,1.0,1.0,464.0
1.0,10.0,8.0,2.0,0.39999999999999997,0.40909999999999996,0.76000000000000001,0.0,3.0,0.0,1.0,1.0,817.0
1.0,10.0,9.0,2.0,0.41999999999999998,0.42420000000000002,0.77000000000000002,0.0,3.0,0.0,1.0,1.0,382.0
1.0,10.0,10.0,2.0,0.45999999999999996,0.45450000000000002,0.67000000000000004,0.0,3.0,0.0,1.0,1.0,228.0
1.0,10.0,11.0,2.0,0.5,0.48479999999999995,0.51000000000000001,0.089599999999999999,3.0,0.0,1.0,1.0,234.0
1.0,10.0,12.0,2.0,0.52000000000000002,0.5,0.47999999999999998,0.16420000000000001,3.0,0.0,1.0,1.0,332.0
1.0,10.0,13.0,2.0,0.54000000000000004,0.51519999999999999,0.48999999999999999,0.1343,3.0,0.0,1.0,1.0,310.0
1.0,10.0,14.0,2.0,0.56000000000000005,0.53029999999999999,0.42999999999999999,0.16420000000000001,3.0,0.0,1.0,1.0,270.0
1.0,10.0,15.0,2.0,0.58000000000000007,0.54549999999999998,0.42999999999999999,0.22390000000000002,3.0,0.0,1.0,1.0,301.0
1.0,10.0,16.0,1.0,0.56000000000000005,0.53029999999999999,0.52000000000000002,0.19399999999999998,3.0,0.0,1.0,1.0,466.0
1.0,10.0,17.0,1.0,0.54000000000000004,0.51519999999999999,0.56000000000000005,0.1045,3.0,0.0,1.0,1.0,888.0
1.0,10.0,18.0,1.0,0.52000000000000002,0.5,0.58999999999999997,0.16420000000000001,3.0,0.0,1.0,1.0,884.0
1.0,10.0,19.0,1.0,0.5,0.48479999999999995,0.71999999999999997,0.19399999999999998,3.0,0.0,1.0,1.0,516.0
1.0,10.0,20.0,1.0,0.5,0.48479999999999995,0.71999999999999997,0.1343,3.0,0.0,1.0,1.0,414.0
1.0,10.0,21.0,1.0,0.45999999999999996,0.45450000000000002,0.81999999999999995,0.19399999999999998,3.0,0.0,1.0,1.0,329.0
1.0,10.0,22.0,1.0,0.45999999999999996,0.45450000000000002,0.88,0.25370000000000004,3.0,0.0,1.0,1.0,215.0
1.0,10.0,23.0,1.0,0.45999999999999996,0.45450000000000002,0.88,0.22390000000000002,3.0,0.0,1.0,1.0,99.0
1.0,10.0,0.0,1.0,0.45999999999999996,0.45450000000000002,0.88,0.19399999999999998,3.0,0.0,2.0,1.0,57.0
1.0,10.0,1.0,1.0,0.45999999999999996,0.45450000000000002,0.81999999999999995,0.22390000000000002,3.0,0.0,2.0,1.0,14.0
1.0,10.0,2.0,1.0,0.45999999999999996,0.45450000000000002,0.81999999999999995,0.19399999999999998,3.0,0.0,2.0,1.0,14.0
1.0,10.0,3.0,1.0,0.44,0.43939999999999996,0.88,0.22390000000000002,3.0,0.0,2.0,1.0,5.0
1.0,10.0,4.0,1.0,0.44,0.43939999999999996,0.88,0.22390000000000002,3.0,0.0,2.0,1.0,5.0
1.0,10.0,5.0,1.0,0.44,0.43939999999999996,0.81999999999999995,0.22390000000000002,3.0,0.0,2.0,1.0,42.0
1.0,10.0,6.0,1.0,0.44,0.43939999999999996,0.88,0.29850000000000004,3.0,0.0,2.0,1.0,153.0
1.0,10.0,7.0,1.0,0.44,0.43939999999999996,0.88,0.25370000000000004,3.0,0.0,2.0,1.0,508.0
1.0,10.0,8.0,1.0,0.45999999999999996,0.45450000000000002,0.81999999999999995,0.25370000000000004,3.0,0.0,2.0,1.0,834.0
1.0,10.0,9.0,2.0,0.5,0.48479999999999995,0.77000000000000002,0.16420000000000001,3.0,0.0,2.0,1.0,387.0
1.0,10.0,10.0,2.0,0.52000000000000002,0.5,0.68000000000000005,0.22390000000000002,3.0,0.0,2.0,1.0,218.0
1.0,10.0,11.0,2.0,0.56000000000000005,0.53029999999999999,0.56000000000000005,0.22390000000000002,3.0,0.0,2.0,1.0,268.0
1.0,10.0,12.0,2.0,0.60000000000000009,0.62119999999999997,0.53000000000000003,0.25370000000000004,3.0,0.0,2.0,1.0,377.0
1.0,10.0,13.0,1.0,0.62,0.62119999999999997,0.53000000000000003,0.35820000000000002,3.0,0.0,2.0,1.0,332.0
1.0,10.0,14.0,2.0,0.62,0.62119999999999997,0.5,0.29850000000000004,3.0,0.0,2.0,1.0,285.0
1.0,10.0,15.0,2.0,0.60000000000000009,0.60609999999999997,0.59999999999999998,0.19399999999999998,3.0,0.0,2.0,1.0,353.0
1.0,10.0,16.0,1.0,0.60000000000000009,0.62119999999999997,0.56000000000000005,0.28360000000000002,3.0,0.0,2.0,1.0,450.0
1.0,10.0,17.0,2.0,0.58000000000000007,0.54549999999999998,0.64000000000000001,0.32840000000000003,3.0,0.0,2.0,1.0,890.0
1.0,10.0,18.0,2.0,0.56000000000000005,0.53029999999999999,0.64000000000000001,0.32840000000000003,3.0,0.0,2.0,1.0,788.0
1.0,10.0,19.0,2.0,0.56000000000000005,0.53029999999999999,0.68000000000000005,0.29850000000000004,3.0,0.0,2.0,1.0,513.0
1.0,10.0,20.0,2.0,0.56000000000000005,0.53029999999999999,0.68000000000000005,0.25370000000000004,3.0,0.0,2.0,1.0,387.0
1.0,10.0,21.0,2.0,0.54000000000000004,0.51519999999999999,0.77000000000000002,0.19399999999999998,3.0,0.0,2.0,1.0,283.0
1.0,10.0,22.0,2.0,0.54000000000000004,0.51519999999999999,0.82999999999999996,0.19399999999999998,3.0,0.0,2.0,1.0,229.0
1.0,10.0,23.0,2.0,0.54000000000000004,0.51519999999999999,0.82999999999999996,0.0,3.0,0.0,2.0,1.0,117.0
1.0,10.0,0.0,2.0,0.56000000000000005,0.53029999999999999,0.82999999999999996,0.1045,3.0,0.0,3.0,1.0,56.0
1.0,10.0,1.0,3.0,0.54000000000000004,0.51519999999999999,0.88,0.0,3.0,0.0,3.0,1.0,16.0
1.0,10.0,2.0,2.0,0.54000000000000004,0.51519999999999999,0.88,0.0,3.0,0.0,3.0,1.0,10.0
1.0,10.0,3.0,2.0,0.56000000000000005,0.53029999999999999,0.82999999999999996,0.0,3.0,0.0,3.0,1.0,5.0
1.0,10.0,4.0,2.0,0.56000000000000005,0.53029999999999999,0.82999999999999996,0.0,3.0,0.0,3.0,1.0,6.0
1.0,10.0,5.0,2.0,0.54000000000000004,0.51519999999999999,0.88,0.0,3.0,0.0,3.0,1.0,36.0
1.0,10.0,6.0,3.0,0.54000000000000004,0.51519999999999999,0.93999999999999995,0.16420000000000001,3.0,0.0,3.0,1.0,131.0
1.0,10.0,7.0,3.0,0.54000000000000004,0.51519999999999999,0.93999999999999995,0.0,3.0,0.0,3.0,1.0,154.0
1.0,10.0,8.0,2.0,0.54000000000000004,0.51519999999999999,0.93999999999999995,0.1045,3.0,0.0,3.0,1.0,467.0
1.0,10.0,9.0,2.0,0.54000000000000004,0.51519999999999999,0.93999999999999995,0.1045,3.0,0.0,3.0,1.0,389.0
1.0,10.0,10.0,2.0,0.58000000000000007,0.54549999999999998,0.88,0.19399999999999998,3.0,0.0,3.0,1.0,224.0
1.0,10.0,11.0,1.0,0.60000000000000009,0.56059999999999999,0.82999999999999996,0.19399999999999998,3.0,0.0,3.0,1.0,252.0
1.0,10.0,12.0,1.0,0.64000000000000001,0.60609999999999997,0.68999999999999995,0.22390000000000002,3.0,0.0,3.0,1.0,332.0
1.0,10.0,13.0,1.0,0.62,0.59089999999999998,0.72999999999999998,0.22390000000000002,3.0,0.0,3.0,1.0,375.0
1.0,10.0,14.0,1.0,0.65999999999999992,0.62119999999999997,0.60999999999999999,0.25370000000000004,3.0,0.0,3.0,1.0,365.0
1.0,10.0,15.0,1.0,0.64000000000000001,0.60609999999999997,0.65000000000000002,0.29850000000000004,3.0,0.0,3.0,1.0,395.0
1.0,10.0,16.0,3.0,0.62,0.60609999999999997,0.68999999999999995,0.35820000000000002,3.0,0.0,3.0,1.0,565.0
1.0,10.0,17.0,3.0,0.62,0.60609999999999997,0.68999999999999995,0.35820000000000002,3.0,0.0,3.0,1.0,425.0
1.0,10.0,18.0,1.0,0.56000000000000005,0.53029999999999999,0.82999999999999996,0.1045,3.0,0.0,3.0,1.0,233.0
1.0,10.0,19.0,1.0,0.54000000000000004,0.51519999999999999,0.88,0.16420000000000001,3.0,0.0,3.0,1.0,232.0
1.0,10.0,20.0,1.0,0.52000000000000002,0.5,0.77000000000000002,0.19399999999999998,3.0,0.0,3.0,1.0,229.0
1.0,10.0,21.0,1.0,0.5,0.48479999999999995,0.77000000000000002,0.0,3.0,0.0,3.0,1.0,206.0
1.0,10.0,22.0,1.0,0.5,0.48479999999999995,0.77000000000000002,0.089599999999999999,3.0,0.0,3.0,1.0,190.0
1.0,10.0,23.0,1.0,0.45999999999999996,0.45450000000000002,0.88,0.1045,3.0,0.0,3.0,1.0,131.0
1.0,10.0,0.0,1.0,0.45999999999999996,0.45450000000000002,0.81999999999999995,0.1343,3.0,0.0,4.0,1.0,123.0
1.0,10.0,1.0,1.0,0.45999999999999996,0.45450000000000002,0.71999999999999997,0.1343,3.0,0.0,4.0,1.0,95.0
1.0,10.0,2.0,1.0,0.44,0.43939999999999996,0.77000000000000002,0.1045,3.0,0.0,4.0,1.0,78.0
1.0,10.0,3.0,1.0,0.41999999999999998,0.42420000000000002,0.77000000000000002,0.1343,3.0,0.0,4.0,1.0,29.0
1.0,10.0,4.0,1.0,0.44,0.43939999999999996,0.71999999999999997,0.0,3.0,0.0,4.0,1.0,18.0
1.0,10.0,5.0,1.0,0.39999999999999997,0.40909999999999996,0.81999999999999995,0.0,3.0,0.0,4.0,1.0,13.0
1.0,10.0,6.0,1.0,0.41999999999999998,0.42420000000000002,0.70999999999999996,0.0,3.0,0.0,4.0,1.0,31.0
1.0,10.0,7.0,1.0,0.39999999999999997,0.40909999999999996,0.81999999999999995,0.0,3.0,0.0,4.0,1.0,65.0
1.0,10.0,8.0,1.0,0.45999999999999996,0.45450000000000002,0.67000000000000004,0.1343,3.0,0.0,4.0,1.0,193.0
1.0,10.0,9.0,1.0,0.5,0.48479999999999995,0.58999999999999997,0.1343,3.0,0.0,4.0,1.0,363.0
1.0,10.0,10.0,1.0,0.52000000000000002,0.5,0.52000000000000002,0.1343,3.0,0.0,4.0,1.0,423.0
1.0,10.0,11.0,1.0,0.54000000000000004,0.51519999999999999,0.52000000000000002,0.22390000000000002,3.0,0.0,4.0,1.0,612.0
1.0,10.0,12.0,1.0,0.56000000000000005,0.53029999999999999,0.46000000000000002,0.1045,3.0,0.0,4.0,1.0,703.0
1.0,10.0,13.0,1.0,0.56000000000000005,0.53029999999999999,0.42999999999999999,0.16420000000000001,3.0,0.0,4.0,1.0,714.0
1.0,10.0,14.0,1.0,0.56000000000000005,0.53029999999999999,0.40000000000000002,0.0,3.0,0.0,4.0,1.0,711.0
1.0,10.0,15.0,1.0,0.56000000000000005,0.53029999999999999,0.42999999999999999,0.0,3.0,0.0,4.0,1.0,711.0
1.0,10.0,16.0,1.0,0.54000000000000004,0.51519999999999999,0.41999999999999998,0.28360000000000002,3.0,0.0,4.0,1.0,691.0
1.0,10.0,17.0,1.0,0.54000000000000004,0.51519999999999999,0.37,0.22390000000000002,3.0,0.0,4.0,1.0,731.0
1.0,10.0,18.0,1.0,0.52000000000000002,0.5,0.39000000000000001,0.22390000000000002,3.0,0.0,4.0,1.0,521.0
1.0,10.0,19.0,1.0,0.5,0.48479999999999995,0.45000000000000001,0.1343,3.0,0.0,4.0,1.0,345.0
1.0,10.0,20.0,1.0,0.5,0.48479999999999995,0.39000000000000001,0.22390000000000002,3.0,0.0,4.0,1.0,259.0
1.0,10.0,21.0,1.0,0.45999999999999996,0.45450000000000002,0.46999999999999997,0.22390000000000002,3.0,0.0,4.0,1.0,296.0
1.0,10.0,22.0,1.0,0.44,0.43939999999999996,0.51000000000000001,0.1045,3.0,0.0,4.0,1.0,202.0
1.0,10.0,23.0,1.0,0.41999999999999998,0.42420000000000002,0.57999999999999996,0.0,3.0,0.0,4.0,1.0,163.0
1.0,10.0,0.0,1.0,0.44,0.43939999999999996,0.54000000000000004,0.16420000000000001,3.0,0.0,5.0,1.0,154.0
1.0,10.0,1.0,1.0,0.41999999999999998,0.42420000000000002,0.57999999999999996,0.22390000000000002,3.0,0.0,5.0,1.0,117.0
1.0,10.0,2.0,1.0,0.39999999999999997,0.40909999999999996,0.62,0.16420000000000001,3.0,0.0,5.0,1.0,132.0
1.0,10.0,3.0,1.0,0.38,0.39390000000000003,0.66000000000000003,0.089599999999999999,3.0,0.0,5.0,1.0,41.0
1.0,10.0,4.0,1.0,0.35999999999999999,0.34850000000000003,0.70999999999999996,0.16420000000000001,3.0,0.0,5.0,1.0,21.0
1.0,10.0,5.0,1.0,0.38,0.39390000000000003,0.66000000000000003,0.089599999999999999,3.0,0.0,5.0,1.0,10.0
1.0,10.0,6.0,1.0,0.39999999999999997,0.40909999999999996,0.62,0.0,3.0,0.0,5.0,1.0,26.0
1.0,10.0,7.0,1.0,0.39999999999999997,0.40909999999999996,0.62,0.0,3.0,0.0,5.0,1.0,56.0
1.0,10.0,8.0,1.0,0.41999999999999998,0.42420000000000002,0.67000000000000004,0.0,3.0,0.0,5.0,1.0,143.0
1.0,10.0,9.0,1.0,0.45999999999999996,0.45450000000000002,0.55000000000000004,0.16420000000000001,3.0,0.0,5.0,1.0,269.0
1.0,10.0,10.0,1.0,0.5,0.48479999999999995,0.47999999999999998,0.29850000000000004,3.0,0.0,5.0,1.0,443.0
1.0,10.0,11.0,1.0,0.52000000000000002,0.5,0.44,0.32840000000000003,3.0,0.0,5.0,1.0,547.0
1.0,10.0,12.0,1.0,0.54000000000000004,0.51519999999999999,0.39000000000000001,0.32840000000000003,3.0,0.0,5.0,1.0,675.0
1.0,10.0,13.0,1.0,0.56000000000000005,0.53029999999999999,0.37,0.25370000000000004,3.0,0.0,5.0,1.0,626.0
1.0,10.0,14.0,1.0,0.56000000000000005,0.53029999999999999,0.34999999999999998,0.19399999999999998,3.0,0.0,5.0,1.0,640.0
1.0,10.0,15.0,1.0,0.56000000000000005,0.53029999999999999,0.34999999999999998,0.32840000000000003,3.0,0.0,5.0,1.0,623.0
1.0,10.0,16.0,1.0,0.54000000000000004,0.51519999999999999,0.37,0.22390000000000002,3.0,0.0,5.0,1.0,591.0
1.0,10.0,17.0,1.0,0.52000000000000002,0.5,0.39000000000000001,0.25370000000000004,3.0,0.0,5.0,1.0,491.0
1.0,10.0,18.0,1.0,0.52000000000000002,0.5,0.39000000000000001,0.19399999999999998,3.0,0.0,5.0,1.0,413.0
1.0,10.0,19.0,1.0,0.5,0.48479999999999995,0.41999999999999998,0.16420000000000001,3.0,0.0,5.0,1.0,266.0
1.0,10.0,20.0,1.0,0.47999999999999998,0.46970000000000001,0.44,0.19399999999999998,3.0,0.0,5.0,1.0,195.0
1.0,10.0,21.0,1.0,0.41999999999999998,0.42420000000000002,0.54000000000000004,0.16420000000000001,3.0,0.0,5.0,1.0,166.0
1.0,10.0,22.0,1.0,0.41999999999999998,0.42420000000000002,0.54000000000000004,0.0,3.0,0.0,5.0,1.0,113.0
1.0,10.0,23.0,1.0,0.44,0.43939999999999996,0.54000000000000004,0.0,3.0,0.0,5.0,1.0,66.0
1.0,10.0,0.0,1.0,0.39999999999999997,0.40909999999999996,0.62,0.0,3.0,0.0,6.0,0.0,31.0
1.0,10.0,1.0,1.0,0.39999999999999997,0.40909999999999996,0.70999999999999996,0.0,3.0,0.0,6.0,0.0,11.0
1.0,10.0,2.0,1.0,0.38,0.39390000000000003,0.70999999999999996,0.0,3.0,0.0,6.0,0.0,5.0
1.0,10.0,3.0,1.0,0.39999999999999997,0.40909999999999996,0.62,0.0,3.0,0.0,6.0,0.0,6.0
1.0,10.0,4.0,1.0,0.38,0.39390000000000003,0.66000000000000003,0.0,3.0,0.0,6.0,0.0,7.0
1.0,10.0,5.0,1.0,0.38,0.39390000000000003,0.76000000000000001,0.089599999999999999,3.0,0.0,6.0,0.0,46.0
1.0,10.0,6.0,1.0,0.35999999999999999,0.36359999999999998,0.76000000000000001,0.089599999999999999,3.0,0.0,6.0,0.0,144.0
1.0,10.0,7.0,1.0,0.38,0.39390000000000003,0.66000000000000003,0.089599999999999999,3.0,0.0,6.0,0.0,452.0
1.0,10.0,8.0,1.0,0.44,0.43939999999999996,0.67000000000000004,0.0,3.0,0.0,6.0,0.0,728.0
1.0,10.0,9.0,1.0,0.45999999999999996,0.45450000000000002,0.63,0.089599999999999999,3.0,0.0,6.0,0.0,360.0
1.0,10.0,10.0,1.0,0.5,0.48479999999999995,0.55000000000000004,0.0,3.0,0.0,6.0,0.0,212.0
1.0,10.0,11.0,1.0,0.56000000000000005,0.53029999999999999,0.37,0.16420000000000001,3.0,0.0,6.0,0.0,211.0
1.0,10.0,12.0,1.0,0.58000000000000007,0.54549999999999998,0.34999999999999998,0.0,3.0,0.0,6.0,0.0,283.0
1.0,10.0,13.0,1.0,0.62,0.62119999999999997,0.28999999999999998,0.16420000000000001,3.0,0.0,6.0,0.0,315.0
1.0,10.0,14.0,1.0,0.62,0.60609999999999997,0.27000000000000002,0.19399999999999998,3.0,0.0,6.0,0.0,282.0
1.0,10.0,15.0,1.0,0.64000000000000001,0.62119999999999997,0.28999999999999998,0.16420000000000001,3.0,0.0,6.0,0.0,296.0
1.0,10.0,16.0,1.0,0.62,0.62119999999999997,0.33000000000000002,0.16420000000000001,3.0,0.0,6.0,0.0,524.0
1.0,10.0,17.0,1.0,0.62,0.62119999999999997,0.33000000000000002,0.1045,3.0,0.0,6.0,0.0,922.0
1.0,10.0,18.0,1.0,0.54000000000000004,0.51519999999999999,0.64000000000000001,0.1045,3.0,0.0,6.0,0.0,786.0
1.0,10.0,19.0,1.0,0.52000000000000002,0.5,0.52000000000000002,0.1045,3.0,0.0,6.0,0.0,514.0
1.0,10.0,20.0,1.0,0.5,0.48479999999999995,0.58999999999999997,0.1045,3.0,0.0,6.0,0.0,403.0
1.0,10.0,21.0,1.0,0.47999999999999998,0.46970000000000001,0.67000000000000004,0.089599999999999999,3.0,0.0,6.0,0.0,174.0
1.0,10.0,22.0,1.0,0.45999999999999996,0.45450000000000002,0.81999999999999995,0.1343,3.0,0.0,6.0,0.0,183.0
1.0,10.0,23.0,1.0,0.45999999999999996,0.45450000000000002,0.81999999999999995,0.1045,3.0,0.0,6.0,0.0,163.0
1.0,10.0,0.0,1.0,0.45999999999999996,0.45450000000000002,0.88,0.16420000000000001,3.0,0.0,7.0,0.0,37.0
1.0,10.0,1.0,1.0,0.45999999999999996,0.45450000000000002,0.77000000000000002,0.16420000000000001,3.0,0.0,7.0,0.0,17.0
1.0,10.0,2.0,1.0,0.44,0.43939999999999996,0.88,0.1343,3.0,0.0,7.0,0.0,7.0
1.0,10.0,3.0,1.0,0.44,0.43939999999999996,0.77000000000000002,0.1343,3.0,0.0,7.0,0.0,1.0
1.0,10.0,4.0,1.0,0.41999999999999998,0.42420000000000002,0.77000000000000002,0.1045,3.0,0.0,7.0,0.0,7.0
1.0,10.0,5.0,1.0,0.44,0.43939999999999996,0.77000000000000002,0.089599999999999999,3.0,0.0,7.0,0.0,50.0
1.0,10.0,6.0,1.0,0.39999999999999997,0.40909999999999996,0.81999999999999995,0.089599999999999999,3.0,0.0,7.0,0.0,158.0
1.0,10.0,7.0,2.0,0.44,0.43939999999999996,0.77000000000000002,0.1045,3.0,0.0,7.0,0.0,531.0
1.0,10.0,8.0,2.0,0.45999999999999996,0.45450000000000002,0.71999999999999997,0.089599999999999999,3.0,0.0,7.0,0.0,761.0
1.0,10.0,9.0,2.0,0.5,0.48479999999999995,0.71999999999999997,0.1045,3.0,0.0,7.0,0.0,334.0
1.0,10.0,10.0,1.0,0.54000000000000004,0.51519999999999999,0.59999999999999998,0.0,3.0,0.0,7.0,0.0,221.0
1.0,10.0,11.0,1.0,0.60000000000000009,0.62119999999999997,0.53000000000000003,0.0,3.0,0.0,7.0,0.0,253.0
1.0,10.0,12.0,2.0,0.62,0.62119999999999997,0.46000000000000002,0.089599999999999999,3.0,0.0,7.0,0.0,378.0
1.0,10.0,13.0,2.0,0.64000000000000001,0.62119999999999997,0.44,0.0,3.0,0.0,7.0,0.0,303.0
1.0,10.0,14.0,1.0,0.67999999999999994,0.63639999999999997,0.40999999999999998,0.16420000000000001,3.0,0.0,7.0,0.0,296.0
1.0,10.0,15.0,1.0,0.67999999999999994,0.63639999999999997,0.40999999999999998,0.22390000000000002,3.0,0.0,7.0,0.0,346.0
1.0,10.0,16.0,1.0,0.67999999999999994,0.63639999999999997,0.44,0.089599999999999999,3.0,0.0,7.0,0.0,541.0
1.0,10.0,17.0,1.0,0.67999999999999994,0.63639999999999997,0.40999999999999998,0.0,3.0,0.0,7.0,0.0,938.0
1.0,10.0,18.0,1.0,0.62,0.62119999999999997,0.53000000000000003,0.089599999999999999,3.0,0.0,7.0,0.0,826.0
1.0,10.0,19.0,1.0,0.62,0.62119999999999997,0.56999999999999995,0.089599999999999999,3.0,0.0,7.0,0.0,482.0
1.0,10.0,20.0,1.0,0.58000000000000007,0.54549999999999998,0.64000000000000001,0.1343,3.0,0.0,7.0,0.0,379.0
1.0,10.0,21.0,1.0,0.56000000000000005,0.53029999999999999,0.68000000000000005,0.0,3.0,0.0,7.0,0.0,295.0
1.0,10.0,22.0,1.0,0.56000000000000005,0.53029999999999999,0.68000000000000005,0.1045,3.0,0.0,7.0,0.0,194.0
1.0,10.0,23.0,1.0,0.54000000000000004,0.51519999999999999,0.72999999999999998,0.1045,3.0,0.0,7.0,0.0,111.0
1.0,10.0,0.0,1.0,0.54000000000000004,0.51519999999999999,0.72999999999999998,0.089599999999999999,3.0,0.0,1.0,1.0,46.0
1.0,10.0,1.0,1.0,0.54000000000000004,0.51519999999999999,0.68000000000000005,0.0,3.0,0.0,1.0,1.0,27.0
1.0,10.0,2.0,1.0,0.54000000000000004,0.51519999999999999,0.68000000000000005,0.0,3.0,0.0,1.0,1.0,6.0
1.0,10.0,3.0,1.0,0.5,0.48479999999999995,0.77000000000000002,0.089599999999999999,3.0,0.0,1.0,1.0,4.0
1.0,10.0,4.0,1.0,0.5,0.48479999999999995,0.77000000000000002,0.089599999999999999,3.0,0.0,1.0,1.0,6.0
1.0,10.0,5.0,1.0,0.5,0.48479999999999995,0.81999999999999995,0.0,3.0,0.0,1.0,1.0,53.0
1.0,10.0,6.0,1.0,0.47999999999999998,0.46970000000000001,0.81999999999999995,0.1045,3.0,0.0,1.0,1.0,173.0
1.0,10.0,7.0,1.0,0.5,0.48479999999999995,0.88,0.089599999999999999,3.0,0.0,1.0,1.0,526.0
1.0,10.0,8.0,2.0,0.52000000000000002,0.5,0.82999999999999996,0.1045,3.0,0.0,1.0,1.0,801.0
1.0,10.0,9.0,2.0,0.52000000000000002,0.5,0.77000000000000002,0.089599999999999999,3.0,0.0,1.0,1.0,373.0
1.0,10.0,10.0,2.0,0.54000000000000004,0.51519999999999999,0.72999999999999998,0.0,3.0,0.0,1.0,1.0,171.0
1.0,10.0,11.0,1.0,0.58000000000000007,0.54549999999999998,0.64000000000000001,0.0,3.0,0.0,1.0,1.0,236.0
1.0,10.0,12.0,1.0,0.62,0.60609999999999997,0.60999999999999999,0.089599999999999999,3.0,0.0,1.0,1.0,316.0
1.0,10.0,13.0,1.0,0.65999999999999992,0.62119999999999997,0.54000000000000004,0.0,3.0,0.0,1.0,1.0,306.0
1.0,10.0,14.0,1.0,0.73999999999999999,0.65150000000000008,0.29999999999999999,0.25370000000000004,3.0,0.0,1.0,1.0,301.0
1.0,10.0,15.0,1.0,0.69999999999999996,0.63639999999999997,0.39000000000000001,0.1045,3.0,0.0,1.0,1.0,308.0
1.0,10.0,16.0,1.0,0.73999999999999999,0.65150000000000008,0.33000000000000002,0.1343,3.0,0.0,1.0,1.0,532.0
1.0,10.0,17.0,1.0,0.65999999999999992,0.62119999999999997,0.46999999999999997,0.0,3.0,0.0,1.0,1.0,963.0
1.0,10.0,18.0,1.0,0.65999999999999992,0.62119999999999997,0.44,0.0,3.0,0.0,1.0,1.0,858.0
1.0,10.0,19.0,2.0,0.64000000000000001,0.62119999999999997,0.53000000000000003,0.089599999999999999,3.0,0.0,1.0,1.0,572.0
1.0,10.0,20.0,2.0,0.62,0.60609999999999997,0.60999999999999999,0.089599999999999999,3.0,0.0,1.0,1.0,441.0
1.0,10.0,21.0,2.0,0.62,0.60609999999999997,0.60999999999999999,0.1045,3.0,0.0,1.0,1.0,313.0
1.0,10.0,22.0,2.0,0.60000000000000009,0.60609999999999997,0.64000000000000001,0.1343,3.0,0.0,1.0,1.0,238.0
1.0,10.0,23.0,2.0,0.58000000000000007,0.54549999999999998,0.68000000000000005,0.089599999999999999,3.0,0.0,1.0,1.0,123.0
1.0,10.0,0.0,2.0,0.60000000000000009,0.60609999999999997,0.64000000000000001,0.1045,3.0,0.0,2.0,1.0,76.0
1.0,10.0,1.0,1.0,0.58000000000000007,0.54549999999999998,0.68000000000000005,0.0,3.0,0.0,2.0,1.0,28.0
1.0,10.0,2.0,1.0,0.54000000000000004,0.51519999999999999,0.77000000000000002,0.0,3.0,0.0,2.0,1.0,18.0
1.0,10.0,3.0,2.0,0.52000000000000002,0.5,0.88,0.1343,3.0,0.0,2.0,1.0,8.0
1.0,10.0,4.0,2.0,0.52000000000000002,0.5,0.88,0.1045,3.0,0.0,2.0,1.0,5.0
1.0,10.0,5.0,1.5205091937765205,0.52000000000000002,0.5,0.88,0.16420000000000001,3.0,0.0,2.0,1.0,55.0
1.0,10.0,6.0,2.0,0.52000000000000002,0.5,0.88,0.19399999999999998,3.0,0.0,2.0,1.0,171.0
1.0,10.0,7.0,2.0,0.52000000000000002,0.5,0.88,0.19399999999999998,3.0,0.0,2.0,1.0,495.0
1.0,10.0,8.0,2.0,0.52000000000000002,0.5,0.82999999999999996,0.16420000000000001,3.0,0.0,2.0,1.0,779.0
1.0,10.0,9.0,2.0,0.52000000000000002,0.5,0.82999999999999996,0.19399999999999998,3.0,0.0,2.0,1.0,343.0
1.0,10.0,10.0,2.0,0.54000000000000004,0.51519999999999999,0.82999999999999996,0.1343,3.0,0.0,2.0,1.0,225.0
1.0,10.0,11.0,2.0,0.54000000000000004,0.51519999999999999,0.82999999999999996,0.1045,3.0,0.0,2.0,1.0,238.0
1.0,10.0,12.0,2.0,0.56000000000000005,0.53029999999999999,0.78000000000000003,0.1045,3.0,0.0,2.0,1.0,319.0
1.0,10.0,13.0,2.0,0.56000000000000005,0.53029999999999999,0.78000000000000003,0.0,3.0,0.0,2.0,1.0,313.0
1.0,10.0,14.0,1.0,0.60000000000000009,0.59089999999999998,0.72999999999999998,0.1343,3.0,0.0,2.0,1.0,285.0
1.0,10.0,15.0,1.0,0.62,0.60609999999999997,0.65000000000000002,0.1343,3.0,0.0,2.0,1.0,305.0
1.0,10.0,16.0,1.0,0.60000000000000009,0.59089999999999998,0.68999999999999995,0.16420000000000001,3.0,0.0,2.0,1.0,499.0
1.0,10.0,17.0,1.0,0.60000000000000009,0.59089999999999998,0.68999999999999995,0.16420000000000001,3.0,0.0,2.0,1.0,886.0
1.0,10.0,18.0,1.0,0.56000000000000005,0.53029999999999999,0.82999999999999996,0.1045,3.0,0.0,2.0,1.0,809.0
1.0,10.0,19.0,1.0,0.54000000000000004,0.51519999999999999,0.82999999999999996,0.19399999999999998,3.0,0.0,2.0,1.0,542.0
1.0,10.0,20.0,2.0,0.52000000000000002,0.5,0.88,0.1343,3.0,0.0,2.0,1.0,347.0
1.0,10.0,21.0,2.0,0.52000000000000002,0.5,0.88,0.1343,3.0,0.0,2.0,1.0,271.0
1.0,10.0,22.0,2.0,0.54000000000000004,0.51519999999999999,0.82999999999999996,0.089599999999999999,3.0,0.0,2.0,1.0,207.0
1.0,10.0,23.0,2.0,0.54000000000000004,0.51519999999999999,0.82999999999999996,0.1343,3.0,0.0,2.0,1.0,135.0
1.0,10.0,0.0,2.0,0.54000000000000004,0.51519999999999999,0.77000000000000002,0.0,3.0,0.0,3.0,1.0,71.0
1.0,10.0,1.0,2.0,0.52000000000000002,0.5,0.88,0.089599999999999999,3.0,0.0,3.0,1.0,36.0
1.0,10.0,2.0,2.0,0.52000000000000002,0.5,0.88,0.1045,3.0,0.0,3.0,1.0,19.0
1.0,10.0,3.0,2.0,0.52000000000000002,0.5,0.88,0.16420000000000001,3.0,0.0,3.0,1.0,13.0
1.0,10.0,4.0,2.0,0.52000000000000002,0.5,0.88,0.16420000000000001,3.0,0.0,3.0,1.0,5.0
1.0,10.0,5.0,2.0,0.52000000000000002,0.5,0.88,0.1045,3.0,0.0,3.0,1.0,50.0
1.0,10.0,6.0,2.0,0.52000000000000002,0.5,0.88,0.089599999999999999,3.0,0.0,3.0,1.0,144.0
1.0,10.0,7.0,2.0,0.52000000000000002,0.5,0.88,0.1045,3.0,0.0,3.0,1.0,421.0
1.0,10.0,8.0,2.0,0.54000000000000004,0.51519999999999999,0.88,0.1343,3.0,0.0,3.0,1.0,734.0
1.0,10.0,9.0,2.0,0.54000000000000004,0.51519999999999999,0.88,0.1343,3.0,0.0,3.0,1.0,403.0
1.0,10.0,10.0,2.0,0.54000000000000004,0.51519999999999999,0.88,0.1045,3.0,0.0,3.0,1.0,197.0
1.0,10.0,11.0,2.0,0.56000000000000005,0.53029999999999999,0.78000000000000003,0.16420000000000001,3.0,0.0,3.0,1.0,290.0
1.0,10.0,12.0,2.0,0.58000000000000007,0.54549999999999998,0.72999999999999998,0.19399999999999998,3.0,0.0,3.0,1.0,392.0
1.0,10.0,13.0,2.0,0.58000000000000007,0.54549999999999998,0.68000000000000005,0.1343,3.0,0.0,3.0,1.0,337.0
1.0,10.0,14.0,2.0,0.60000000000000009,0.60609999999999997,0.64000000000000001,0.1343,3.0,0.0,3.0,1.0,351.0
1.0,10.0,15.0,2.0,0.62,0.60609999999999997,0.60999999999999999,0.1045,3.0,0.0,3.0,1.0,448.0
1.0,10.0,16.0,2.0,0.58000000000000007,0.54549999999999998,0.72999999999999998,0.16420000000000001,3.0,0.0,3.0,1.0,582.0
1.0,10.0,17.0,2.0,0.56000000000000005,0.53029999999999999,0.76000000000000001,0.19399999999999998,3.0,0.0,3.0,1.0,817.0
1.0,10.0,18.0,2.0,0.56000000000000005,0.53029999999999999,0.78000000000000003,0.1343,3.0,0.0,3.0,1.0,665.0
1.0,10.0,19.0,2.0,0.54000000000000004,0.51519999999999999,0.82999999999999996,0.16420000000000001,3.0,0.0,3.0,1.0,471.0
1.0,10.0,20.0,2.0,0.54000000000000004,0.51519999999999999,0.82999999999999996,0.16420000000000001,3.0,0.0,3.0,1.0,311.0
1.0,10.0,21.0,2.0,0.54000000000000004,0.51519999999999999,0.77000000000000002,0.1343,3.0,0.0,3.0,1.0,292.0
1.0,10.0,22.0,2.0,0.52000000000000002,0.5,0.82999999999999996,0.1343,3.0,0.0,3.0,1.0,217.0
1.0,10.0,23.0,1.0,0.52000000000000002,0.5,0.82999999999999996,0.16420000000000001,3.0,0.0,3.0,1.0,178.0
1.0,10.0,0.0,1.0,0.5,0.48479999999999995,0.88,0.1343,3.0,0.0,4.0,1.0,142.0
1.0,10.0,1.0,2.0,0.5,0.48479999999999995,0.88,0.1343,3.0,0.0,4.0,1.0,146.0
1.0,10.0,2.0,2.0,0.5,0.48479999999999995,0.88,0.19399999999999998,3.0,0.0,4.0,1.0,90.0
1.0,10.0,3.0,1.0,0.5,0.48479999999999995,0.88,0.16420000000000001,3.0,0.0,4.0,1.0,26.0
1.0,10.0,4.0,2.0,0.5,0.48479999999999995,0.88,0.16420000000000001,3.0,0.0,4.0,1.0,13.0
1.0,10.0,5.0,2.0,0.5,0.48479999999999995,0.81999999999999995,0.19399999999999998,3.0,0.0,4.0,1.0,9.0
1.0,10.0,6.0,2.0,0.5,0.48479999999999995,0.81999999999999995,0.19399999999999998,3.0,0.0,4.0,1.0,31.0
1.0,10.0,7.0,1.0,0.47999999999999998,0.46970000000000001,0.82999999999999996,0.19399999999999998,3.0,0.0,4.0,1.0,86.0
1.0,10.0,8.0,1.0,0.5,0.48479999999999995,0.77000000000000002,0.25370000000000004,3.0,0.0,4.0,1.0,213.0
1.0,10.0,9.0,1.0,0.5,0.48479999999999995,0.77000000000000002,0.25370000000000004,3.0,0.0,4.0,1.0,328.0
1.0,10.0,10.0,1.0,0.54000000000000004,0.51519999999999999,0.72999999999999998,0.28360000000000002,3.0,0.0,4.0,1.0,479.0
1.0,10.0,11.0,1.0,0.56000000000000005,0.53029999999999999,0.64000000000000001,0.28360000000000002,3.0,0.0,4.0,1.0,585.0
1.0,10.0,12.0,1.0,0.60000000000000009,0.62119999999999997,0.53000000000000003,0.25370000000000004,3.0,0.0,4.0,1.0,668.0
1.0,10.0,13.0,1.0,0.60000000000000009,0.62119999999999997,0.42999999999999999,0.25370000000000004,3.0,0.0,4.0,1.0,760.0
1.0,10.0,14.0,1.0,0.60000000000000009,0.62119999999999997,0.46000000000000002,0.25370000000000004,3.0,0.0,4.0,1.0,750.0
1.0,10.0,15.0,2.0,0.56000000000000005,0.53029999999999999,0.59999999999999998,0.28360000000000002,3.0,0.0,4.0,1.0,711.0
1.0,10.0,16.0,2.0,0.56000000000000005,0.53029999999999999,0.64000000000000001,0.28360000000000002,3.0,0.0,4.0,1.0,612.0
1.0,10.0,17.0,2.0,0.56000000000000005,0.53029999999999999,0.64000000000000001,0.28360000000000002,3.0,0.0,4.0,1.0,618.0
1.0,10.0,18.0,2.0,0.56000000000000005,0.53029999999999999,0.64000000000000001,0.28360000000000002,3.0,0.0,4.0,1.0,456.0
1.0,10.0,19.0,2.0,0.52000000000000002,0.5,0.71999999999999997,0.22390000000000002,3.0,0.0,4.0,1.0,300.0
1.0,10.0,20.0,2.0,0.52000000000000002,0.5,0.71999999999999997,0.22390000000000002,3.0,0.0,4.0,1.0,296.0
1.0,10.0,21.0,2.0,0.52000000000000002,0.5,0.71999999999999997,0.22390000000000002,3.0,0.0,4.0,1.0,209.0
1.0,10.0,22.0,2.0,0.52000000000000002,0.5,0.71999999999999997,0.25370000000000004,3.0,0.0,4.0,1.0,157.0
1.0,10.0,23.0,2.0,0.52000000000000002,0.5,0.68000000000000005,0.3881,3.0,0.0,4.0,1.0,167.0
1.0,10.0,0.0,3.0,0.52000000000000002,0.5,0.68000000000000005,0.29850000000000004,3.0,0.0,5.0,1.0,117.0
1.0,10.0,1.0,2.0,0.5,0.48479999999999995,0.71999999999999997,0.28360000000000002,3.0,0.0,5.0,1.0,133.0
1.0,10.0,2.0,2.0,0.5,0.48479999999999995,0.68000000000000005,0.29850000000000004,3.0,0.0,5.0,1.0,116.0
1.0,10.0,3.0,2.0,0.5,0.48479999999999995,0.63,0.32840000000000003,3.0,0.0,5.0,1.0,79.0
1.0,10.0,4.0,2.0,0.5,0.48479999999999995,0.63,0.35820000000000002,3.0,0.0,5.0,1.0,20.0
1.0,10.0,5.0,2.0,0.5,0.48479999999999995,0.63,0.29850000000000004,3.0,0.0,5.0,1.0,28.0
1.0,10.0,6.0,2.0,0.5,0.48479999999999995,0.58999999999999997,0.32840000000000003,3.0,0.0,5.0,1.0,39.0
1.0,10.0,7.0,2.0,0.5,0.48479999999999995,0.58999999999999997,0.29850000000000004,3.0,0.0,5.0,1.0,65.0
1.0,10.0,8.0,2.0,0.5,0.48479999999999995,0.58999999999999997,0.55220000000000002,3.0,0.0,5.0,1.0,173.0
1.0,10.0,9.0,2.0,0.5,0.48479999999999995,0.55000000000000004,0.41790000000000005,3.0,0.0,5.0,1.0,330.0
1.0,10.0,10.0,2.0,0.47999999999999998,0.46970000000000001,0.51000000000000001,0.41790000000000005,3.0,0.0,5.0,1.0,434.0
1.0,10.0,11.0,2.0,0.5,0.48479999999999995,0.51000000000000001,0.3881,3.0,0.0,5.0,1.0,462.0
1.0,10.0,12.0,2.0,0.47999999999999998,0.46970000000000001,0.58999999999999997,0.49250000000000005,3.0,0.0,5.0,1.0,491.0
1.0,10.0,13.0,2.0,0.47999999999999998,0.46970000000000001,0.58999999999999997,0.41790000000000005,3.0,0.0,5.0,1.0,391.0
1.0,10.0,14.0,2.0,0.5,0.48479999999999995,0.58999999999999997,0.44780000000000003,3.0,0.0,5.0,1.0,402.0
1.0,10.0,15.0,2.0,0.5,0.48479999999999995,0.63,0.49250000000000005,3.0,0.0,5.0,1.0,301.0
1.0,10.0,16.0,3.0,0.47999999999999998,0.46970000000000001,0.67000000000000004,0.4627,3.0,0.0,5.0,1.0,293.0
1.0,10.0,17.0,3.0,0.45999999999999996,0.45450000000000002,0.77000000000000002,0.52239999999999998,3.0,0.0,5.0,1.0,225.0
1.0,10.0,18.0,3.0,0.41999999999999998,0.42420000000000002,0.93999999999999995,0.49250000000000005,3.0,0.0,5.0,1.0,154.0
1.0,10.0,19.0,3.0,0.41999999999999998,0.42420000000000002,0.93999999999999995,0.35820000000000002,3.0,0.0,5.0,1.0,54.0
1.0,10.0,20.0,3.0,0.41999999999999998,0.42420000000000002,0.93999999999999995,0.4627,3.0,0.0,5.0,1.0,55.0
1.0,10.0,21.0,3.0,0.44,0.43939999999999996,0.88,0.41790000000000005,3.0,0.0,5.0,1.0,46.0
1.0,10.0,22.0,3.0,0.44,0.43939999999999996,0.88,0.35820000000000002,3.0,0.0,5.0,1.0,37.0
1.0,10.0,23.0,3.0,0.41999999999999998,0.42420000000000002,0.93999999999999995,0.35820000000000002,3.0,0.0,5.0,1.0,14.0
1.0,10.0,0.0,3.0,0.44,0.43939999999999996,0.88,0.35820000000000002,3.0,0.0,6.0,0.0,22.0
1.0,10.0,13.0,3.0,0.30000000000000004,0.2727,0.81000000000000005,0.35820000000000002,3.0,0.0,7.0,0.0,116.0
1.0,10.0,14.0,3.0,0.30000000000000004,0.2727,0.81000000000000005,0.35820000000000002,3.0,0.0,7.0,0.0,126.0
1.0,10.0,15.0,3.0,0.30000000000000004,0.28789999999999999,0.87,0.25370000000000004,3.0,0.0,7.0,0.0,124.0
1.0,10.0,16.0,3.0,0.30000000000000004,0.28789999999999999,0.87,0.25370000000000004,3.0,0.0,7.0,0.0,98.0
1.0,10.0,17.0,3.0,0.30000000000000004,0.28789999999999999,0.87,0.22390000000000002,3.0,0.0,7.0,0.0,124.0
1.0,10.0,18.0,3.0,0.30000000000000004,0.30299999999999999,0.87,0.1343,3.0,0.0,7.0,0.0,143.0
1.0,10.0,19.0,2.0,0.5,0.48479999999999995,0.68000000000000005,0.19399999999999998,3.0,0.0,7.0,0.0,115.0
1.0,10.0,20.0,2.0,0.30000000000000004,0.28789999999999999,0.81000000000000005,0.19399999999999998,3.0,0.0,7.0,0.0,81.0
1.0,10.0,21.0,2.0,0.30000000000000004,0.31819999999999998,0.87,0.1045,3.0,0.0,7.0,0.0,64.0
1.0,10.0,22.0,1.0,0.30000000000000004,0.30299999999999999,0.81000000000000005,0.1343,3.0,0.0,7.0,0.0,66.0
1.0,10.0,23.0,1.0,0.30000000000000004,0.30299999999999999,0.81000000000000005,0.1343,3.0,0.0,7.0,0.0,39.0
1.0,10.0,0.0,2.0,0.30000000000000004,0.31819999999999998,0.81000000000000005,0.1045,3.0,0.0,1.0,1.0,16.0
1.0,10.0,1.0,2.0,0.30000000000000004,0.31819999999999998,0.81000000000000005,0.089599999999999999,3.0,0.0,1.0,1.0,8.0
1.0,10.0,2.0,2.0,0.30000000000000004,0.30299999999999999,0.81000000000000005,0.1343,3.0,0.0,1.0,1.0,7.0
1.0,10.0,3.0,2.0,0.30000000000000004,0.31819999999999998,0.81000000000000005,0.1045,3.0,0.0,1.0,1.0,3.0
1.0,10.0,4.0,2.0,0.30000000000000004,0.28789999999999999,0.87,0.19399999999999998,3.0,0.0,1.0,1.0,5.0
1.0,10.0,5.0,2.0,0.30000000000000004,0.30299999999999999,0.81000000000000005,0.1343,3.0,0.0,1.0,1.0,24.0
1.0,10.0,6.0,1.0,0.30000000000000004,0.30299999999999999,0.81000000000000005,0.16420000000000001,3.0,0.0,1.0,1.0,116.0
1.0,10.0,7.0,2.0,0.30000000000000004,0.30299999999999999,0.87,0.1343,3.0,0.0,1.0,1.0,337.0
1.0,10.0,8.0,1.0,0.32000000000000001,0.33329999999999999,0.81000000000000005,0.1343,3.0,0.0,1.0,1.0,621.0
1.0,10.0,9.0,1.0,0.33999999999999997,0.33329999999999999,0.76000000000000001,0.1343,3.0,0.0,1.0,1.0,297.0
1.0,10.0,10.0,1.0,0.35999999999999999,0.33329999999999999,0.70999999999999996,0.28360000000000002,3.0,0.0,1.0,1.0,168.0
1.0,10.0,11.0,2.0,0.35999999999999999,0.34850000000000003,0.66000000000000003,0.22390000000000002,3.0,0.0,1.0,1.0,189.0
1.0,10.0,12.0,1.0,0.39999999999999997,0.40909999999999996,0.57999999999999996,0.19399999999999998,3.0,0.0,1.0,1.0,241.0
1.0,10.0,13.0,1.0,0.41999999999999998,0.42420000000000002,0.5,0.22390000000000002,3.0,0.0,1.0,1.0,213.0
1.0,10.0,14.0,2.0,0.41999999999999998,0.42420000000000002,0.5,0.22390000000000002,3.0,0.0,1.0,1.0,224.0
1.0,10.0,15.0,1.0,0.41999999999999998,0.42420000000000002,0.54000000000000004,0.16420000000000001,3.0,0.0,1.0,1.0,230.0
1.0,10.0,16.0,2.0,0.41999999999999998,0.42420000000000002,0.54000000000000004,0.22390000000000002,3.0,0.0,1.0,1.0,424.0
1.0,10.0,17.0,2.0,0.39999999999999997,0.40909999999999996,0.57999999999999996,0.16420000000000001,3.0,0.0,1.0,1.0,723.0
1.0,10.0,18.0,2.0,0.39999999999999997,0.40909999999999996,0.57999999999999996,0.16420000000000001,3.0,0.0,1.0,1.0,584.0
1.0,10.0,19.0,2.0,0.39999999999999997,0.40909999999999996,0.5,0.19399999999999998,3.0,0.0,1.0,1.0,410.0
1.0,10.0,20.0,2.0,0.39999999999999997,0.40909999999999996,0.5,0.19399999999999998,3.0,0.0,1.0,1.0,268.0
1.0,10.0,21.0,2.0,0.39999999999999997,0.40909999999999996,0.5,0.19399999999999998,3.0,0.0,1.0,1.0,192.0
1.0,10.0,22.0,1.0,0.35999999999999999,0.34850000000000003,0.56999999999999995,0.1343,3.0,0.0,1.0,1.0,165.0
1.0,10.0,23.0,1.0,0.35999999999999999,0.36359999999999998,0.56999999999999995,0.089599999999999999,3.0,0.0,1.0,1.0,101.0
1.0,11.0,0.0,1.0,0.35999999999999999,0.36359999999999998,0.56999999999999995,0.089599999999999999,3.0,0.0,2.0,1.0,60.0
1.0,11.0,1.0,1.0,0.30000000000000004,0.31819999999999998,0.75,0.1045,3.0,0.0,2.0,1.0,30.0
1.0,11.0,2.0,1.0,0.32000000000000001,0.33329999999999999,0.66000000000000003,0.1343,3.0,0.0,2.0,1.0,20.0
1.0,11.0,3.0,1.0,0.33999999999999997,0.33329999999999999,0.60999999999999999,0.1343,3.0,0.0,2.0,1.0,15.0
1.0,11.0,4.0,2.0,0.33999999999999997,0.34850000000000003,0.66000000000000003,0.1045,3.0,0.0,2.0,1.0,10.0
1.0,11.0,5.0,1.0,0.33999999999999997,0.33329999999999999,0.66000000000000003,0.1343,3.0,0.0,2.0,1.0,40.0
1.0,11.0,6.0,1.0,0.33999999999999997,0.33329999999999999,0.60999999999999999,0.16420000000000001,3.0,0.0,2.0,1.0,148.0
1.0,11.0,7.0,2.0,0.35999999999999999,0.34850000000000003,0.56999999999999995,0.16420000000000001,3.0,0.0,2.0,1.0,420.0
1.0,11.0,8.0,2.0,0.35999999999999999,0.37880000000000003,0.56000000000000005,0.1045,3.0,0.0,2.0,1.0,680.0
1.0,11.0,9.0,3.0,0.35999999999999999,0.36359999999999998,0.56999999999999995,0.1045,3.0,0.0,2.0,1.0,331.0
1.0,11.0,10.0,3.0,0.35999999999999999,0.34850000000000003,0.62,0.19399999999999998,3.0,0.0,2.0,1.0,146.0
1.0,11.0,11.0,3.0,0.35999999999999999,0.34850000000000003,0.62,0.19399999999999998,3.0,0.0,2.0,1.0,170.0
1.0,11.0,12.0,3.0,0.38,0.39390000000000003,0.62,0.16420000000000001,3.0,0.0,2.0,1.0,221.0
1.0,11.0,13.0,2.0,0.39999999999999997,0.40909999999999996,0.57999999999999996,0.16420000000000001,3.0,0.0,2.0,1.0,248.0
1.0,11.0,14.0,2.0,0.39999999999999997,0.40909999999999996,0.5,0.22390000000000002,3.0,0.0,2.0,1.0,185.0
1.0,11.0,15.0,2.0,0.39999999999999997,0.40909999999999996,0.54000000000000004,0.16420000000000001,3.0,0.0,2.0,1.0,214.0
1.0,11.0,16.0,2.0,0.39999999999999997,0.40909999999999996,0.54000000000000004,0.16420000000000001,3.0,0.0,2.0,1.0,344.0
1.0,11.0,17.0,3.0,0.39999999999999997,0.40909999999999996,0.5,0.22390000000000002,3.0,0.0,2.0,1.0,689.0
1.0,11.0,18.0,2.0,0.39999999999999997,0.40909999999999996,0.5,0.16420000000000001,3.0,0.0,2.0,1.0,678.0
1.0,11.0,19.0,2.0,0.39999999999999997,0.40909999999999996,0.5,0.16420000000000001,3.0,0.0,2.0,1.0,452.0
1.0,11.0,20.0,2.0,0.38,0.39390000000000003,0.54000000000000004,0.25370000000000004,3.0,0.0,2.0,1.0,296.0
1.0,11.0,21.0,2.0,0.38,0.39390000000000003,0.54000000000000004,0.1343,3.0,0.0,2.0,1.0,267.0
1.0,11.0,22.0,1.0,0.35999999999999999,0.34850000000000003,0.56999999999999995,0.16420000000000001,3.0,0.0,2.0,1.0,202.0
1.0,11.0,23.0,1.0,0.33999999999999997,0.33329999999999999,0.56999999999999995,0.16420000000000001,3.0,0.0,2.0,1.0,120.0
1.0,11.0,0.0,1.0,0.33999999999999997,0.33329999999999999,0.56999999999999995,0.16420000000000001,3.0,0.0,3.0,1.0,50.0
1.0,11.0,1.0,1.0,0.32000000000000001,0.31819999999999998,0.66000000000000003,0.16420000000000001,3.0,0.0,3.0,1.0,24.0
1.0,11.0,2.0,1.0,0.32000000000000001,0.31819999999999998,0.66000000000000003,0.16420000000000001,3.0,0.0,3.0,1.0,10.0
1.0,11.0,3.0,1.0,0.30000000000000004,0.30299999999999999,0.69999999999999996,0.16420000000000001,3.0,0.0,3.0,1.0,3.0
1.0,11.0,4.0,1.0,0.30000000000000004,0.31819999999999998,0.69999999999999996,0.1045,3.0,0.0,3.0,1.0,7.0
1.0,11.0,5.0,2.0,0.32000000000000001,0.31819999999999998,0.66000000000000003,0.16420000000000001,3.0,0.0,3.0,1.0,26.0
1.0,11.0,6.0,1.0,0.30000000000000004,0.30299999999999999,0.69999999999999996,0.16420000000000001,3.0,0.0,3.0,1.0,122.0
1.0,11.0,7.0,2.0,0.30000000000000004,0.30299999999999999,0.69999999999999996,0.1343,3.0,0.0,3.0,1.0,357.0
1.0,11.0,8.0,1.0,0.32000000000000001,0.33329999999999999,0.56999999999999995,0.1045,3.0,0.0,3.0,1.0,687.0
1.0,11.0,9.0,1.0,0.33999999999999997,0.34850000000000003,0.53000000000000003,0.1045,3.0,0.0,3.0,1.0,382.0
1.0,11.0,10.0,1.0,0.38,0.39390000000000003,0.46000000000000002,0.29850000000000004,3.0,0.0,3.0,1.0,204.0
1.0,11.0,11.0,1.0,0.41999999999999998,0.42420000000000002,0.40999999999999998,0.41790000000000005,3.0,0.0,3.0,1.0,221.0
1.0,11.0,12.0,1.0,0.41999999999999998,0.42420000000000002,0.40999999999999998,0.35820000000000002,3.0,0.0,3.0,1.0,292.0
1.0,11.0,13.0,1.0,0.39999999999999997,0.40909999999999996,0.42999999999999999,0.35820000000000002,3.0,0.0,3.0,1.0,294.0
1.0,11.0,14.0,2.0,0.39999999999999997,0.40909999999999996,0.40000000000000002,0.49250000000000005,3.0,0.0,3.0,1.0,262.0
1.0,11.0,15.0,2.0,0.39999999999999997,0.40909999999999996,0.40000000000000002,0.41790000000000005,3.0,0.0,3.0,1.0,306.0
1.0,11.0,16.0,1.0,0.38,0.39390000000000003,0.40000000000000002,0.32840000000000003,3.0,0.0,3.0,1.0,421.0
1.0,11.0,17.0,1.0,0.38,0.39390000000000003,0.40000000000000002,0.32840000000000003,3.0,0.0,3.0,1.0,638.0
1.0,11.0,18.0,2.0,0.38,0.39390000000000003,0.42999999999999999,0.32840000000000003,3.0,0.0,3.0,1.0,522.0
1.0,11.0,19.0,2.0,0.38,0.39390000000000003,0.42999999999999999,0.29850000000000004,3.0,0.0,3.0,1.0,374.0
1.0,11.0,20.0,2.0,0.35999999999999999,0.33329999999999999,0.46000000000000002,0.41790000000000005,3.0,0.0,3.0,1.0,221.0
1.0,11.0,21.0,2.0,0.35999999999999999,0.33329999999999999,0.46000000000000002,0.35820000000000002,3.0,0.0,3.0,1.0,156.0
1.0,11.0,22.0,1.0,0.35999999999999999,0.33329999999999999,0.46000000000000002,0.25370000000000004,3.0,0.0,3.0,1.0,149.0
1.0,11.0,23.0,1.0,0.33999999999999997,0.30299999999999999,0.53000000000000003,0.29850000000000004,3.0,0.0,3.0,1.0,119.0
1.0,11.0,0.0,1.0,0.33999999999999997,0.33329999999999999,0.53000000000000003,0.16420000000000001,3.0,0.0,4.0,1.0,108.0
1.0,11.0,1.0,2.0,0.33999999999999997,0.30299999999999999,0.48999999999999999,0.32840000000000003,3.0,0.0,4.0,1.0,89.0
1.0,11.0,2.0,2.0,0.33999999999999997,0.31819999999999998,0.48999999999999999,0.25370000000000004,3.0,0.0,4.0,1.0,46.0
1.0,11.0,3.0,2.0,0.33999999999999997,0.31819999999999998,0.48999999999999999,0.25370000000000004,3.0,0.0,4.0,1.0,28.0
1.0,11.0,4.0,2.0,0.32000000000000001,0.30299999999999999,0.48999999999999999,0.29850000000000004,3.0,0.0,4.0,1.0,16.0
1.0,11.0,5.0,2.0,0.32000000000000001,0.30299999999999999,0.48999999999999999,0.25370000000000004,3.0,0.0,4.0,1.0,9.0
1.0,11.0,6.0,2.0,0.32000000000000001,0.31819999999999998,0.48999999999999999,0.19399999999999998,3.0,0.0,4.0,1.0,21.0
1.0,11.0,7.0,2.0,0.32000000000000001,0.30299999999999999,0.48999999999999999,0.25370000000000004,3.0,0.0,4.0,1.0,59.0
1.0,11.0,8.0,2.0,0.33999999999999997,0.30299999999999999,0.46000000000000002,0.29850000000000004,3.0,0.0,4.0,1.0,142.0
1.0,11.0,9.0,2.0,0.33999999999999997,0.30299999999999999,0.48999999999999999,0.29850000000000004,3.0,0.0,4.0,1.0,219.0
1.0,11.0,10.0,1.0,0.35999999999999999,0.33329999999999999,0.46000000000000002,0.3881,3.0,0.0,4.0,1.0,328.0
1.0,11.0,11.0,2.0,0.35999999999999999,0.33329999999999999,0.46000000000000002,0.3881,3.0,0.0,4.0,1.0,340.0
1.0,11.0,12.0,2.0,0.35999999999999999,0.31819999999999998,0.46000000000000002,0.4627,3.0,0.0,4.0,1.0,394.0
1.0,11.0,13.0,2.0,0.35999999999999999,0.33329999999999999,0.46000000000000002,0.35820000000000002,3.0,0.0,4.0,1.0,449.0
1.0,11.0,14.0,2.0,0.35999999999999999,0.33329999999999999,0.5,0.32840000000000003,3.0,0.0,4.0,1.0,455.0
1.0,11.0,15.0,2.0,0.35999999999999999,0.31819999999999998,0.46000000000000002,0.44780000000000003,3.0,0.0,4.0,1.0,448.0
1.0,11.0,16.0,2.0,0.35999999999999999,0.33329999999999999,0.46000000000000002,0.32840000000000003,3.0,0.0,4.0,1.0,400.0
1.0,11.0,17.0,2.0,0.35999999999999999,0.33329999999999999,0.46000000000000002,0.29850000000000004,3.0,0.0,4.0,1.0,410.0
1.0,11.0,18.0,2.0,0.35999999999999999,0.33329999999999999,0.46000000000000002,0.28360000000000002,3.0,0.0,4.0,1.0,297.0
1.0,11.0,19.0,1.0,0.35999999999999999,0.34850000000000003,0.5,0.16420000000000001,3.0,0.0,4.0,1.0,239.0
1.0,11.0,20.0,1.0,0.33999999999999997,0.33329999999999999,0.53000000000000003,0.1343,3.0,0.0,4.0,1.0,181.0
1.0,11.0,21.0,1.0,0.33999999999999997,0.34850000000000003,0.53000000000000003,0.1045,3.0,0.0,4.0,1.0,166.0
1.0,11.0,22.0,1.0,0.32000000000000001,0.33329999999999999,0.56999999999999995,0.1045,3.0,0.0,4.0,1.0,146.0
1.0,11.0,23.0,1.0,0.32000000000000001,0.33329999999999999,0.56999999999999995,0.1045,3.0,0.0,4.0,1.0,148.0
1.0,11.0,0.0,1.0,0.30000000000000004,0.31819999999999998,0.60999999999999999,0.1045,3.0,0.0,5.0,1.0,102.0
1.0,11.0,1.0,1.0,0.26000000000000001,0.28789999999999999,0.81000000000000005,0.089599999999999999,3.0,0.0,5.0,1.0,165.0
1.0,11.0,2.0,1.0,0.30000000000000004,0.33329999999999999,0.65000000000000002,0.0,3.0,0.0,5.0,1.0,37.0
1.0,11.0,3.0,1.0,0.28000000000000003,0.28789999999999999,0.60999999999999999,0.1045,3.0,0.0,5.0,1.0,11.0
1.0,11.0,4.0,1.0,0.26000000000000001,0.2727,0.65000000000000002,0.1343,3.0,0.0,5.0,1.0,9.0
1.0,11.0,5.0,1.0,0.26000000000000001,0.2727,0.65000000000000002,0.1045,3.0,0.0,5.0,1.0,5.0
1.0,11.0,6.0,1.0,0.28000000000000003,0.28789999999999999,0.60999999999999999,0.1343,3.0,0.0,5.0,1.0,16.0
1.0,11.0,7.0,1.0,0.26000000000000001,0.2727,0.65000000000000002,0.1045,3.0,0.0,5.0,1.0,50.0
1.0,11.0,8.0,1.0,0.30000000000000004,0.30299999999999999,0.56000000000000005,0.1343,3.0,0.0,5.0,1.0,149.0
1.0,11.0,9.0,1.0,0.32000000000000001,0.33329999999999999,0.53000000000000003,0.0,3.0,0.0,5.0,1.0,217.0
1.0,11.0,10.0,1.0,0.33999999999999997,0.33329999999999999,0.48999999999999999,0.19399999999999998,3.0,0.0,5.0,1.0,360.0
1.0,11.0,11.0,1.0,0.38,0.39390000000000003,0.46000000000000002,0.22390000000000002,3.0,0.0,5.0,1.0,445.0
1.0,11.0,12.0,1.0,0.38,0.39390000000000003,0.46000000000000002,0.22390000000000002,3.0,0.0,5.0,1.0,504.0
1.0,11.0,13.0,1.0,0.39999999999999997,0.40909999999999996,0.42999999999999999,0.22390000000000002,3.0,0.0,5.0,1.0,493.0
1.0,11.0,14.0,1.0,0.39999999999999997,0.40909999999999996,0.40000000000000002,0.19399999999999998,3.0,0.0,5.0,1.0,509.0
1.0,11.0,15.0,1.0,0.39999999999999997,0.40909999999999996,0.40000000000000002,0.22390000000000002,3.0,0.0,5.0,1.0,449.0
1.0,11.0,16.0,1.0,0.39999999999999997,0.40909999999999996,0.40000000000000002,0.32840000000000003,3.0,0.0,5.0,1.0,435.0
1.0,11.0,17.0,1.0,0.35999999999999999,0.34850000000000003,0.42999999999999999,0.19399999999999998,3.0,0.0,5.0,1.0,327.0
1.0,11.0,18.0,1.0,0.35999999999999999,0.34850000000000003,0.42999999999999999,0.22390000000000002,3.0,0.0,5.0,1.0,237.0
1.0,11.0,19.0,1.0,0.35999999999999999,0.33329999999999999,0.42999999999999999,0.25370000000000004,3.0,0.0,5.0,1.0,227.0
1.0,11.0,20.0,1.0,0.32000000000000001,0.28789999999999999,0.53000000000000003,0.35820000000000002,3.0,0.0,5.0,1.0,141.0
1.0,11.0,21.0,1.0,0.30000000000000004,0.2727,0.52000000000000002,0.29850000000000004,3.0,0.0,5.0,1.0,87.0
1.0,11.0,22.0,1.0,0.30000000000000004,0.28789999999999999,0.52000000000000002,0.28360000000000002,3.0,0.0,5.0,1.0,79.0
1.0,11.0,23.0,2.0,0.30000000000000004,0.30299999999999999,0.56000000000000005,0.16420000000000001,3.0,0.0,5.0,1.0,53.0
1.0,11.0,0.0,2.0,0.30000000000000004,0.28789999999999999,0.56000000000000005,0.19399999999999998,3.0,0.0,6.0,0.0,23.0
1.0,11.0,1.0,2.0,0.30000000000000004,0.30299999999999999,0.56000000000000005,0.16420000000000001,3.0,0.0,6.0,0.0,8.0
1.0,11.0,2.0,2.0,0.30000000000000004,0.30299999999999999,0.56000000000000005,0.16420000000000001,3.0,0.0,6.0,0.0,6.0
1.0,11.0,3.0,2.0,0.30000000000000004,0.28789999999999999,0.56000000000000005,0.22390000000000002,3.0,0.0,6.0,0.0,4.0
1.0,11.0,4.0,2.0,0.30000000000000004,0.28789999999999999,0.52000000000000002,0.25370000000000004,3.0,0.0,6.0,0.0,16.0
1.0,11.0,5.0,2.0,0.30000000000000004,0.2727,0.52000000000000002,0.32840000000000003,3.0,0.0,6.0,0.0,39.0
1.0,11.0,6.0,2.0,0.30000000000000004,0.28789999999999999,0.48999999999999999,0.28360000000000002,3.0,0.0,6.0,0.0,139.0
1.0,11.0,7.0,2.0,0.30000000000000004,0.28789999999999999,0.48999999999999999,0.25370000000000004,3.0,0.0,6.0,0.0,461.0
1.0,11.0,8.0,2.0,0.30000000000000004,0.28789999999999999,0.48999999999999999,0.22390000000000002,3.0,0.0,6.0,0.0,648.0
1.0,11.0,9.0,2.0,0.30000000000000004,0.28789999999999999,0.52000000000000002,0.28360000000000002,3.0,0.0,6.0,0.0,257.0
1.0,11.0,10.0,1.0,0.32000000000000001,0.30299999999999999,0.48999999999999999,0.28360000000000002,3.0,0.0,6.0,0.0,142.0
1.0,11.0,11.0,1.0,0.33999999999999997,0.31819999999999998,0.46000000000000002,0.22390000000000002,3.0,0.0,6.0,0.0,150.0
1.0,11.0,12.0,1.0,0.35999999999999999,0.33329999999999999,0.42999999999999999,0.32840000000000003,3.0,0.0,6.0,0.0,244.0
1.0,11.0,13.0,1.0,0.35999999999999999,0.33329999999999999,0.40000000000000002,0.25370000000000004,3.0,0.0,6.0,0.0,222.0
1.0,11.0,14.0,1.0,0.38,0.39390000000000003,0.40000000000000002,0.16420000000000001,3.0,0.0,6.0,0.0,196.0
1.0,11.0,15.0,1.0,0.38,0.39390000000000003,0.40000000000000002,0.28360000000000002,3.0,0.0,6.0,0.0,231.0
1.0,11.0,16.0,1.0,0.35999999999999999,0.33329999999999999,0.42999999999999999,0.28360000000000002,3.0,0.0,6.0,0.0,360.0
1.0,11.0,17.0,1.0,0.33999999999999997,0.31819999999999998,0.46000000000000002,0.22390000000000002,3.0,0.0,6.0,0.0,638.0
1.0,11.0,18.0,1.0,0.33999999999999997,0.31819999999999998,0.46000000000000002,0.22390000000000002,3.0,0.0,6.0,0.0,542.0
1.0,11.0,19.0,1.0,0.32000000000000001,0.31819999999999998,0.48999999999999999,0.16420000000000001,3.0,0.0,6.0,0.0,372.0
1.0,11.0,20.0,1.0,0.32000000000000001,0.30299999999999999,0.48999999999999999,0.25370000000000004,3.0,0.0,6.0,0.0,241.0
1.0,11.0,21.0,1.0,0.30000000000000004,0.28789999999999999,0.52000000000000002,0.28360000000000002,3.0,0.0,6.0,0.0,152.0
1.0,11.0,22.0,1.0,0.28000000000000003,0.2727,0.56000000000000005,0.19399999999999998,3.0,0.0,6.0,0.0,115.0
1.0,11.0,23.0,1.0,0.26000000000000001,0.2727,0.59999999999999998,0.1343,3.0,0.0,6.0,0.0,53.0
1.0,11.0,0.0,1.0,0.23999999999999999,0.2576,0.59999999999999998,0.1045,3.0,0.0,7.0,0.0,19.0
1.0,11.0,1.0,1.0,0.23999999999999999,0.24239999999999998,0.59999999999999998,0.16420000000000001,3.0,0.0,7.0,0.0,8.0
1.0,11.0,2.0,1.0,0.23999999999999999,0.2576,0.65000000000000002,0.089599999999999999,3.0,0.0,7.0,0.0,2.0
1.0,11.0,3.0,1.0,0.22,0.24239999999999998,0.64000000000000001,0.1045,3.0,0.0,7.0,0.0,4.0
1.0,11.0,4.0,1.0,0.22,0.2576,0.68999999999999995,0.089599999999999999,3.0,0.0,7.0,0.0,7.0
1.0,11.0,5.0,2.0,0.22,0.2273,0.64000000000000001,0.19399999999999998,3.0,0.0,7.0,0.0,41.0
1.0,11.0,6.0,1.0,0.22,0.2273,0.68999999999999995,0.1343,3.0,0.0,7.0,0.0,149.0
1.0,11.0,7.0,1.0,0.19999999999999998,0.21210000000000001,0.68999999999999995,0.16420000000000001,3.0,0.0,7.0,0.0,387.0
1.0,11.0,8.0,1.0,0.22,0.2273,0.68999999999999995,0.16420000000000001,3.0,0.0,7.0,0.0,588.0
1.0,11.0,9.0,1.0,0.26000000000000001,0.2576,0.59999999999999998,0.16420000000000001,3.0,0.0,7.0,0.0,363.0
1.0,11.0,10.0,1.0,0.30000000000000004,0.28789999999999999,0.48999999999999999,0.19399999999999998,3.0,0.0,7.0,0.0,230.0
1.0,11.0,11.0,1.0,0.32000000000000001,0.33329999999999999,0.45000000000000001,0.1343,3.0,0.0,7.0,0.0,216.0
1.0,11.0,12.0,1.0,0.32000000000000001,0.33329999999999999,0.45000000000000001,0.1343,3.0,0.0,7.0,0.0,248.0
1.0,11.0,13.0,1.0,0.33999999999999997,0.33329999999999999,0.46000000000000002,0.1343,3.0,0.0,7.0,0.0,278.0
1.0,11.0,14.0,1.0,0.35999999999999999,0.36359999999999998,0.40000000000000002,0.1045,3.0,0.0,7.0,0.0,240.0
1.0,11.0,15.0,1.0,0.33999999999999997,0.31819999999999998,0.46000000000000002,0.25370000000000004,3.0,0.0,7.0,0.0,272.0
1.0,11.0,16.0,1.0,0.33999999999999997,0.33329999999999999,0.46000000000000002,0.16420000000000001,3.0,0.0,7.0,0.0,402.0
1.0,11.0,17.0,1.0,0.32000000000000001,0.30299999999999999,0.53000000000000003,0.22390000000000002,3.0,0.0,7.0,0.0,627.0
1.0,11.0,18.0,1.0,0.32000000000000001,0.30299999999999999,0.56999999999999995,0.29850000000000004,3.0,0.0,7.0,0.0,497.0
1.0,11.0,19.0,1.0,0.30000000000000004,0.28789999999999999,0.56000000000000005,0.22390000000000002,3.0,0.0,7.0,0.0,371.0
1.0,11.0,20.0,1.0,0.30000000000000004,0.28789999999999999,0.60999999999999999,0.22390000000000002,3.0,0.0,7.0,0.0,228.0
1.0,11.0,21.0,2.0,0.30000000000000004,0.28789999999999999,0.56000000000000005,0.25370000000000004,3.0,0.0,7.0,0.0,151.0
1.0,11.0,22.0,2.0,0.30000000000000004,0.28789999999999999,0.56000000000000005,0.22390000000000002,3.0,0.0,7.0,0.0,153.0
1.0,11.0,23.0,1.0,0.30000000000000004,0.28789999999999999,0.56000000000000005,0.22390000000000002,3.0,0.0,7.0,0.0,205.0
1.0,11.0,0.0,2.0,0.30000000000000004,0.28789999999999999,0.56000000000000005,0.28360000000000002,3.0,0.0,1.0,1.0,283.0
1.0,11.0,1.0,2.0,0.28000000000000003,0.2727,0.60999999999999999,0.25370000000000004,3.0,0.0,1.0,1.0,92.0
1.0,11.0,2.0,2.0,0.28000000000000003,0.2576,0.56000000000000005,0.29850000000000004,3.0,0.0,1.0,1.0,74.0
1.0,11.0,3.0,2.0,0.28000000000000003,0.2576,0.52000000000000002,0.32840000000000003,3.0,0.0,1.0,1.0,11.0
1.0,11.0,4.0,2.0,0.28000000000000003,0.2576,0.52000000000000002,0.29850000000000004,3.0,0.0,1.0,1.0,9.0
1.0,11.0,5.0,2.0,0.28000000000000003,0.2576,0.52000000000000002,0.32840000000000003,3.0,0.0,1.0,1.0,27.0
1.0,11.0,6.0,2.0,0.26000000000000001,0.24239999999999998,0.56000000000000005,0.28360000000000002,3.0,0.0,1.0,1.0,118.0
1.0,11.0,7.0,2.0,0.26000000000000001,0.2273,0.56000000000000005,0.29850000000000004,3.0,0.0,1.0,1.0,319.0
1.0,11.0,8.0,2.0,0.26000000000000001,0.24239999999999998,0.59999999999999998,0.28360000000000002,3.0,0.0,1.0,1.0,601.0
1.0,11.0,9.0,2.0,0.26000000000000001,0.24239999999999998,0.59999999999999998,0.28360000000000002,3.0,0.0,1.0,1.0,368.0
1.0,11.0,10.0,2.0,0.28000000000000003,0.2576,0.56000000000000005,0.29850000000000004,3.0,0.0,1.0,1.0,178.0
1.0,11.0,11.0,2.0,0.32000000000000001,0.28789999999999999,0.51000000000000001,0.35820000000000002,3.0,0.0,1.0,1.0,147.0
1.0,11.0,12.0,2.0,0.32000000000000001,0.30299999999999999,0.53000000000000003,0.28360000000000002,3.0,0.0,1.0,1.0,212.0
1.0,11.0,13.0,2.0,0.32000000000000001,0.30299999999999999,0.53000000000000003,0.25370000000000004,3.0,0.0,1.0,1.0,181.0
1.0,11.0,14.0,2.0,0.32000000000000001,0.28789999999999999,0.53000000000000003,0.35820000000000002,3.0,0.0,1.0,1.0,161.0
1.0,11.0,15.0,2.0,0.32000000000000001,0.30299999999999999,0.53000000000000003,0.29850000000000004,3.0,0.0,1.0,1.0,198.0
1.0,11.0,16.0,2.0,0.32000000000000001,0.28789999999999999,0.53000000000000003,0.35820000000000002,3.0,0.0,1.0,1.0,273.0
1.0,11.0,17.0,2.0,0.32000000000000001,0.28789999999999999,0.53000000000000003,0.3881,3.0,0.0,1.0,1.0,517.0
1.0,11.0,18.0,2.0,0.32000000000000001,0.28789999999999999,0.53000000000000003,0.35820000000000002,3.0,0.0,1.0,1.0,465.0
1.0,11.0,19.0,2.0,0.30000000000000004,0.2727,0.56000000000000005,0.29850000000000004,3.0,0.0,1.0,1.0,319.0
1.0,11.0,20.0,2.0,0.32000000000000001,0.30299999999999999,0.48999999999999999,0.32840000000000003,3.0,0.0,1.0,1.0,256.0
1.0,11.0,21.0,2.0,0.32000000000000001,0.30299999999999999,0.48999999999999999,0.29850000000000004,3.0,0.0,1.0,1.0,126.0
1.0,11.0,22.0,3.0,0.30000000000000004,0.28789999999999999,0.56000000000000005,0.25370000000000004,3.0,0.0,1.0,1.0,60.0
1.0,11.0,23.0,3.0,0.28000000000000003,0.2727,0.65000000000000002,0.22390000000000002,3.0,0.0,1.0,1.0,40.0
1.0,11.0,0.0,3.0,0.28000000000000003,0.2727,0.60999999999999999,0.22390000000000002,3.0,0.0,2.0,1.0,15.0
1.0,11.0,1.0,3.0,0.30000000000000004,0.2727,0.52000000000000002,0.35820000000000002,3.0,0.0,2.0,1.0,12.0
1.0,11.0,2.0,2.0,0.30000000000000004,0.28789999999999999,0.48999999999999999,0.22390000000000002,3.0,0.0,2.0,1.0,6.0
1.0,11.0,4.0,2.0,0.30000000000000004,0.28789999999999999,0.45000000000000001,0.28360000000000002,3.0,0.0,2.0,1.0,10.0
1.0,11.0,5.0,2.0,0.30000000000000004,0.28789999999999999,0.41999999999999998,0.22390000000000002,3.0,0.0,2.0,1.0,35.0
1.0,11.0,6.0,1.0,0.30000000000000004,0.28789999999999999,0.39000000000000001,0.22390000000000002,3.0,0.0,2.0,1.0,124.0
1.0,11.0,7.0,1.0,0.28000000000000003,0.2576,0.35999999999999999,0.3881,3.0,0.0,2.0,1.0,423.0
1.0,11.0,8.0,1.0,0.30000000000000004,0.28789999999999999,0.33000000000000002,0.28360000000000002,3.0,0.0,2.0,1.0,668.0
1.0,11.0,9.0,1.0,0.32000000000000001,0.28789999999999999,0.31,0.35820000000000002,3.0,0.0,2.0,1.0,275.0
1.0,11.0,10.0,1.0,0.32000000000000001,0.30299999999999999,0.31,0.32840000000000003,3.0,0.0,2.0,1.0,161.0
1.0,11.0,11.0,1.0,0.35999999999999999,0.33329999999999999,0.28999999999999998,0.3881,3.0,0.0,2.0,1.0,171.0
1.0,11.0,12.0,1.0,0.39999999999999997,0.40909999999999996,0.23999999999999999,0.49250000000000005,3.0,0.0,2.0,1.0,235.0
1.0,11.0,13.0,1.0,0.44,0.43939999999999996,0.17999999999999999,0.41790000000000005,3.0,0.0,2.0,1.0,228.0
1.0,11.0,14.0,1.0,0.44,0.43939999999999996,0.17999999999999999,0.41790000000000005,3.0,0.0,2.0,1.0,182.0
1.0,11.0,15.0,1.0,0.44,0.43939999999999996,0.17999999999999999,0.41790000000000005,3.0,0.0,2.0,1.0,233.0
1.0,11.0,16.0,1.0,0.41999999999999998,0.42420000000000002,0.16,0.3881,3.0,0.0,2.0,1.0,339.0
1.0,11.0,17.0,1.0,0.39999999999999997,0.40909999999999996,0.20000000000000001,0.29850000000000004,3.0,0.0,2.0,1.0,592.0
1.0,11.0,18.0,1.0,0.39999999999999997,0.40909999999999996,0.23999999999999999,0.41790000000000005,3.0,0.0,2.0,1.0,507.0
1.0,11.0,19.0,1.0,0.38,0.39390000000000003,0.27000000000000002,0.35820000000000002,3.0,0.0,2.0,1.0,373.0
1.0,11.0,20.0,1.0,0.38,0.39390000000000003,0.28999999999999998,0.4627,3.0,0.0,2.0,1.0,245.0
1.0,11.0,21.0,1.0,0.35999999999999999,0.33329999999999999,0.37,0.3881,3.0,0.0,2.0,1.0,233.0
1.0,11.0,22.0,1.0,0.33999999999999997,0.30299999999999999,0.41999999999999998,0.29850000000000004,3.0,0.0,2.0,1.0,161.0
1.0,11.0,23.0,1.0,0.33999999999999997,0.30299999999999999,0.46000000000000002,0.35820000000000002,3.0,0.0,2.0,1.0,87.0
1.0,11.0,0.0,1.0,0.33999999999999997,0.30299999999999999,0.48999999999999999,0.32840000000000003,3.0,0.0,3.0,1.0,55.0
1.0,11.0,1.0,1.0,0.32000000000000001,0.30299999999999999,0.53000000000000003,0.28360000000000002,3.0,0.0,3.0,1.0,20.0
1.0,11.0,2.0,1.0,0.32000000000000001,0.30299999999999999,0.53000000000000003,0.25370000000000004,3.0,0.0,3.0,1.0,12.0
1.0,11.0,3.0,1.0,0.32000000000000001,0.28789999999999999,0.53000000000000003,0.41790000000000005,3.0,0.0,3.0,1.0,9.0
1.0,11.0,4.0,1.0,0.32000000000000001,0.28789999999999999,0.53000000000000003,0.35820000000000002,3.0,0.0,3.0,1.0,14.0
1.0,11.0,5.0,1.0,0.30000000000000004,0.28789999999999999,0.56000000000000005,0.19399999999999998,3.0,0.0,3.0,1.0,27.0
1.0,11.0,6.0,1.0,0.26000000000000001,0.2727,0.65000000000000002,0.1045,3.0,0.0,3.0,1.0,131.0
1.0,11.0,7.0,1.0,0.26000000000000001,0.2727,0.65000000000000002,0.1343,3.0,0.0,3.0,1.0,341.0
1.0,11.0,8.0,1.0,0.32000000000000001,0.31819999999999998,0.56999999999999995,0.16420000000000001,3.0,0.0,3.0,1.0,693.0
1.0,11.0,9.0,1.0,0.33999999999999997,0.30299999999999999,0.53000000000000003,0.41790000000000005,3.0,0.0,3.0,1.0,327.0
1.0,11.0,10.0,1.0,0.35999999999999999,0.33329999999999999,0.5,0.32840000000000003,3.0,0.0,3.0,1.0,197.0
1.0,11.0,11.0,1.0,0.0,0.40909999999999996,0.46999999999999997,0.29850000000000004,3.0,0.0,3.0,1.0,251.0
1.0,11.0,12.0,1.0,0.44,0.43939999999999996,0.40999999999999998,0.32840000000000003,3.0,0.0,3.0,1.0,262.0
1.0,11.0,13.0,1.0,0.45999999999999996,0.45450000000000002,0.38,0.29850000000000004,3.0,0.0,3.0,1.0,299.0
1.0,11.0,14.0,1.0,0.45999999999999996,0.45450000000000002,0.38,0.19399999999999998,3.0,0.0,3.0,1.0,274.0
1.0,11.0,15.0,1.0,0.45999999999999996,0.45450000000000002,0.35999999999999999,0.22390000000000002,3.0,0.0,3.0,1.0,356.0
1.0,11.0,16.0,1.0,0.45999999999999996,0.45450000000000002,0.38,0.16420000000000001,3.0,0.0,3.0,1.0,434.0
1.0,11.0,17.0,1.0,0.41999999999999998,0.42420000000000002,0.44,0.1343,3.0,0.0,3.0,1.0,654.0
1.0,11.0,18.0,1.0,0.41999999999999998,0.42420000000000002,0.44,0.1045,3.0,0.0,3.0,1.0,496.0
1.0,11.0,19.0,1.0,0.33999999999999997,0.34850000000000003,0.70999999999999996,0.089599999999999999,3.0,0.0,3.0,1.0,361.0
1.0,11.0,20.0,1.0,0.35999999999999999,0.34850000000000003,0.66000000000000003,0.1343,3.0,0.0,3.0,1.0,255.0
1.0,11.0,21.0,1.0,0.33999999999999997,0.36359999999999998,0.76000000000000001,0.0,3.0,0.0,3.0,1.0,199.0
1.0,11.0,22.0,1.0,0.33999999999999997,0.34850000000000003,0.70999999999999996,0.1045,3.0,0.0,3.0,1.0,163.0
1.0,11.0,23.0,1.0,0.32000000000000001,0.33329999999999999,0.81000000000000005,0.089599999999999999,3.0,0.0,3.0,1.0,162.0
1.0,11.0,0.0,1.0,0.32000000000000001,0.33329999999999999,0.76000000000000001,0.089599999999999999,3.0,0.0,4.0,1.0,122.0
1.0,11.0,1.0,1.0,0.30000000000000004,0.31819999999999998,0.81000000000000005,0.089599999999999999,3.0,0.0,4.0,1.0,76.0
1.0,11.0,2.0,1.0,0.32000000000000001,0.34850000000000003,0.81000000000000005,0.0,3.0,0.0,4.0,1.0,44.0
1.0,11.0,3.0,1.0,0.30000000000000004,0.33329999999999999,0.81000000000000005,0.0,3.0,0.0,4.0,1.0,20.0
1.0,11.0,4.0,1.0,0.26000000000000001,0.2727,0.87,0.1045,3.0,0.0,4.0,1.0,6.0
1.0,11.0,5.0,1.0,0.28000000000000003,0.31819999999999998,0.87,0.0,3.0,0.0,4.0,1.0,10.0
1.0,11.0,6.0,1.0,0.23999999999999999,0.2576,0.93000000000000005,0.089599999999999999,3.0,0.0,4.0,1.0,16.0
1.0,11.0,7.0,1.0,0.26000000000000001,0.2727,0.87,0.1045,3.0,0.0,4.0,1.0,71.0
1.0,11.0,8.0,1.0,0.32000000000000001,0.34850000000000003,0.76000000000000001,0.0,3.0,0.0,4.0,1.0,146.0
1.0,11.0,9.0,1.0,0.35999999999999999,0.34850000000000003,0.66000000000000003,0.19399999999999998,3.0,0.0,4.0,1.0,259.0
1.0,11.0,10.0,1.0,0.39999999999999997,0.40909999999999996,0.57999999999999996,0.0,3.0,0.0,4.0,1.0,350.0
1.0,11.0,11.0,1.0,0.39999999999999997,0.40909999999999996,0.57999999999999996,0.1045,3.0,0.0,4.0,1.0,466.0
1.0,11.0,12.0,1.0,0.47999999999999998,0.46970000000000001,0.47999999999999998,0.0,3.0,0.0,4.0,1.0,606.0
1.0,11.0,13.0,1.0,0.52000000000000002,0.5,0.39000000000000001,0.0,3.0,0.0,4.0,1.0,651.0
1.0,11.0,14.0,1.0,0.54000000000000004,0.51519999999999999,0.37,0.0,3.0,0.0,4.0,1.0,627.0
1.0,11.0,15.0,1.0,0.52000000000000002,0.5,0.45000000000000001,0.0,3.0,0.0,4.0,1.0,567.0
1.0,11.0,16.0,1.0,0.54000000000000004,0.51519999999999999,0.37,0.0,3.0,0.0,4.0,1.0,605.0
1.0,11.0,17.0,1.0,0.5,0.48479999999999995,0.45000000000000001,0.19399999999999998,3.0,0.0,4.0,1.0,501.0
1.0,11.0,18.0,1.0,0.44,0.43939999999999996,0.54000000000000004,0.1343,3.0,0.0,4.0,1.0,359.0
1.0,11.0,19.0,1.0,0.45999999999999996,0.45450000000000002,0.51000000000000001,0.089599999999999999,3.0,0.0,4.0,1.0,283.0
1.0,11.0,20.0,1.0,0.44,0.43939999999999996,0.54000000000000004,0.0,3.0,0.0,4.0,1.0,192.0
1.0,11.0,21.0,1.0,0.39999999999999997,0.40909999999999996,0.66000000000000003,0.0,3.0,0.0,4.0,1.0,220.0
1.0,11.0,22.0,1.0,0.38,0.39390000000000003,0.70999999999999996,0.089599999999999999,3.0,0.0,4.0,1.0,193.0
1.0,11.0,23.0,1.0,0.35999999999999999,0.36359999999999998,0.70999999999999996,0.1045,3.0,0.0,4.0,1.0,146.0
1.0,11.0,0.0,1.0,0.33999999999999997,0.34850000000000003,0.81000000000000005,0.089599999999999999,3.0,1.0,5.0,1.0,124.0
1.0,11.0,1.0,1.0,0.33999999999999997,0.34850000000000003,0.76000000000000001,0.089599999999999999,3.0,1.0,5.0,1.0,108.0
1.0,11.0,2.0,1.0,0.32000000000000001,0.33329999999999999,0.87,0.1045,3.0,1.0,5.0,1.0,70.0
1.0,11.0,3.0,1.0,0.33999999999999997,0.36359999999999998,0.81000000000000005,0.0,3.0,1.0,5.0,1.0,48.0
1.0,11.0,4.0,1.0,0.32000000000000001,0.33329999999999999,0.81000000000000005,0.1045,3.0,1.0,5.0,1.0,11.0
1.0,11.0,5.0,1.0,0.30000000000000004,0.30299999999999999,0.87,0.1343,3.0,1.0,5.0,1.0,12.0
1.0,11.0,6.0,1.0,0.30000000000000004,0.31819999999999998,0.87,0.089599999999999999,3.0,1.0,5.0,1.0,19.0
1.0,11.0,7.0,1.0,0.30000000000000004,0.31819999999999998,0.89000000000000001,0.089599999999999999,3.0,1.0,5.0,1.0,68.0
1.0,11.0,8.0,1.0,0.32000000000000001,0.33329999999999999,0.87,0.1045,3.0,1.0,5.0,1.0,119.0
1.0,11.0,9.0,1.0,0.35999999999999999,0.37880000000000003,0.77000000000000002,0.0,3.0,1.0,5.0,1.0,273.0
1.0,11.0,10.0,1.0,0.39999999999999997,0.40909999999999996,0.68999999999999995,0.1045,3.0,1.0,5.0,1.0,405.0
1.0,11.0,11.0,1.0,0.45999999999999996,0.45450000000000002,0.58999999999999997,0.1343,3.0,1.0,5.0,1.0,504.0
1.0,11.0,12.0,1.0,0.5,0.48479999999999995,0.47999999999999998,0.089599999999999999,3.0,1.0,5.0,1.0,585.0
1.0,11.0,13.0,1.0,0.54000000000000004,0.51519999999999999,0.45000000000000001,0.1045,3.0,1.0,5.0,1.0,686.0
1.0,11.0,14.0,1.0,0.60000000000000009,0.62119999999999997,0.33000000000000002,0.16420000000000001,3.0,1.0,5.0,1.0,654.0
1.0,11.0,15.0,1.0,0.56000000000000005,0.53029999999999999,0.37,0.22390000000000002,3.0,1.0,5.0,1.0,724.0
1.0,11.0,16.0,1.0,0.54000000000000004,0.51519999999999999,0.41999999999999998,0.22390000000000002,3.0,1.0,5.0,1.0,653.0
1.0,11.0,17.0,1.0,0.54000000000000004,0.51519999999999999,0.45000000000000001,0.16420000000000001,3.0,1.0,5.0,1.0,493.0
1.0,11.0,18.0,1.0,0.52000000000000002,0.5,0.45000000000000001,0.1343,3.0,1.0,5.0,1.0,405.0
1.0,11.0,19.0,1.0,0.47999999999999998,0.46970000000000001,0.55000000000000004,0.1343,3.0,1.0,5.0,1.0,277.0
1.0,11.0,20.0,1.0,0.44,0.43939999999999996,0.62,0.16420000000000001,3.0,1.0,5.0,1.0,200.0
1.0,11.0,21.0,1.0,0.44,0.43939999999999996,0.67000000000000004,0.22390000000000002,3.0,1.0,5.0,1.0,171.0
1.0,11.0,22.0,1.0,0.41999999999999998,0.42420000000000002,0.70999999999999996,0.19399999999999998,3.0,1.0,5.0,1.0,134.0
1.0,11.0,23.0,1.0,0.41999999999999998,0.42420000000000002,0.70999999999999996,0.19399999999999998,3.0,1.0,5.0,1.0,109.0
1.0,11.0,0.0,1.0,0.41999999999999998,0.42420000000000002,0.70999999999999996,0.1045,3.0,0.0,6.0,0.0,49.0
1.0,11.0,1.0,1.0,0.39999999999999997,0.40909999999999996,0.76000000000000001,0.16420000000000001,3.0,0.0,6.0,0.0,30.0
1.0,11.0,2.0,1.0,0.39999999999999997,0.40909999999999996,0.76000000000000001,0.1343,3.0,0.0,6.0,0.0,20.0
1.0,11.0,3.0,1.0,0.39999999999999997,0.40909999999999996,0.76000000000000001,0.1343,3.0,0.0,6.0,0.0,4.0
1.0,11.0,4.0,1.0,0.39999999999999997,0.40909999999999996,0.76000000000000001,0.089599999999999999,3.0,0.0,6.0,0.0,4.0
1.0,11.0,5.0,1.0,0.38,0.39390000000000003,0.87,0.0,3.0,0.0,6.0,0.0,24.0
1.0,11.0,6.0,1.0,0.38,0.39390000000000003,0.87,0.1045,3.0,0.0,6.0,0.0,71.0
1.0,11.0,7.0,1.0,0.39999999999999997,0.40909999999999996,0.87,0.0,3.0,0.0,6.0,0.0,264.0
1.0,11.0,8.0,1.0,0.41999999999999998,0.42420000000000002,0.81999999999999995,0.16420000000000001,3.0,0.0,6.0,0.0,540.0
1.0,11.0,9.0,1.0,0.44,0.43939999999999996,0.88,0.1045,3.0,0.0,6.0,0.0,397.0
1.0,11.0,10.0,1.0,0.47999999999999998,0.46970000000000001,0.77000000000000002,0.16420000000000001,3.0,0.0,6.0,0.0,266.0
1.0,11.0,11.0,1.0,0.52000000000000002,0.5,0.71999999999999997,0.16420000000000001,3.0,0.0,6.0,0.0,367.0
1.0,11.0,12.0,1.0,0.56000000000000005,0.53029999999999999,0.64000000000000001,0.22390000000000002,3.0,0.0,6.0,0.0,419.0
1.0,11.0,13.0,1.0,0.60000000000000009,0.60609999999999997,0.59999999999999998,0.22390000000000002,3.0,0.0,6.0,0.0,420.0
1.0,11.0,14.0,1.0,0.58000000000000007,0.54549999999999998,0.59999999999999998,0.28360000000000002,3.0,0.0,6.0,0.0,444.0
1.0,11.0,15.0,1.0,0.56000000000000005,0.53029999999999999,0.64000000000000001,0.25370000000000004,3.0,0.0,6.0,0.0,382.0
1.0,11.0,16.0,1.0,0.56000000000000005,0.53029999999999999,0.64000000000000001,0.16420000000000001,3.0,0.0,6.0,0.0,434.0
1.0,11.0,17.0,1.0,0.56000000000000005,0.53029999999999999,0.64000000000000001,0.28360000000000002,3.0,0.0,6.0,0.0,596.0
1.0,11.0,18.0,1.0,0.52000000000000002,0.5,0.71999999999999997,0.1343,3.0,0.0,6.0,0.0,551.0
1.0,11.0,19.0,1.0,0.54000000000000004,0.51519999999999999,0.72999999999999998,0.28360000000000002,3.0,0.0,6.0,0.0,353.0
1.0,11.0,20.0,2.0,0.52000000000000002,0.5,0.77000000000000002,0.28360000000000002,3.0,0.0,6.0,0.0,304.0
1.0,11.0,21.0,3.0,0.54000000000000004,0.51519999999999999,0.72999999999999998,0.22390000000000002,3.0,0.0,6.0,0.0,155.0
1.0,11.0,22.0,1.0,0.52000000000000002,0.5,0.77000000000000002,0.25370000000000004,3.0,0.0,6.0,0.0,112.0
1.0,11.0,23.0,2.0,0.54000000000000004,0.51519999999999999,0.77000000000000002,0.22390000000000002,3.0,0.0,6.0,0.0,63.0
1.0,11.0,0.0,2.0,0.52000000000000002,0.5,0.82999999999999996,0.28360000000000002,3.0,0.0,7.0,0.0,23.0
1.0,11.0,1.0,3.0,0.44,0.43939999999999996,0.88,0.64179999999999993,3.0,0.0,7.0,0.0,5.0
1.0,11.0,2.0,3.0,0.35999999999999999,0.31819999999999998,0.87,0.44780000000000003,3.0,0.0,7.0,0.0,11.0
1.0,11.0,3.0,3.0,0.35999999999999999,0.33329999999999999,0.87,0.35820000000000002,3.0,0.0,7.0,0.0,5.0
1.0,11.0,4.0,2.0,0.35999999999999999,0.33329999999999999,0.81000000000000005,0.3881,3.0,0.0,7.0,0.0,9.0
1.0,11.0,5.0,2.0,0.33999999999999997,0.31819999999999998,0.87,0.28360000000000002,3.0,0.0,7.0,0.0,18.0
1.0,11.0,6.0,3.0,0.32000000000000001,0.28789999999999999,0.81000000000000005,0.4627,3.0,0.0,7.0,0.0,50.0
1.0,11.0,7.0,3.0,0.32000000000000001,0.30299999999999999,0.87,0.25370000000000004,3.0,0.0,7.0,0.0,107.0
1.0,11.0,8.0,3.0,0.32000000000000001,0.30299999999999999,0.87,0.25370000000000004,3.0,0.0,7.0,0.0,211.0
1.0,11.0,9.0,3.0,0.32000000000000001,0.30299999999999999,0.81000000000000005,0.32840000000000003,3.0,0.0,7.0,0.0,110.0
1.0,11.0,10.0,3.0,0.30000000000000004,0.2727,0.75,0.3881,3.0,0.0,7.0,0.0,94.0
1.0,11.0,11.0,1.0,0.32000000000000001,0.30299999999999999,0.69999999999999996,0.25370000000000004,3.0,0.0,7.0,0.0,155.0
1.0,11.0,12.0,1.0,0.33999999999999997,0.31819999999999998,0.60999999999999999,0.28360000000000002,3.0,0.0,7.0,0.0,196.0
1.0,11.0,13.0,1.0,0.33999999999999997,0.31819999999999998,0.53000000000000003,0.25370000000000004,3.0,0.0,7.0,0.0,218.0
1.0,11.0,14.0,1.0,0.38,0.39390000000000003,0.46000000000000002,0.3881,3.0,0.0,7.0,0.0,203.0
1.0,11.0,15.0,1.0,0.39999999999999997,0.40909999999999996,0.40000000000000002,0.29850000000000004,3.0,0.0,7.0,0.0,217.0
1.0,11.0,16.0,1.0,0.38,0.39390000000000003,0.40000000000000002,0.29850000000000004,3.0,0.0,7.0,0.0,310.0
1.0,11.0,17.0,1.0,0.33999999999999997,0.30299999999999999,0.48999999999999999,0.35820000000000002,3.0,0.0,7.0,0.0,608.0
1.0,11.0,18.0,1.0,0.33999999999999997,0.31819999999999998,0.48999999999999999,0.28360000000000002,3.0,0.0,7.0,0.0,559.0
1.0,11.0,19.0,1.0,0.32000000000000001,0.28789999999999999,0.48999999999999999,0.35820000000000002,3.0,0.0,7.0,0.0,356.0
1.0,11.0,20.0,1.0,0.30000000000000004,0.2727,0.48999999999999999,0.35820000000000002,3.0,0.0,7.0,0.0,223.0
1.0,11.0,21.0,1.0,0.30000000000000004,0.2727,0.48999999999999999,0.35820000000000002,3.0,0.0,7.0,0.0,187.0
1.0,11.0,22.0,1.0,0.26000000000000001,0.2273,0.56000000000000005,0.32840000000000003,3.0,0.0,7.0,0.0,135.0
1.0,11.0,23.0,1.0,0.26000000000000001,0.2273,0.56000000000000005,0.29850000000000004,3.0,0.0,7.0,0.0,84.0
1.0,11.0,0.0,1.0,0.26000000000000001,0.24239999999999998,0.56000000000000005,0.28360000000000002,3.0,0.0,1.0,1.0,24.0
1.0,11.0,1.0,1.0,0.23999999999999999,0.21210000000000001,0.59999999999999998,0.29850000000000004,3.0,0.0,1.0,1.0,12.0
1.0,11.0,2.0,1.0,0.23999999999999999,0.21210000000000001,0.59999999999999998,0.29850000000000004,3.0,0.0,1.0,1.0,1.0
1.0,11.0,3.0,1.0,0.23999999999999999,0.2273,0.65000000000000002,0.22390000000000002,3.0,0.0,1.0,1.0,5.0
1.0,11.0,4.0,1.0,0.22,0.2273,0.68999999999999995,0.19399999999999998,3.0,0.0,1.0,1.0,6.0
1.0,11.0,5.0,1.0,0.22,0.2273,0.68999999999999995,0.19399999999999998,3.0,0.0,1.0,1.0,39.0
1.0,11.0,6.0,1.0,0.23999999999999999,0.2273,0.65000000000000002,0.19399999999999998,3.0,0.0,1.0,1.0,146.0
1.0,11.0,7.0,1.0,0.23999999999999999,0.21210000000000001,0.65000000000000002,0.28360000000000002,3.0,0.0,1.0,1.0,415.0
1.0,11.0,8.0,1.0,0.28000000000000003,0.2576,0.56000000000000005,0.29850000000000004,3.0,0.0,1.0,1.0,691.0
1.0,11.0,9.0,1.0,0.30000000000000004,0.2727,0.52000000000000002,0.3881,3.0,0.0,1.0,1.0,332.0
1.0,11.0,10.0,1.0,0.32000000000000001,0.28789999999999999,0.45000000000000001,0.35820000000000002,3.0,0.0,1.0,1.0,171.0
1.0,11.0,11.0,1.0,0.32000000000000001,0.30299999999999999,0.48999999999999999,0.25370000000000004,3.0,0.0,1.0,1.0,151.0
1.0,11.0,12.0,1.0,0.33999999999999997,0.33329999999999999,0.46000000000000002,0.0,3.0,0.0,1.0,1.0,240.0
1.0,11.0,13.0,1.0,0.35999999999999999,0.33329999999999999,0.42999999999999999,0.25370000000000004,3.0,0.0,1.0,1.0,214.0
1.0,11.0,14.0,1.0,0.35999999999999999,0.34850000000000003,0.42999999999999999,0.1343,3.0,0.0,1.0,1.0,181.0
1.0,11.0,15.0,1.0,0.35999999999999999,0.33329999999999999,0.42999999999999999,0.28360000000000002,3.0,0.0,1.0,1.0,260.0
1.0,11.0,16.0,1.0,0.33999999999999997,0.34850000000000003,0.46000000000000002,0.1045,3.0,0.0,1.0,1.0,321.0
1.0,11.0,17.0,1.0,0.32000000000000001,0.31819999999999998,0.48999999999999999,0.19399999999999998,3.0,0.0,1.0,1.0,583.0
1.0,11.0,18.0,1.0,0.32000000000000001,0.31819999999999998,0.53000000000000003,0.16420000000000001,3.0,0.0,1.0,1.0,567.0
1.0,11.0,19.0,1.0,0.30000000000000004,0.30299999999999999,0.52000000000000002,0.16420000000000001,3.0,0.0,1.0,1.0,396.0
1.0,11.0,20.0,1.0,0.30000000000000004,0.31819999999999998,0.52000000000000002,0.089599999999999999,3.0,0.0,1.0,1.0,267.0
1.0,11.0,21.0,1.0,0.30000000000000004,0.33329999999999999,0.56000000000000005,0.0,3.0,0.0,1.0,1.0,213.0
1.0,11.0,22.0,1.0,0.28000000000000003,0.31819999999999998,0.60999999999999999,0.0,3.0,0.0,1.0,1.0,173.0
1.0,11.0,23.0,1.0,0.23999999999999999,0.24239999999999998,0.69999999999999996,0.1343,3.0,0.0,1.0,1.0,87.0
1.0,11.0,0.0,2.0,0.26000000000000001,0.30299999999999999,0.65000000000000002,0.0,3.0,0.0,2.0,1.0,34.0
1.0,11.0,1.0,2.0,0.26000000000000001,0.2727,0.65000000000000002,0.1045,3.0,0.0,2.0,1.0,16.0
1.0,11.0,2.0,2.0,0.26000000000000001,0.2576,0.69999999999999996,0.16420000000000001,3.0,0.0,2.0,1.0,7.0
1.0,11.0,3.0,2.0,0.26000000000000001,0.28789999999999999,0.69999999999999996,0.089599999999999999,3.0,0.0,2.0,1.0,2.0
1.0,11.0,4.0,2.0,0.28000000000000003,0.28789999999999999,0.65000000000000002,0.1343,3.0,0.0,2.0,1.0,5.0
1.0,11.0,5.0,2.0,0.30000000000000004,0.28789999999999999,0.60999999999999999,0.22390000000000002,3.0,0.0,2.0,1.0,37.0
1.0,11.0,6.0,2.0,0.30000000000000004,0.28789999999999999,0.65000000000000002,0.25370000000000004,3.0,0.0,2.0,1.0,147.0
1.0,11.0,7.0,2.0,0.30000000000000004,0.28789999999999999,0.65000000000000002,0.19399999999999998,3.0,0.0,2.0,1.0,410.0
1.0,11.0,8.0,2.0,0.30000000000000004,0.28789999999999999,0.60999999999999999,0.22390000000000002,3.0,0.0,2.0,1.0,646.0
1.0,11.0,9.0,2.0,0.32000000000000001,0.31819999999999998,0.60999999999999999,0.19399999999999998,3.0,0.0,2.0,1.0,323.0
1.0,11.0,10.0,2.0,0.32000000000000001,0.33329999999999999,0.66000000000000003,0.1343,3.0,0.0,2.0,1.0,153.0
1.0,11.0,11.0,2.0,0.33999999999999997,0.33329999999999999,0.60999999999999999,0.1343,3.0,0.0,2.0,1.0,166.0
1.0,11.0,12.0,2.0,0.35999999999999999,0.36359999999999998,0.62,0.1045,3.0,0.0,2.0,1.0,213.0
1.0,11.0,13.0,2.0,0.38,0.39390000000000003,0.54000000000000004,0.1045,3.0,0.0,2.0,1.0,217.0
1.0,11.0,14.0,2.0,0.38,0.39390000000000003,0.54000000000000004,0.16420000000000001,3.0,0.0,2.0,1.0,201.0
1.0,11.0,15.0,2.0,0.38,0.39390000000000003,0.57999999999999996,0.16420000000000001,3.0,0.0,2.0,1.0,217.0
1.0,11.0,16.0,2.0,0.35999999999999999,0.34850000000000003,0.56999999999999995,0.19399999999999998,3.0,0.0,2.0,1.0,342.0
1.0,11.0,17.0,2.0,0.35999999999999999,0.34850000000000003,0.56999999999999995,0.22390000000000002,3.0,0.0,2.0,1.0,563.0
1.0,11.0,18.0,2.0,0.35999999999999999,0.34850000000000003,0.56999999999999995,0.19399999999999998,3.0,0.0,2.0,1.0,573.0
1.0,11.0,19.0,2.0,0.33999999999999997,0.33329999999999999,0.60999999999999999,0.1343,3.0,0.0,2.0,1.0,386.0
1.0,11.0,20.0,1.0,0.33999999999999997,0.34850000000000003,0.60999999999999999,0.1045,3.0,0.0,2.0,1.0,285.0
1.0,11.0,21.0,2.0,0.32000000000000001,0.33329999999999999,0.66000000000000003,0.1045,3.0,0.0,2.0,1.0,224.0
1.0,11.0,22.0,2.0,0.32000000000000001,0.31819999999999998,0.66000000000000003,0.16420000000000001,3.0,0.0,2.0,1.0,153.0
1.0,11.0,23.0,2.0,0.32000000000000001,0.31819999999999998,0.60999999999999999,0.16420000000000001,3.0,0.0,2.0,1.0,125.0
1.0,11.0,0.0,2.0,0.32000000000000001,0.33329999999999999,0.66000000000000003,0.1045,3.0,0.0,3.0,1.0,65.0
1.0,11.0,1.0,2.0,0.30000000000000004,0.31819999999999998,0.65000000000000002,0.089599999999999999,3.0,0.0,3.0,1.0,21.0
1.0,11.0,2.0,2.0,0.30000000000000004,0.30299999999999999,0.69999999999999996,0.16420000000000001,3.0,0.0,3.0,1.0,9.0
1.0,11.0,3.0,2.0,0.30000000000000004,0.30299999999999999,0.65000000000000002,0.1343,3.0,0.0,3.0,1.0,6.0
1.0,11.0,4.0,2.0,0.30000000000000004,0.31819999999999998,0.65000000000000002,0.1045,3.0,0.0,3.0,1.0,5.0
1.0,11.0,5.0,2.0,0.30000000000000004,0.31819999999999998,0.65000000000000002,0.089599999999999999,3.0,0.0,3.0,1.0,36.0
1.0,11.0,6.0,2.0,0.30000000000000004,0.31819999999999998,0.60999999999999999,0.089599999999999999,3.0,0.0,3.0,1.0,130.0
1.0,11.0,7.0,2.0,0.30000000000000004,0.30299999999999999,0.60999999999999999,0.16420000000000001,3.0,0.0,3.0,1.0,367.0
1.0,11.0,8.0,2.0,0.32000000000000001,0.33329999999999999,0.56999999999999995,0.1343,3.0,0.0,3.0,1.0,711.0
1.0,11.0,9.0,1.0,0.33999999999999997,0.34850000000000003,0.53000000000000003,0.1045,3.0,0.0,3.0,1.0,351.0
1.0,11.0,10.0,1.0,0.33999999999999997,0.33329999999999999,0.53000000000000003,0.19399999999999998,3.0,0.0,3.0,1.0,198.0
1.0,11.0,11.0,1.0,0.38,0.39390000000000003,0.42999999999999999,0.22390000000000002,3.0,0.0,3.0,1.0,218.0
1.0,11.0,12.0,1.0,0.39999999999999997,0.40909999999999996,0.42999999999999999,0.28360000000000002,3.0,0.0,3.0,1.0,290.0
1.0,11.0,13.0,1.0,0.41999999999999998,0.42420000000000002,0.38,0.19399999999999998,3.0,0.0,3.0,1.0,278.0
1.0,11.0,14.0,1.0,0.41999999999999998,0.42420000000000002,0.34999999999999998,0.1045,3.0,0.0,3.0,1.0,251.0
1.0,11.0,15.0,1.0,0.41999999999999998,0.42420000000000002,0.38,0.1343,3.0,0.0,3.0,1.0,267.0
1.0,11.0,16.0,1.0,0.41999999999999998,0.42420000000000002,0.34999999999999998,0.28360000000000002,3.0,0.0,3.0,1.0,383.0
1.0,11.0,17.0,1.0,0.35999999999999999,0.34850000000000003,0.46000000000000002,0.19399999999999998,3.0,0.0,3.0,1.0,580.0
1.0,11.0,18.0,1.0,0.33999999999999997,0.33329999999999999,0.53000000000000003,0.16420000000000001,3.0,0.0,3.0,1.0,505.0
1.0,11.0,19.0,1.0,0.35999999999999999,0.34850000000000003,0.46000000000000002,0.22390000000000002,3.0,0.0,3.0,1.0,332.0
1.0,11.0,20.0,1.0,0.35999999999999999,0.33329999999999999,0.46000000000000002,0.25370000000000004,3.0,0.0,3.0,1.0,227.0
1.0,11.0,21.0,1.0,0.33999999999999997,0.33329999999999999,0.48999999999999999,0.19399999999999998,3.0,0.0,3.0,1.0,178.0
1.0,11.0,22.0,1.0,0.32000000000000001,0.30299999999999999,0.53000000000000003,0.25370000000000004,3.0,0.0,3.0,1.0,162.0
1.0,11.0,23.0,1.0,0.32000000000000001,0.30299999999999999,0.53000000000000003,0.22390000000000002,3.0,0.0,3.0,1.0,128.0
1.0,11.0,0.0,1.0,0.30000000000000004,0.30299999999999999,0.52000000000000002,0.16420000000000001,3.0,0.0,4.0,1.0,106.0
1.0,11.0,1.0,1.0,0.26000000000000001,0.2576,0.59999999999999998,0.19399999999999998,3.0,0.0,4.0,1.0,87.0
1.0,11.0,2.0,1.0,0.26000000000000001,0.2576,0.65000000000000002,0.19399999999999998,3.0,0.0,4.0,1.0,49.0
1.0,11.0,3.0,1.0,0.26000000000000001,0.2576,0.65000000000000002,0.19399999999999998,3.0,0.0,4.0,1.0,21.0
1.0,11.0,4.0,1.0,0.23999999999999999,0.2273,0.69999999999999996,0.19399999999999998,3.0,0.0,4.0,1.0,7.0
1.0,11.0,5.0,1.0,0.23999999999999999,0.24239999999999998,0.69999999999999996,0.16420000000000001,3.0,0.0,4.0,1.0,11.0
1.0,11.0,6.0,1.0,0.23999999999999999,0.2273,0.69999999999999996,0.22390000000000002,3.0,0.0,4.0,1.0,21.0
1.0,11.0,7.0,1.0,0.23999999999999999,0.2273,0.69999999999999996,0.19399999999999998,3.0,0.0,4.0,1.0,78.0
1.0,11.0,8.0,1.0,0.26000000000000001,0.2576,0.65000000000000002,0.22390000000000002,3.0,0.0,4.0,1.0,168.0
1.0,11.0,9.0,1.0,0.33999999999999997,0.31819999999999998,0.48999999999999999,0.22390000000000002,3.0,0.0,4.0,1.0,248.0
1.0,11.0,10.0,1.0,0.35999999999999999,0.33329999999999999,0.46000000000000002,0.25370000000000004,3.0,0.0,4.0,1.0,320.0
1.0,11.0,11.0,1.0,0.38,0.39390000000000003,0.42999999999999999,0.19399999999999998,3.0,0.0,4.0,1.0,423.0
1.0,11.0,12.0,1.0,0.39999999999999997,0.40909999999999996,0.40000000000000002,0.16420000000000001,3.0,0.0,4.0,1.0,476.0
1.0,11.0,13.0,1.0,0.41999999999999998,0.42420000000000002,0.38,0.25370000000000004,3.0,0.0,4.0,1.0,525.0
1.0,11.0,14.0,1.0,0.41999999999999998,0.42420000000000002,0.38,0.19399999999999998,3.0,0.0,4.0,1.0,555.0
1.0,11.0,15.0,1.0,0.41999999999999998,0.42420000000000002,0.34999999999999998,0.29850000000000004,3.0,0.0,4.0,1.0,549.0
1.0,11.0,16.0,1.0,0.39999999999999997,0.40909999999999996,0.40000000000000002,0.22390000000000002,3.0,0.0,4.0,1.0,469.0
1.0,11.0,17.0,1.0,0.38,0.39390000000000003,0.40000000000000002,0.16420000000000001,3.0,0.0,4.0,1.0,403.0
1.0,11.0,18.0,1.0,0.35999999999999999,0.36359999999999998,0.5,0.1045,3.0,0.0,4.0,1.0,271.0
1.0,11.0,19.0,1.0,0.33999999999999997,0.34850000000000003,0.53000000000000003,0.089599999999999999,3.0,0.0,4.0,1.0,253.0
1.0,11.0,20.0,2.0,0.33999999999999997,0.34850000000000003,0.66000000000000003,0.089599999999999999,3.0,0.0,4.0,1.0,172.0
1.0,11.0,21.0,2.0,0.32000000000000001,0.33329999999999999,0.56999999999999995,0.1045,3.0,0.0,4.0,1.0,139.0
1.0,11.0,22.0,2.0,0.32000000000000001,0.33329999999999999,0.56999999999999995,0.1045,3.0,0.0,4.0,1.0,145.0
1.0,11.0,23.0,2.0,0.30000000000000004,0.31819999999999998,0.69999999999999996,0.1045,3.0,0.0,4.0,1.0,133.0
1.0,11.0,0.0,2.0,0.30000000000000004,0.30299999999999999,0.69999999999999996,0.16420000000000001,3.0,0.0,5.0,1.0,129.0
1.0,11.0,1.0,1.0,0.30000000000000004,0.28789999999999999,0.69999999999999996,0.19399999999999998,3.0,0.0,5.0,1.0,95.0
1.0,11.0,2.0,1.0,0.28000000000000003,0.28789999999999999,0.81000000000000005,0.1045,3.0,0.0,5.0,1.0,73.0
1.0,11.0,3.0,2.0,0.30000000000000004,0.30299999999999999,0.81000000000000005,0.16420000000000001,3.0,0.0,5.0,1.0,46.0
1.0,11.0,4.0,2.0,0.30000000000000004,0.28789999999999999,0.81000000000000005,0.19399999999999998,3.0,0.0,5.0,1.0,12.0
1.0,11.0,5.0,1.0,0.28000000000000003,0.28789999999999999,0.81000000000000005,0.1343,3.0,0.0,5.0,1.0,12.0
1.0,11.0,6.0,1.0,0.28000000000000003,0.2727,0.81000000000000005,0.16420000000000001,3.0,0.0,5.0,1.0,15.0
1.0,11.0,7.0,1.0,0.28000000000000003,0.2727,0.81000000000000005,0.19399999999999998,3.0,0.0,5.0,1.0,42.0
1.0,11.0,8.0,1.0,0.30000000000000004,0.28789999999999999,0.75,0.25370000000000004,3.0,0.0,5.0,1.0,119.0
1.0,11.0,9.0,1.0,0.32000000000000001,0.30299999999999999,0.69999999999999996,0.25370000000000004,3.0,0.0,5.0,1.0,204.0
1.0,11.0,10.0,1.0,0.33999999999999997,0.30299999999999999,0.66000000000000003,0.29850000000000004,3.0,0.0,5.0,1.0,329.0
1.0,11.0,11.0,1.0,0.38,0.39390000000000003,0.62,0.28360000000000002,3.0,0.0,5.0,1.0,359.0
1.0,11.0,12.0,1.0,0.39999999999999997,0.40909999999999996,0.62,0.28360000000000002,3.0,0.0,5.0,1.0,442.0
1.0,11.0,13.0,1.0,0.39999999999999997,0.40909999999999996,0.62,0.32840000000000003,3.0,0.0,5.0,1.0,447.0
1.0,11.0,14.0,1.0,0.39999999999999997,0.40909999999999996,0.62,0.29850000000000004,3.0,0.0,5.0,1.0,428.0
1.0,11.0,15.0,1.0,0.41999999999999998,0.42420000000000002,0.54000000000000004,0.28360000000000002,3.0,0.0,5.0,1.0,407.0
1.0,11.0,16.0,2.0,0.39999999999999997,0.40909999999999996,0.62,0.32840000000000003,3.0,0.0,5.0,1.0,372.0
1.0,11.0,17.0,2.0,0.38,0.39390000000000003,0.66000000000000003,0.25370000000000004,3.0,0.0,5.0,1.0,280.0
1.0,11.0,18.0,1.0,0.35999999999999999,0.34850000000000003,0.66000000000000003,0.22390000000000002,3.0,0.0,5.0,1.0,276.0
1.0,11.0,19.0,1.0,0.35999999999999999,0.34850000000000003,0.66000000000000003,0.16420000000000001,3.0,0.0,5.0,1.0,210.0
1.0,11.0,20.0,1.0,0.35999999999999999,0.34850000000000003,0.66000000000000003,0.16420000000000001,3.0,0.0,5.0,1.0,129.0
1.0,11.0,21.0,1.0,0.35999999999999999,0.33329999999999999,0.66000000000000003,0.25370000000000004,3.0,0.0,5.0,1.0,110.0
1.0,11.0,22.0,2.0,0.35999999999999999,0.33329999999999999,0.66000000000000003,0.25370000000000004,3.0,0.0,5.0,1.0,74.0
1.0,11.0,23.0,1.0,0.35999999999999999,0.34850000000000003,0.66000000000000003,0.22390000000000002,3.0,0.0,5.0,1.0,59.0
1.0,11.0,0.0,1.0,0.35999999999999999,0.34850000000000003,0.66000000000000003,0.22390000000000002,3.0,0.0,6.0,0.0,27.0
1.0,11.0,1.0,2.0,0.35999999999999999,0.34850000000000003,0.66000000000000003,0.22390000000000002,3.0,0.0,6.0,0.0,19.0
1.0,11.0,2.0,2.0,0.35999999999999999,0.33329999999999999,0.66000000000000003,0.25370000000000004,3.0,0.0,6.0,0.0,5.0
1.0,11.0,3.0,2.0,0.35999999999999999,0.34850000000000003,0.66000000000000003,0.22390000000000002,3.0,0.0,6.0,0.0,2.0
1.0,11.0,4.0,2.0,0.35999999999999999,0.34850000000000003,0.66000000000000003,0.22390000000000002,3.0,0.0,6.0,0.0,12.0
1.0,11.0,5.0,2.0,0.35999999999999999,0.34850000000000003,0.66000000000000003,0.22390000000000002,3.0,0.0,6.0,0.0,39.0
1.0,11.0,6.0,2.0,0.35999999999999999,0.33329999999999999,0.66000000000000003,0.25370000000000004,3.0,0.0,6.0,0.0,131.0
1.0,11.0,7.0,2.0,0.35999999999999999,0.33329999999999999,0.66000000000000003,0.29850000000000004,3.0,0.0,6.0,0.0,386.0
1.0,11.0,8.0,2.0,0.35999999999999999,0.33329999999999999,0.66000000000000003,0.29850000000000004,3.0,0.0,6.0,0.0,663.0
1.0,11.0,9.0,2.0,0.35999999999999999,0.33329999999999999,0.66000000000000003,0.25370000000000004,3.0,0.0,6.0,0.0,278.0
1.0,11.0,10.0,2.0,0.35999999999999999,0.33329999999999999,0.66000000000000003,0.25370000000000004,3.0,0.0,6.0,0.0,139.0
1.0,11.0,11.0,2.0,0.38,0.39390000000000003,0.66000000000000003,0.25370000000000004,3.0,0.0,6.0,0.0,197.0
1.0,11.0,12.0,2.0,0.39999999999999997,0.40909999999999996,0.62,0.28360000000000002,3.0,0.0,6.0,0.0,242.0
1.0,11.0,13.0,1.0,0.44,0.43939999999999996,0.54000000000000004,0.25370000000000004,3.0,0.0,6.0,0.0,251.0
1.0,11.0,14.0,1.0,0.44,0.43939999999999996,0.54000000000000004,0.25370000000000004,3.0,0.0,6.0,0.0,217.0
1.0,11.0,15.0,1.0,0.44,0.43939999999999996,0.54000000000000004,0.19399999999999998,3.0,0.0,6.0,0.0,257.0
1.0,11.0,16.0,1.0,0.41999999999999998,0.42420000000000002,0.57999999999999996,0.25370000000000004,3.0,0.0,6.0,0.0,380.0
1.0,11.0,17.0,2.0,0.41999999999999998,0.42420000000000002,0.57999999999999996,0.19399999999999998,3.0,0.0,6.0,0.0,619.0
1.0,11.0,18.0,2.0,0.39999999999999997,0.40909999999999996,0.57999999999999996,0.25370000000000004,3.0,0.0,6.0,0.0,580.0
1.0,11.0,19.0,2.0,0.39999999999999997,0.40909999999999996,0.57999999999999996,0.28360000000000002,3.0,0.0,6.0,0.0,406.0
1.0,11.0,20.0,2.0,0.38,0.39390000000000003,0.62,0.25370000000000004,3.0,0.0,6.0,0.0,259.0
1.0,11.0,21.0,2.0,0.38,0.39390000000000003,0.54000000000000004,0.22390000000000002,3.0,0.0,6.0,0.0,203.0
1.0,11.0,22.0,1.0,0.33999999999999997,0.34850000000000003,0.66000000000000003,0.1045,3.0,0.0,6.0,0.0,113.0
1.0,11.0,23.0,1.0,0.33999999999999997,0.34850000000000003,0.66000000000000003,0.1045,3.0,0.0,6.0,0.0,74.0
1.0,11.0,0.0,1.0,0.32000000000000001,0.33329999999999999,0.69999999999999996,0.1343,3.0,0.0,7.0,0.0,29.0
1.0,11.0,1.0,1.0,0.33999999999999997,0.34850000000000003,0.66000000000000003,0.1045,3.0,0.0,7.0,0.0,13.0
1.0,11.0,2.0,2.0,0.32000000000000001,0.33329999999999999,0.76000000000000001,0.089599999999999999,3.0,0.0,7.0,0.0,5.0
1.0,11.0,3.0,2.0,0.33999999999999997,0.34850000000000003,0.70999999999999996,0.1045,3.0,0.0,7.0,0.0,2.0
1.0,11.0,4.0,2.0,0.33999999999999997,0.33329999999999999,0.66000000000000003,0.19399999999999998,3.0,0.0,7.0,0.0,6.0
1.0,11.0,5.0,2.0,0.33999999999999997,0.33329999999999999,0.66000000000000003,0.1343,3.0,0.0,7.0,0.0,34.0
1.0,11.0,6.0,2.0,0.33999999999999997,0.33329999999999999,0.70999999999999996,0.16420000000000001,3.0,0.0,7.0,0.0,148.0
1.0,11.0,7.0,1.0,0.32000000000000001,0.33329999999999999,0.76000000000000001,0.089599999999999999,3.0,0.0,7.0,0.0,418.0
1.0,11.0,8.0,1.0,0.33999999999999997,0.33329999999999999,0.70999999999999996,0.1343,3.0,0.0,7.0,0.0,665.0
1.0,11.0,9.0,2.0,0.35999999999999999,0.37880000000000003,0.70999999999999996,0.0,3.0,0.0,7.0,0.0,326.0
1.0,11.0,10.0,2.0,0.39999999999999997,0.40909999999999996,0.66000000000000003,0.089599999999999999,3.0,0.0,7.0,0.0,176.0
1.0,11.0,11.0,2.0,0.41999999999999998,0.42420000000000002,0.67000000000000004,0.089599999999999999,3.0,0.0,7.0,0.0,205.0
1.0,11.0,12.0,2.0,0.41999999999999998,0.42420000000000002,0.67000000000000004,0.0,3.0,0.0,7.0,0.0,313.0
1.0,11.0,13.0,2.0,0.44,0.43939999999999996,0.57999999999999996,0.0,3.0,0.0,7.0,0.0,267.0
1.0,11.0,14.0,2.0,0.44,0.43939999999999996,0.57999999999999996,0.1045,3.0,0.0,7.0,0.0,224.0
1.0,11.0,15.0,2.0,0.45999999999999996,0.45450000000000002,0.55000000000000004,0.1045,3.0,0.0,7.0,0.0,287.0
1.0,11.0,16.0,2.0,0.41999999999999998,0.42420000000000002,0.62,0.089599999999999999,3.0,0.0,7.0,0.0,395.0
1.0,11.0,17.0,2.0,0.39999999999999997,0.40909999999999996,0.70999999999999996,0.16420000000000001,3.0,0.0,7.0,0.0,590.0
1.0,11.0,18.0,2.0,0.39999999999999997,0.40909999999999996,0.66000000000000003,0.089599999999999999,3.0,0.0,7.0,0.0,550.0
1.0,11.0,19.0,2.0,0.39999999999999997,0.40909999999999996,0.70999999999999996,0.0,3.0,0.0,7.0,0.0,384.0
1.0,11.0,20.0,2.0,0.38,0.39390000000000003,0.76000000000000001,0.0,3.0,0.0,7.0,0.0,235.0
1.0,11.0,21.0,1.0,0.35999999999999999,0.37880000000000003,0.70999999999999996,0.0,3.0,0.0,7.0,0.0,157.0
1.0,11.0,22.0,1.0,0.35999999999999999,0.37880000000000003,0.70999999999999996,0.0,3.0,0.0,7.0,0.0,122.0
1.0,11.0,23.0,1.0,0.32000000000000001,0.33329999999999999,0.81000000000000005,0.1045,3.0,0.0,7.0,0.0,83.0
1.0,11.0,0.0,1.0,0.33999999999999997,0.36359999999999998,0.81000000000000005,0.0,3.0,0.0,1.0,1.0,26.0
1.0,11.0,1.0,1.0,0.32000000000000001,0.33329999999999999,0.81000000000000005,0.1045,3.0,0.0,1.0,1.0,14.0
1.0,11.0,2.0,1.0,0.28000000000000003,0.28789999999999999,0.87,0.1045,3.0,0.0,1.0,1.0,8.0
1.0,11.0,3.0,1.0,0.28000000000000003,0.28789999999999999,0.87,0.1045,3.0,0.0,1.0,1.0,2.0
1.0,11.0,4.0,1.0,0.28000000000000003,0.28789999999999999,0.87,0.1045,3.0,0.0,1.0,1.0,10.0
1.0,11.0,5.0,1.0,0.28000000000000003,0.28789999999999999,0.87,0.1045,3.0,0.0,1.0,1.0,29.0
1.0,11.0,6.0,1.0,0.28000000000000003,0.30299999999999999,0.87,0.089599999999999999,3.0,0.0,1.0,1.0,101.0
1.0,11.0,7.0,1.0,0.26000000000000001,0.28789999999999999,0.87,0.089599999999999999,3.0,0.0,1.0,1.0,273.0
1.0,11.0,8.0,2.0,0.28000000000000003,0.30299999999999999,0.81000000000000005,0.089599999999999999,3.0,0.0,1.0,1.0,551.0
1.0,11.0,9.0,1.0,0.32000000000000001,0.33329999999999999,0.76000000000000001,0.089599999999999999,3.0,0.0,1.0,1.0,365.0
1.0,11.0,10.0,1.0,0.35999999999999999,0.37880000000000003,0.62,0.0,3.0,0.0,1.0,1.0,172.0
1.0,11.0,11.0,1.0,0.39999999999999997,0.40909999999999996,0.5,0.19399999999999998,3.0,0.0,1.0,1.0,241.0
1.0,11.0,12.0,1.0,0.44,0.43939999999999996,0.40999999999999998,0.19399999999999998,3.0,0.0,1.0,1.0,344.0
1.0,11.0,13.0,1.0,0.44,0.43939999999999996,0.34999999999999998,0.22390000000000002,3.0,0.0,1.0,1.0,365.0
1.0,11.0,14.0,1.0,0.45999999999999996,0.45450000000000002,0.33000000000000002,0.19399999999999998,3.0,0.0,1.0,1.0,413.0
1.0,11.0,15.0,1.0,0.45999999999999996,0.45450000000000002,0.35999999999999999,0.089599999999999999,3.0,0.0,1.0,1.0,449.0
1.0,11.0,16.0,1.0,0.44,0.43939999999999996,0.33000000000000002,0.1343,3.0,0.0,1.0,1.0,469.0
1.0,11.0,17.0,1.0,0.39999999999999997,0.40909999999999996,0.40000000000000002,0.16420000000000001,3.0,0.0,1.0,1.0,374.0
1.0,11.0,18.0,1.0,0.41999999999999998,0.42420000000000002,0.38,0.1045,3.0,0.0,1.0,1.0,311.0
1.0,11.0,19.0,1.0,0.38,0.39390000000000003,0.42999999999999999,0.19399999999999998,3.0,0.0,1.0,1.0,243.0
1.0,11.0,20.0,1.0,0.33999999999999997,0.34850000000000003,0.60999999999999999,0.1045,3.0,0.0,1.0,1.0,136.0
1.0,11.0,21.0,1.0,0.35999999999999999,0.37880000000000003,0.5,0.0,3.0,0.0,1.0,1.0,105.0
1.0,11.0,22.0,1.0,0.33999999999999997,0.36359999999999998,0.48999999999999999,0.0,3.0,0.0,1.0,1.0,88.0
1.0,11.0,23.0,1.0,0.32000000000000001,0.34850000000000003,0.60999999999999999,0.0,3.0,0.0,1.0,1.0,57.0
1.0,11.0,0.0,1.0,0.32000000000000001,0.33329999999999999,0.66000000000000003,0.089599999999999999,3.0,0.0,2.0,1.0,46.0
1.0,11.0,1.0,1.0,0.28000000000000003,0.30299999999999999,0.65000000000000002,0.089599999999999999,3.0,0.0,2.0,1.0,42.0
1.0,11.0,2.0,1.0,0.23999999999999999,0.2576,0.75,0.089599999999999999,3.0,0.0,2.0,1.0,18.0
1.0,11.0,3.0,1.0,0.23999999999999999,0.2576,0.75,0.1045,3.0,0.0,2.0,1.0,6.0
1.0,11.0,4.0,1.0,0.22,0.2273,0.80000000000000004,0.1343,3.0,0.0,2.0,1.0,3.0
1.0,11.0,5.0,1.0,0.23999999999999999,0.2576,0.75,0.1045,3.0,0.0,2.0,1.0,8.0
1.0,11.0,6.0,1.0,0.26000000000000001,0.2727,0.69999999999999996,0.1045,3.0,0.0,2.0,1.0,17.0
1.0,11.0,7.0,1.0,0.22,0.2273,0.75,0.1343,3.0,0.0,2.0,1.0,56.0
1.0,11.0,8.0,1.0,0.23999999999999999,0.24239999999999998,0.75,0.1343,3.0,0.0,2.0,1.0,97.0
1.0,11.0,9.0,1.0,0.30000000000000004,0.33329999999999999,0.65000000000000002,0.0,3.0,0.0,2.0,1.0,119.0
1.0,11.0,10.0,1.0,0.35999999999999999,0.36359999999999998,0.56999999999999995,0.1045,3.0,0.0,2.0,1.0,219.0
1.0,11.0,11.0,1.0,0.41999999999999998,0.42420000000000002,0.40999999999999998,0.089599999999999999,3.0,0.0,2.0,1.0,232.0
1.0,11.0,12.0,1.0,0.44,0.43939999999999996,0.34999999999999998,0.0,3.0,0.0,2.0,1.0,262.0
1.0,11.0,13.0,1.0,0.45999999999999996,0.45450000000000002,0.31,0.0,3.0,0.0,2.0,1.0,269.0
1.0,11.0,14.0,1.0,0.47999999999999998,0.46970000000000001,0.28999999999999998,0.0,3.0,0.0,2.0,1.0,220.0
1.0,11.0,15.0,1.0,0.47999999999999998,0.46970000000000001,0.28999999999999998,0.0,3.0,0.0,2.0,1.0,228.0
1.0,11.0,16.0,1.0,0.45999999999999996,0.45450000000000002,0.33000000000000002,0.0,3.0,0.0,2.0,1.0,182.0
1.0,11.0,17.0,1.0,0.44,0.43939999999999996,0.34999999999999998,0.0,3.0,0.0,2.0,1.0,109.0
1.0,11.0,18.0,1.0,0.39999999999999997,0.40909999999999996,0.42999999999999999,0.0,3.0,0.0,2.0,1.0,70.0
1.0,11.0,19.0,1.0,0.35999999999999999,0.37880000000000003,0.76000000000000001,0.0,3.0,0.0,2.0,1.0,44.0
1.0,11.0,20.0,1.0,0.33999999999999997,0.36359999999999998,0.70999999999999996,0.0,3.0,0.0,2.0,1.0,52.0
1.0,11.0,21.0,1.0,0.33999999999999997,0.34850000000000003,0.60999999999999999,0.089599999999999999,3.0,0.0,2.0,1.0,46.0
1.0,11.0,22.0,1.0,0.32000000000000001,0.34850000000000003,0.60999999999999999,0.0,3.0,0.0,2.0,1.0,44.0
1.0,11.0,23.0,1.0,0.30000000000000004,0.33329999999999999,0.69999999999999996,0.0,3.0,0.0,2.0,1.0,36.0
1.0,11.0,0.0,1.0,0.28000000000000003,0.31819999999999998,0.65000000000000002,0.0,3.0,0.0,3.0,1.0,32.0
1.0,11.0,1.0,1.0,0.28000000000000003,0.30299999999999999,0.81000000000000005,0.089599999999999999,3.0,0.0,3.0,1.0,13.0
1.0,11.0,2.0,1.0,0.26000000000000001,0.28789999999999999,0.75,0.089599999999999999,3.0,0.0,3.0,1.0,5.0
1.0,11.0,3.0,1.0,0.26000000000000001,0.30299999999999999,0.69999999999999996,0.0,3.0,0.0,3.0,1.0,1.0
1.0,11.0,4.0,1.0,0.23999999999999999,0.2576,0.75,0.1045,3.0,0.0,3.0,1.0,4.0
1.0,11.0,5.0,1.0,0.23999999999999999,0.28789999999999999,0.81000000000000005,0.0,3.0,0.0,3.0,1.0,10.0
1.0,11.0,6.0,1.0,0.23999999999999999,0.28789999999999999,0.81000000000000005,0.0,3.0,0.0,3.0,1.0,20.0
1.0,11.0,7.0,1.0,0.23999999999999999,0.28789999999999999,0.81000000000000005,0.0,3.0,0.0,3.0,1.0,77.0
1.0,11.0,8.0,1.0,0.23999999999999999,0.2576,0.87,0.089599999999999999,3.0,0.0,3.0,1.0,94.0
1.0,11.0,9.0,1.0,0.28000000000000003,0.28789999999999999,0.75,0.1045,3.0,0.0,3.0,1.0,112.0
1.0,11.0,10.0,1.0,0.33999999999999997,0.33329999999999999,0.60999999999999999,0.16420000000000001,3.0,0.0,3.0,1.0,201.0
1.0,11.0,11.0,1.0,0.39999999999999997,0.40909999999999996,0.5,0.19399999999999998,3.0,0.0,3.0,1.0,251.0
1.0,11.0,12.0,1.0,0.44,0.43939999999999996,0.38,0.25370000000000004,3.0,0.0,3.0,1.0,379.0
1.0,11.0,13.0,1.0,0.45999999999999996,0.45450000000000002,0.38,0.28360000000000002,3.0,0.0,3.0,1.0,424.0
1.0,11.0,14.0,1.0,0.5,0.48479999999999995,0.35999999999999999,0.25370000000000004,3.0,0.0,3.0,1.0,435.0
1.0,11.0,15.0,1.0,0.47999999999999998,0.46970000000000001,0.40999999999999998,0.25370000000000004,3.0,0.0,3.0,1.0,447.0
1.0,11.0,16.0,2.0,0.47999999999999998,0.46970000000000001,0.40999999999999998,0.1045,3.0,0.0,3.0,1.0,357.0
1.0,11.0,17.0,2.0,0.47999999999999998,0.46970000000000001,0.39000000000000001,0.089599999999999999,3.0,0.0,3.0,1.0,300.0
1.0,11.0,18.0,2.0,0.45999999999999996,0.45450000000000002,0.44,0.0,3.0,0.0,3.0,1.0,208.0
1.0,11.0,19.0,2.0,0.45999999999999996,0.45450000000000002,0.46999999999999997,0.16420000000000001,3.0,0.0,3.0,1.0,154.0
1.0,11.0,20.0,1.0,0.45999999999999996,0.45450000000000002,0.40999999999999998,0.089599999999999999,3.0,0.0,3.0,1.0,142.0
1.0,11.0,21.0,1.0,0.45999999999999996,0.45450000000000002,0.46999999999999997,0.25370000000000004,3.0,0.0,3.0,1.0,98.0
1.0,11.0,22.0,1.0,0.44,0.43939999999999996,0.33000000000000002,0.52239999999999998,3.0,0.0,3.0,1.0,79.0
1.0,11.0,23.0,1.0,0.41999999999999998,0.42420000000000002,0.38,0.44780000000000003,3.0,0.0,3.0,1.0,67.0
1.0,11.0,0.0,1.0,0.39999999999999997,0.40909999999999996,0.37,0.41790000000000005,3.0,1.0,4.0,1.0,42.0
1.0,11.0,1.0,1.0,0.33999999999999997,0.28789999999999999,0.41999999999999998,0.49250000000000005,3.0,1.0,4.0,1.0,20.0
1.0,11.0,2.0,1.0,0.32000000000000001,0.2727,0.39000000000000001,0.6119,3.0,1.0,4.0,1.0,32.0
1.0,11.0,3.0,1.0,0.28000000000000003,0.2576,0.40999999999999998,0.35820000000000002,3.0,1.0,4.0,1.0,11.0
1.0,11.0,4.0,1.0,0.26000000000000001,0.21210000000000001,0.40999999999999998,0.44780000000000003,3.0,1.0,4.0,1.0,3.0
1.0,11.0,5.0,1.0,0.26000000000000001,0.2273,0.40999999999999998,0.32840000000000003,3.0,1.0,4.0,1.0,3.0
1.0,11.0,6.0,1.0,0.23999999999999999,0.21210000000000001,0.44,0.28360000000000002,3.0,1.0,4.0,1.0,10.0
1.0,11.0,7.0,2.0,0.26000000000000001,0.2273,0.40999999999999998,0.32840000000000003,3.0,1.0,4.0,1.0,25.0
1.0,11.0,8.0,2.0,0.26000000000000001,0.21210000000000001,0.44,0.4627,3.0,1.0,4.0,1.0,62.0
1.0,11.0,9.0,2.0,0.26000000000000001,0.21210000000000001,0.40999999999999998,0.44780000000000003,3.0,1.0,4.0,1.0,122.0
1.0,11.0,10.0,2.0,0.26000000000000001,0.2273,0.44,0.29850000000000004,3.0,1.0,4.0,1.0,142.0
1.0,11.0,11.0,2.0,0.28000000000000003,0.2576,0.40999999999999998,0.29850000000000004,3.0,1.0,4.0,1.0,186.0
1.0,11.0,12.0,2.0,0.30000000000000004,0.2576,0.35999999999999999,0.6119,3.0,1.0,4.0,1.0,199.0
1.0,11.0,13.0,1.0,0.32000000000000001,0.30299999999999999,0.35999999999999999,0.32840000000000003,3.0,1.0,4.0,1.0,225.0
1.0,11.0,14.0,1.0,0.32000000000000001,0.28789999999999999,0.33000000000000002,0.4627,3.0,1.0,4.0,1.0,207.0
1.0,11.0,15.0,1.0,0.30000000000000004,0.2727,0.35999999999999999,0.4627,3.0,1.0,4.0,1.0,198.0
1.0,11.0,16.0,1.0,0.28000000000000003,0.24239999999999998,0.38,0.44780000000000003,3.0,1.0,4.0,1.0,170.0
1.0,11.0,17.0,1.0,0.26000000000000001,0.2273,0.40999999999999998,0.3881,3.0,1.0,4.0,1.0,126.0
1.0,11.0,18.0,1.0,0.26000000000000001,0.2273,0.38,0.3881,3.0,1.0,4.0,1.0,145.0
1.0,11.0,19.0,1.0,0.26000000000000001,0.24239999999999998,0.40999999999999998,0.25370000000000004,3.0,1.0,4.0,1.0,83.0
1.0,11.0,20.0,1.0,0.23999999999999999,0.21210000000000001,0.44,0.28360000000000002,3.0,1.0,4.0,1.0,58.0
1.0,11.0,21.0,1.0,0.23999999999999999,0.2273,0.44,0.19399999999999998,3.0,1.0,4.0,1.0,75.0
1.0,11.0,22.0,1.0,0.23999999999999999,0.2273,0.44,0.25370000000000004,3.0,1.0,4.0,1.0,76.0
1.0,11.0,23.0,1.0,0.23999999999999999,0.2273,0.44,0.19399999999999998,3.0,1.0,4.0,1.0,57.0
1.0,11.0,0.0,1.0,0.22,0.21210000000000001,0.46999999999999997,0.25370000000000004,3.0,0.0,5.0,1.0,34.0
1.0,11.0,1.0,1.0,0.22,0.2273,0.44,0.19399999999999998,3.0,0.0,5.0,1.0,36.0
1.0,11.0,2.0,1.0,0.22,0.19699999999999998,0.44,0.35820000000000002,3.0,0.0,5.0,1.0,28.0
1.0,11.0,3.0,1.0,0.22,0.2727,0.44,0.0,3.0,0.0,5.0,1.0,8.0
1.0,11.0,4.0,1.0,0.22,0.2727,0.44,0.0,3.0,0.0,5.0,1.0,2.0
1.0,11.0,5.0,2.0,0.22,0.2273,0.46999999999999997,0.16420000000000001,3.0,0.0,5.0,1.0,3.0
1.0,11.0,6.0,2.0,0.22,0.24239999999999998,0.46999999999999997,0.1045,3.0,0.0,5.0,1.0,11.0
1.0,11.0,7.0,2.0,0.22,0.24239999999999998,0.51000000000000001,0.1045,3.0,0.0,5.0,1.0,21.0
1.0,11.0,8.0,2.0,0.22,0.2273,0.51000000000000001,0.19399999999999998,3.0,0.0,5.0,1.0,34.0
1.0,11.0,9.0,2.0,0.23999999999999999,0.2273,0.47999999999999998,0.22390000000000002,3.0,0.0,5.0,1.0,96.0
1.0,11.0,10.0,1.0,0.23999999999999999,0.2273,0.47999999999999998,0.25370000000000004,3.0,0.0,5.0,1.0,139.0
1.0,11.0,11.0,2.0,0.26000000000000001,0.2576,0.40999999999999998,0.22390000000000002,3.0,0.0,5.0,1.0,204.0
1.0,11.0,12.0,2.0,0.26000000000000001,0.2576,0.40999999999999998,0.22390000000000002,3.0,0.0,5.0,1.0,202.0
1.0,11.0,13.0,2.0,0.26000000000000001,0.2576,0.40999999999999998,0.16420000000000001,3.0,0.0,5.0,1.0,195.0
1.0,11.0,14.0,2.0,0.30000000000000004,0.28789999999999999,0.41999999999999998,0.25370000000000004,3.0,0.0,5.0,1.0,203.0
1.0,11.0,15.0,1.0,0.30000000000000004,0.28789999999999999,0.41999999999999998,0.25370000000000004,3.0,0.0,5.0,1.0,245.0
1.0,11.0,16.0,1.0,0.30000000000000004,0.28789999999999999,0.39000000000000001,0.22390000000000002,3.0,0.0,5.0,1.0,228.0
1.0,11.0,17.0,1.0,0.28000000000000003,0.2727,0.40999999999999998,0.16420000000000001,3.0,0.0,5.0,1.0,181.0
1.0,11.0,18.0,1.0,0.26000000000000001,0.2576,0.44,0.16420000000000001,3.0,0.0,5.0,1.0,141.0
1.0,11.0,19.0,1.0,0.26000000000000001,0.30299999999999999,0.40999999999999998,0.0,3.0,0.0,5.0,1.0,127.0
1.0,11.0,20.0,1.0,0.23999999999999999,0.28789999999999999,0.59999999999999998,0.0,3.0,0.0,5.0,1.0,119.0
1.0,11.0,21.0,1.0,0.26000000000000001,0.30299999999999999,0.47999999999999998,0.0,3.0,0.0,5.0,1.0,64.0
1.0,11.0,22.0,1.0,0.23999999999999999,0.28789999999999999,0.59999999999999998,0.0,3.0,0.0,5.0,1.0,62.0
1.0,11.0,23.0,1.0,0.22,0.2576,0.68999999999999995,0.089599999999999999,3.0,0.0,5.0,1.0,41.0
1.0,11.0,0.0,1.0,0.22,0.2727,0.68999999999999995,0.0,3.0,0.0,6.0,0.0,23.0
1.0,11.0,1.0,1.0,0.19999999999999998,0.2576,0.68999999999999995,0.0,3.0,0.0,6.0,0.0,10.0
1.0,11.0,2.0,1.0,0.19999999999999998,0.2576,0.68999999999999995,0.0,3.0,0.0,6.0,0.0,5.0
1.0,11.0,3.0,1.0,0.19999999999999998,0.2576,0.68999999999999995,0.0,3.0,0.0,6.0,0.0,5.0
1.0,11.0,4.0,1.0,0.22,0.2727,0.68999999999999995,0.0,3.0,0.0,6.0,0.0,10.0
1.0,11.0,5.0,1.0,0.22,0.2273,0.68999999999999995,0.16420000000000001,3.0,0.0,6.0,0.0,41.0
1.0,11.0,6.0,1.0,0.22,0.2727,0.68999999999999995,0.0,3.0,0.0,6.0,0.0,124.0
1.0,11.0,7.0,1.0,0.23999999999999999,0.28789999999999999,0.65000000000000002,0.0,3.0,0.0,6.0,0.0,365.0
1.0,11.0,8.0,1.0,0.23999999999999999,0.28789999999999999,0.65000000000000002,0.0,3.0,0.0,6.0,0.0,638.0
1.0,11.0,9.0,1.0,0.28000000000000003,0.30299999999999999,0.56000000000000005,0.089599999999999999,3.0,0.0,6.0,0.0,286.0
1.0,11.0,10.0,1.0,0.32000000000000001,0.34850000000000003,0.48999999999999999,0.0,3.0,0.0,6.0,0.0,147.0
1.0,11.0,11.0,1.0,0.39999999999999997,0.40909999999999996,0.37,0.29850000000000004,3.0,0.0,6.0,0.0,130.0
1.0,11.0,12.0,1.0,0.41999999999999998,0.42420000000000002,0.34999999999999998,0.1045,3.0,0.0,6.0,0.0,210.0
1.0,11.0,13.0,1.0,0.41999999999999998,0.42420000000000002,0.34999999999999998,0.1045,3.0,0.0,6.0,0.0,217.0
1.0,11.0,14.0,1.0,0.41999999999999998,0.42420000000000002,0.34999999999999998,0.0,3.0,0.0,6.0,0.0,228.0
1.0,11.0,15.0,1.0,0.41999999999999998,0.42420000000000002,0.34999999999999998,0.089599999999999999,3.0,0.0,6.0,0.0,230.0
1.0,11.0,16.0,1.0,0.44,0.43939999999999996,0.29999999999999999,0.0,3.0,0.0,6.0,0.0,346.0
1.0,11.0,17.0,1.0,0.41999999999999998,0.42420000000000002,0.32000000000000001,0.0,3.0,0.0,6.0,0.0,553.0
1.0,11.0,18.0,1.0,0.35999999999999999,0.34850000000000003,0.5,0.16420000000000001,3.0,0.0,6.0,0.0,521.0
1.0,11.0,19.0,1.0,0.33999999999999997,0.36359999999999998,0.53000000000000003,0.0,3.0,0.0,6.0,0.0,371.0
1.0,11.0,20.0,1.0,0.33999999999999997,0.36359999999999998,0.48999999999999999,0.0,3.0,0.0,6.0,0.0,277.0
1.0,11.0,21.0,1.0,0.33999999999999997,0.36359999999999998,0.48999999999999999,0.0,3.0,0.0,6.0,0.0,181.0
1.0,11.0,22.0,1.0,0.32000000000000001,0.34850000000000003,0.60999999999999999,0.0,3.0,0.0,6.0,0.0,104.0
1.0,11.0,23.0,2.0,0.32000000000000001,0.33329999999999999,0.66000000000000003,0.1045,3.0,0.0,6.0,0.0,65.0
1.0,11.0,0.0,2.0,0.32000000000000001,0.33329999999999999,0.66000000000000003,0.089599999999999999,3.0,0.0,7.0,0.0,26.0
1.0,11.0,1.0,2.0,0.32000000000000001,0.33329999999999999,0.69999999999999996,0.1343,3.0,0.0,7.0,0.0,6.0
1.0,11.0,2.0,2.0,0.32000000000000001,0.31819999999999998,0.69999999999999996,0.16420000000000001,3.0,0.0,7.0,0.0,5.0
1.0,11.0,3.0,3.0,0.32000000000000001,0.33329999999999999,0.69999999999999996,0.1343,3.0,0.0,7.0,0.0,4.0
1.0,11.0,4.0,3.0,0.30000000000000004,0.28789999999999999,0.81000000000000005,0.19399999999999998,3.0,0.0,7.0,0.0,5.0
1.0,11.0,5.0,2.0,0.30000000000000004,0.28789999999999999,0.81000000000000005,0.22390000000000002,3.0,0.0,7.0,0.0,31.0
1.0,11.0,6.0,2.0,0.30000000000000004,0.30299999999999999,0.81000000000000005,0.16420000000000001,3.0,0.0,7.0,0.0,100.0
1.0,11.0,7.0,3.0,0.30000000000000004,0.30299999999999999,0.81000000000000005,0.1343,3.0,0.0,7.0,0.0,293.0
1.0,11.0,8.0,3.0,0.32000000000000001,0.31819999999999998,0.81000000000000005,0.16420000000000001,3.0,0.0,7.0,0.0,500.0
1.0,11.0,9.0,2.0,0.32000000000000001,0.33329999999999999,0.81000000000000005,0.1343,3.0,0.0,7.0,0.0,268.0
1.0,11.0,10.0,3.0,0.32000000000000001,0.31819999999999998,0.81000000000000005,0.19399999999999998,3.0,0.0,7.0,0.0,57.0
1.0,11.0,11.0,3.0,0.30000000000000004,0.2727,0.87,0.29850000000000004,3.0,0.0,7.0,0.0,65.0
1.0,11.0,12.0,3.0,0.28000000000000003,0.2576,0.87,0.3881,3.0,0.0,7.0,0.0,76.0
1.0,11.0,13.0,3.0,0.28000000000000003,0.2727,0.87,0.25370000000000004,3.0,0.0,7.0,0.0,77.0
1.0,11.0,14.0,3.0,0.28000000000000003,0.2576,0.87,0.35820000000000002,3.0,0.0,7.0,0.0,94.0
1.0,11.0,15.0,2.0,0.30000000000000004,0.2727,0.75,0.29850000000000004,3.0,0.0,7.0,0.0,155.0
1.0,11.0,16.0,2.0,0.30000000000000004,0.2727,0.75,0.29850000000000004,3.0,0.0,7.0,0.0,257.0
1.0,11.0,17.0,2.0,0.30000000000000004,0.2727,0.75,0.3881,3.0,0.0,7.0,0.0,527.0
1.0,11.0,18.0,1.0,0.26000000000000001,0.2273,0.81000000000000005,0.35820000000000002,3.0,0.0,7.0,0.0,482.0
1.0,11.0,19.0,1.0,0.26000000000000001,0.2576,0.72999999999999998,0.29850000000000004,3.0,0.0,7.0,0.0,350.0
1.0,11.0,20.0,1.0,0.26000000000000001,0.2273,0.75,0.32840000000000003,3.0,0.0,7.0,0.0,232.0
1.0,11.0,21.0,1.0,0.23999999999999999,0.21210000000000001,0.81000000000000005,0.28360000000000002,3.0,0.0,7.0,0.0,185.0
1.0,11.0,22.0,1.0,0.23999999999999999,0.24239999999999998,0.81000000000000005,0.16420000000000001,3.0,0.0,7.0,0.0,97.0
1.0,11.0,23.0,2.0,0.26000000000000001,0.24239999999999998,0.81000000000000005,0.25370000000000004,3.0,0.0,7.0,0.0,67.0
1.0,11.0,0.0,2.0,0.26000000000000001,0.24239999999999998,0.75,0.25370000000000004,3.0,0.0,1.0,1.0,23.0
1.0,11.0,1.0,2.0,0.26000000000000001,0.2576,0.75,0.22390000000000002,3.0,0.0,1.0,1.0,12.0
1.0,11.0,2.0,2.0,0.26000000000000001,0.2576,0.75,0.22390000000000002,3.0,0.0,1.0,1.0,1.0
1.0,11.0,3.0,2.0,0.26000000000000001,0.2576,0.69999999999999996,0.22390000000000002,3.0,0.0,1.0,1.0,3.0
1.0,11.0,4.0,2.0,0.26000000000000001,0.2576,0.69999999999999996,0.19399999999999998,3.0,0.0,1.0,1.0,4.0
1.0,11.0,5.0,2.0,0.26000000000000001,0.2727,0.69999999999999996,0.1343,3.0,0.0,1.0,1.0,39.0
1.0,11.0,6.0,2.0,0.26000000000000001,0.2576,0.65000000000000002,0.22390000000000002,3.0,0.0,1.0,1.0,136.0
1.0,11.0,7.0,2.0,0.26000000000000001,0.2576,0.56000000000000005,0.19399999999999998,3.0,0.0,1.0,1.0,409.0
1.0,11.0,8.0,1.0,0.23999999999999999,0.21210000000000001,0.59999999999999998,0.28360000000000002,3.0,0.0,1.0,1.0,692.0
1.0,11.0,9.0,1.0,0.28000000000000003,0.2727,0.52000000000000002,0.19399999999999998,3.0,0.0,1.0,1.0,322.0
1.0,11.0,10.0,1.0,0.30000000000000004,0.31819999999999998,0.48999999999999999,0.1045,3.0,0.0,1.0,1.0,161.0
1.0,11.0,11.0,1.0,0.32000000000000001,0.31819999999999998,0.45000000000000001,0.16420000000000001,3.0,0.0,1.0,1.0,146.0
1.0,11.0,12.0,1.0,0.33999999999999997,0.30299999999999999,0.41999999999999998,0.3881,3.0,0.0,1.0,1.0,208.0
1.0,11.0,13.0,1.0,0.33999999999999997,0.33329999999999999,0.41999999999999998,0.19399999999999998,3.0,0.0,1.0,1.0,214.0
1.0,11.0,14.0,1.0,0.35999999999999999,0.33329999999999999,0.40000000000000002,0.29850000000000004,3.0,0.0,1.0,1.0,176.0
1.0,11.0,15.0,1.0,0.35999999999999999,0.33329999999999999,0.32000000000000001,0.32840000000000003,3.0,0.0,1.0,1.0,179.0
1.0,11.0,16.0,1.0,0.35999999999999999,0.33329999999999999,0.28999999999999998,0.25370000000000004,3.0,0.0,1.0,1.0,325.0
1.0,11.0,17.0,1.0,0.33999999999999997,0.33329999999999999,0.31,0.1343,3.0,0.0,1.0,1.0,563.0
1.0,11.0,18.0,1.0,0.32000000000000001,0.30299999999999999,0.33000000000000002,0.28360000000000002,3.0,0.0,1.0,1.0,542.0
1.0,11.0,19.0,1.0,0.32000000000000001,0.31819999999999998,0.35999999999999999,0.16420000000000001,3.0,0.0,1.0,1.0,387.0
1.0,11.0,20.0,1.0,0.32000000000000001,0.33329999999999999,0.35999999999999999,0.1343,3.0,0.0,1.0,1.0,263.0
1.0,11.0,21.0,1.0,0.30000000000000004,0.30299999999999999,0.39000000000000001,0.16420000000000001,3.0,0.0,1.0,1.0,223.0
1.0,11.0,22.0,1.0,0.28000000000000003,0.2727,0.45000000000000001,0.16420000000000001,3.0,0.0,1.0,1.0,154.0
1.0,11.0,23.0,1.0,0.26000000000000001,0.2727,0.47999999999999998,0.1343,3.0,0.0,1.0,1.0,78.0
1.0,11.0,0.0,1.0,0.23999999999999999,0.2576,0.56000000000000005,0.089599999999999999,3.0,0.0,2.0,1.0,29.0
1.0,11.0,1.0,1.0,0.22,0.2576,0.64000000000000001,0.089599999999999999,3.0,0.0,2.0,1.0,16.0
1.0,11.0,2.0,1.0,0.22,0.2727,0.64000000000000001,0.0,3.0,0.0,2.0,1.0,7.0
1.0,11.0,4.0,1.0,0.19999999999999998,0.2273,0.75,0.089599999999999999,3.0,0.0,2.0,1.0,7.0
1.0,11.0,5.0,1.0,0.19999999999999998,0.2576,0.68999999999999995,0.0,3.0,0.0,2.0,1.0,42.0
1.0,11.0,6.0,1.0,0.22,0.2727,0.68999999999999995,0.0,3.0,0.0,2.0,1.0,121.0
1.0,11.0,7.0,1.0,0.19999999999999998,0.2576,0.64000000000000001,0.0,3.0,0.0,2.0,1.0,362.0
1.0,11.0,8.0,1.0,0.19999999999999998,0.2273,0.68999999999999995,0.1045,3.0,0.0,2.0,1.0,679.0
1.0,11.0,9.0,1.0,0.23999999999999999,0.28789999999999999,0.59999999999999998,0.0,3.0,0.0,2.0,1.0,299.0
1.0,11.0,10.0,1.0,0.28000000000000003,0.30299999999999999,0.65000000000000002,0.089599999999999999,3.0,0.0,2.0,1.0,178.0
1.0,11.0,11.0,1.0,0.35999999999999999,0.34850000000000003,0.37,0.22390000000000002,3.0,0.0,2.0,1.0,163.0
1.0,11.0,12.0,1.0,0.35999999999999999,0.34850000000000003,0.40000000000000002,0.16420000000000001,3.0,0.0,2.0,1.0,236.0
1.0,11.0,13.0,1.0,0.38,0.39390000000000003,0.32000000000000001,0.1343,3.0,0.0,2.0,1.0,224.0
1.0,11.0,14.0,1.0,0.35999999999999999,0.34850000000000003,0.42999999999999999,0.22390000000000002,3.0,0.0,2.0,1.0,187.0
1.0,11.0,15.0,1.0,0.35999999999999999,0.33329999999999999,0.42999999999999999,0.28360000000000002,3.0,0.0,2.0,1.0,220.0
1.0,11.0,16.0,1.0,0.35999999999999999,0.34850000000000003,0.40000000000000002,0.22390000000000002,3.0,0.0,2.0,1.0,370.0
1.0,11.0,17.0,1.0,0.33999999999999997,0.33329999999999999,0.39000000000000001,0.19399999999999998,3.0,0.0,2.0,1.0,561.0
1.0,11.0,18.0,1.0,0.32000000000000001,0.31819999999999998,0.48999999999999999,0.16420000000000001,3.0,0.0,2.0,1.0,537.0
1.0,11.0,19.0,1.0,0.30000000000000004,0.28789999999999999,0.52000000000000002,0.19399999999999998,3.0,0.0,2.0,1.0,344.0
1.0,11.0,20.0,1.0,0.30000000000000004,0.30299999999999999,0.52000000000000002,0.16420000000000001,3.0,0.0,2.0,1.0,252.0
1.0,11.0,21.0,1.0,0.26000000000000001,0.2727,0.65000000000000002,0.1343,3.0,0.0,2.0,1.0,208.0
1.0,11.0,22.0,1.0,0.26000000000000001,0.28789999999999999,0.69999999999999996,0.089599999999999999,3.0,0.0,2.0,1.0,151.0
1.0,11.0,23.0,1.0,0.28000000000000003,0.31819999999999998,0.60999999999999999,0.0,3.0,0.0,2.0,1.0,130.0
1.0,11.0,0.0,1.0,0.26000000000000001,0.2576,0.69999999999999996,0.16420000000000001,3.0,0.0,3.0,1.0,52.0
1.0,11.0,1.0,1.0,0.23999999999999999,0.2576,0.69999999999999996,0.089599999999999999,3.0,0.0,3.0,1.0,19.0
1.0,11.0,2.0,1.0,0.23999999999999999,0.28789999999999999,0.75,0.0,3.0,0.0,3.0,1.0,12.0
1.0,11.0,3.0,1.0,0.23999999999999999,0.28789999999999999,0.75,0.0,3.0,0.0,3.0,1.0,4.0
1.0,11.0,4.0,1.0,0.22,0.2727,0.75,0.0,3.0,0.0,3.0,1.0,3.0
1.0,11.0,5.0,1.0,0.19999999999999998,0.2576,0.80000000000000004,0.0,3.0,0.0,3.0,1.0,40.0
1.0,11.0,6.0,1.0,0.19999999999999998,0.2576,0.85999999999999999,0.0,3.0,0.0,3.0,1.0,106.0
1.0,11.0,7.0,1.0,0.22,0.2727,0.80000000000000004,0.0,3.0,0.0,3.0,1.0,352.0
1.0,11.0,8.0,2.0,0.22,0.2576,0.80000000000000004,0.089599999999999999,3.0,0.0,3.0,1.0,729.0
1.0,11.0,9.0,1.0,0.23999999999999999,0.2576,0.75,0.089599999999999999,3.0,0.0,3.0,1.0,330.0
1.0,11.0,10.0,2.0,0.30000000000000004,0.33329999999999999,0.65000000000000002,0.0,3.0,0.0,3.0,1.0,169.0
1.0,11.0,11.0,2.0,0.33999999999999997,0.34850000000000003,0.53000000000000003,0.089599999999999999,3.0,0.0,3.0,1.0,201.0
1.0,11.0,12.0,2.0,0.38,0.39390000000000003,0.46000000000000002,0.0,3.0,0.0,3.0,1.0,268.0
1.0,11.0,13.0,2.0,0.39999999999999997,0.40909999999999996,0.40000000000000002,0.16420000000000001,3.0,0.0,3.0,1.0,262.0
1.0,11.0,14.0,2.0,0.39999999999999997,0.40909999999999996,0.40000000000000002,0.1045,3.0,0.0,3.0,1.0,251.0
1.0,11.0,15.0,2.0,0.41999999999999998,0.42420000000000002,0.38,0.1045,3.0,0.0,3.0,1.0,296.0
1.0,11.0,16.0,1.0,0.39999999999999997,0.40909999999999996,0.42999999999999999,0.1343,3.0,0.0,3.0,1.0,405.0
1.0,11.0,17.0,1.0,0.35999999999999999,0.34850000000000003,0.5,0.19399999999999998,3.0,0.0,3.0,1.0,582.0
1.0,11.0,18.0,2.0,0.33999999999999997,0.36359999999999998,0.60999999999999999,0.0,3.0,0.0,3.0,1.0,509.0
1.0,11.0,19.0,1.0,0.32000000000000001,0.34850000000000003,0.66000000000000003,0.0,3.0,0.0,3.0,1.0,377.0
1.0,11.0,20.0,1.0,0.32000000000000001,0.34850000000000003,0.66000000000000003,0.0,3.0,0.0,3.0,1.0,245.0
1.0,11.0,21.0,1.0,0.30000000000000004,0.31819999999999998,0.75,0.089599999999999999,3.0,0.0,3.0,1.0,183.0
1.0,11.0,22.0,1.0,0.30000000000000004,0.33329999999999999,0.75,0.0,3.0,0.0,3.0,1.0,163.0
1.0,11.0,23.0,2.0,0.30000000000000004,0.31819999999999998,0.75,0.089599999999999999,3.0,0.0,3.0,1.0,110.0
